        Node       x [um]       y [um]       z [um]       u [um]       v [um]       w [um]
           1        0.500       -4.500        0.000   0.96450321  -0.01437959   0.00000000
           2        0.500        5.500        0.000   0.90328445   0.00404609   0.00000000
           3        0.500       15.500        0.000   0.81221026   0.02411797   0.00000000
           4        0.500       25.500        0.000   0.69655063   0.05528644   0.00000000
           5        0.500       35.500        0.000   0.56610565   0.09742794   0.00000000
           6        0.500       45.500        0.000   0.43154258   0.14313971   0.00000000
           7        0.500       55.500        0.000   0.30536742   0.18655251   0.00000000
           8        0.500       65.500        0.000   0.19843022   0.21645279   0.00000000
           9        0.500       75.500        0.000   0.11253757   0.22183022   0.00000000
          10        0.500       85.500        0.000   0.03697816   0.19453303   0.00000000
          11        0.500       95.500        0.000  -0.03184305   0.13648195   0.00000000
          12        0.500      105.500        0.000  -0.08539068   0.06030684   0.00000000
          13        0.500      115.500        0.000  -0.12230916  -0.01868989   0.00000000
          14        0.500      125.500        0.000  -0.14861976  -0.08244087   0.00000000
          15        0.500      135.500        0.000  -0.16603291  -0.12495065   0.00000000
          16        0.500      145.500        0.000  -0.16706542  -0.13863457   0.00000000
          17        0.500      155.500        0.000  -0.13169670  -0.13222278   0.00000000
          18        0.500      165.500        0.000  -0.05601692  -0.11553896   0.00000000
          19        0.500      175.500        0.000   0.05162326  -0.09242013   0.00000000
          20        0.500      185.500        0.000   0.17854430  -0.06470476   0.00000000
          21        0.500      195.500        0.000   0.32218119  -0.03666888   0.00000000
          22        0.500      205.500        0.000   0.47845099  -0.01349214   0.00000000
          23        0.500      215.500        0.000   0.63928023   0.00253781   0.00000000
          24        0.500      225.500        0.000   0.79052602   0.01301630   0.00000000
          25        0.500      235.500        0.000   0.92245727   0.01975121   0.00000000
          26        0.500      245.500        0.000   1.02677926   0.02393051   0.00000000
          27        0.500      255.500        0.000   1.10462891   0.03579667   0.00000000
          28       10.500       -4.500        0.000   0.90616136  -0.00843014   0.00000000
          29       10.500        5.500        0.000   0.85458804   0.00497602   0.00000000
          30       10.500       15.500        0.000   0.76108798   0.02330312   0.00000000
          31       10.500       25.500        0.000   0.64017941   0.05128173   0.00000000
          32       10.500       35.500        0.000   0.50188329   0.08892767   0.00000000
          33       10.500       45.500        0.000   0.35700710   0.13100087   0.00000000
          34       10.500       55.500        0.000   0.21581085   0.17008344   0.00000000
          35       10.500       65.500        0.000   0.09023194   0.19666189   0.00000000
          36       10.500       75.500        0.000  -0.01476451   0.20079632   0.00000000
          37       10.500       85.500        0.000  -0.10409235   0.17387116   0.00000000
          38       10.500       95.500        0.000  -0.18972936   0.11665762   0.00000000
          39       10.500      105.500        0.000  -0.26110876   0.04329235   0.00000000
          40       10.500      115.500        0.000  -0.30452126  -0.02818746   0.00000000
          41       10.500      125.500        0.000  -0.33377521  -0.08835889   0.00000000
          42       10.500      135.500        0.000  -0.34473818  -0.12323235   0.00000000
          43       10.500      145.500        0.000  -0.33221835  -0.13228229   0.00000000
          44       10.500      155.500        0.000  -0.28449362  -0.12462962   0.00000000
          45       10.500      165.500        0.000  -0.19302213  -0.11081667   0.00000000
          46       10.500      175.500        0.000  -0.07476283  -0.08992607   0.00000000
          47       10.500      185.500        0.000   0.06319370  -0.06398554   0.00000000
          48       10.500      195.500        0.000   0.21919728  -0.03693401   0.00000000
          49       10.500      205.500        0.000   0.38922992  -0.01558361   0.00000000
          50       10.500      215.500        0.000   0.56002318  -0.00009512   0.00000000
          51       10.500      225.500        0.000   0.71882934   0.00988280   0.00000000
          52       10.500      235.500        0.000   0.85575196   0.01580566   0.00000000
          53       10.500      245.500        0.000   0.96230299   0.01942545   0.00000000
          54       10.500      255.500        0.000   1.02447469   0.02692161   0.00000000
          55       20.500       -4.500        0.000   0.81478906  -0.01036738   0.00000000
          56       20.500        5.500        0.000   0.76543170   0.00132188   0.00000000
          57       20.500       15.500        0.000   0.66632534   0.01590020   0.00000000
          58       20.500       25.500        0.000   0.53128827   0.03828354   0.00000000
          59       20.500       35.500        0.000   0.37241934   0.06955888   0.00000000
          60       20.500       45.500        0.000   0.20183214   0.10692183   0.00000000
          61       20.500       55.500        0.000   0.02959498   0.14364269   0.00000000
          62       20.500       65.500        0.000  -0.14011184   0.16498687   0.00000000
          63       20.500       75.500        0.000  -0.28631578   0.16843560   0.00000000
          64       20.500       85.500        0.000  -0.41040088   0.14276880   0.00000000
          65       20.500       95.500        0.000  -0.52319995   0.07951389   0.00000000
          66       20.500      105.500        0.000  -0.62551079   0.00796674   0.00000000
          67       20.500      115.500        0.000  -0.71531752  -0.05925477   0.00000000
          68       20.500      125.500        0.000  -0.74974897  -0.10476667   0.00000000
          69       20.500      135.500        0.000  -0.73774852  -0.12723479   0.00000000
          70       20.500      145.500        0.000  -0.68490856  -0.12263038   0.00000000
          71       20.500      155.500        0.000  -0.61057255  -0.11139838   0.00000000
          72       20.500      165.500        0.000  -0.49409825  -0.10161484   0.00000000
          73       20.500      175.500        0.000  -0.34595115  -0.08835301   0.00000000
          74       20.500      185.500        0.000  -0.18706328  -0.05912399   0.00000000
          75       20.500      195.500        0.000   0.00429211  -0.03502418   0.00000000
          76       20.500      205.500        0.000   0.20748201  -0.01677439   0.00000000
          77       20.500      215.500        0.000   0.40204650  -0.00259790   0.00000000
          78       20.500      225.500        0.000   0.58226106   0.00583535   0.00000000
          79       20.500      235.500        0.000   0.73288879   0.01033362   0.00000000
          80       20.500      245.500        0.000   0.84490912   0.01255502   0.00000000
          81       20.500      255.500        0.000   0.90386958   0.01892327   0.00000000
          82       30.500       -4.500        0.000   0.70469423  -0.01174263   0.00000000
          83       30.500        5.500        0.000   0.65078725  -0.00388942   0.00000000
          84       30.500       15.500        0.000   0.53726090   0.00501559   0.00000000
          85       30.500       25.500        0.000   0.37936985   0.01927581   0.00000000
          86       30.500       35.500        0.000   0.19074265   0.04206389   0.00000000
          87       30.500       45.500        0.000  -0.02012422   0.07269612   0.00000000
          88       30.500       55.500        0.000  -0.23665791   0.10735075   0.00000000
          89       30.500       65.500        0.000  -0.45510120   0.12969738   0.00000000
          90       30.500       75.500        0.000  -0.68418026   0.11403671   0.00000000
          91       30.500       85.500        0.000  -0.90828092   0.07967688   0.00000000
          92       30.500       95.500        0.000  -1.12259822   0.00716637   0.00000000
          93       30.500      105.500        0.000  -1.26062270  -0.06442182   0.00000000
          94       30.500      115.500        0.000  -1.34425503  -0.09473909   0.00000000
          95       30.500      125.500        0.000  -1.39984283  -0.12396771   0.00000000
          96       30.500      135.500        0.000  -1.38343380  -0.11542523   0.00000000
          97       30.500      145.500        0.000  -1.29589978  -0.09942986   0.00000000
          98       30.500      155.500        0.000  -1.15595690  -0.09189850   0.00000000
          99       30.500      165.500        0.000  -0.98945150  -0.08812577   0.00000000
         100       30.500      175.500        0.000  -0.77829814  -0.07546566   0.00000000
         101       30.500      185.500        0.000  -0.55506955  -0.05463644   0.00000000
         102       30.500      195.500        0.000  -0.29881472  -0.03773324   0.00000000
         103       30.500      205.500        0.000  -0.06432478  -0.01535942   0.00000000
         104       30.500      215.500        0.000   0.17951731  -0.00781204   0.00000000
         105       30.500      225.500        0.000   0.39029234   0.00002116   0.00000000
         106       30.500      235.500        0.000   0.56409404   0.00218840   0.00000000
         107       30.500      245.500        0.000   0.68974885   0.00297409   0.00000000
         108       30.500      255.500        0.000   0.75195091   0.00795873   0.00000000
         109       40.500       -4.500        0.000   0.58053348  -0.01048912   0.00000000
         110       40.500        5.500        0.000   0.51769259  -0.00663552   0.00000000
         111       40.500       15.500        0.000   0.38433796  -0.00323878   0.00000000
         112       40.500       25.500        0.000   0.19533023   0.00046753   0.00000000
         113       40.500       35.500        0.000  -0.03477238   0.01247944   0.00000000
         114       40.500       45.500        0.000  -0.28330679   0.03652560   0.00000000
         115       40.500       55.500        0.000  -0.55830319   0.06472789   0.00000000
         116       40.500       65.500        0.000  -0.85955231   0.07092130   0.00000000
         117       40.500       75.500        0.000  -1.14830500   0.04616910   0.00000000
         118       40.500       85.500        0.000  -1.43131740   0.01009467   0.00000000
         119       40.500       95.500        0.000  -1.68547541  -0.04010524   0.00000000
         120       40.500      105.500        0.000  -1.90852586  -0.09349213   0.00000000
         121       40.500      115.500        0.000  -2.06654212  -0.12433650   0.00000000
         122       40.500      125.500        0.000  -2.14701003  -0.13618869   0.00000000
         123       40.500      135.500        0.000  -2.14725256  -0.12165197   0.00000000
         124       40.500      145.500        0.000  -2.04750599  -0.10133263   0.00000000
         125       40.500      155.500        0.000  -1.85239931  -0.09782894   0.00000000
         126       40.500      165.500        0.000  -1.58962615  -0.10267112   0.00000000
         127       40.500      175.500        0.000  -1.27901615  -0.11006161   0.00000000
         128       40.500      185.500        0.000  -1.01551153  -0.08134819   0.00000000
         129       40.500      195.500        0.000  -0.74522217  -0.00532980   0.00000000
         130       40.500      205.500        0.000  -0.38057795  -0.03309438   0.00000000
         131       40.500      215.500        0.000  -0.10453225  -0.00852083   0.00000000
         132       40.500      225.500        0.000   0.15309748  -0.00969824   0.00000000
         133       40.500      235.500        0.000   0.35814145  -0.00951361   0.00000000
         134       40.500      245.500        0.000   0.50449087  -0.00807799   0.00000000
         135       40.500      255.500        0.000   0.57411920  -0.00297853   0.00000000
         136       50.500       -4.500        0.000   0.44760250  -0.00771551   0.00000000
         137       50.500        5.500        0.000   0.37470892  -0.00638757   0.00000000
         138       50.500       15.500        0.000   0.21831817  -0.00334780   0.00000000
         139       50.500       25.500        0.000  -0.00800509  -0.00683908   0.00000000
         140       50.500       35.500        0.000  -0.28501223  -0.00959378   0.00000000
         141       50.500       45.500        0.000  -0.59487011   0.01058670   0.00000000
         142       50.500       55.500        0.000  -0.91001202   0.04677454   0.00000000
         143       50.500       65.500        0.000  -1.29803266   0.03238371   0.00000000
         144       50.500       75.500        0.000  -1.71827206  -0.01003408   0.00000000
         145       50.500       85.500        0.000  -2.11125688  -0.05765855   0.00000000
         146       50.500       95.500        0.000  -2.45944178  -0.09540542   0.00000000
         147       50.500      105.500        0.000  -2.74558699  -0.13341198   0.00000000
         148       50.500      115.500        0.000  -2.94762636  -0.16053639   0.00000000
         149       50.500      125.500        0.000  -3.05230260  -0.16659689   0.00000000
         150       50.500      135.500        0.000  -3.05016754  -0.15093975   0.00000000
         151       50.500      145.500        0.000  -2.92527442  -0.12934641   0.00000000
         152       50.500      155.500        0.000  -2.68257076  -0.11675935   0.00000000
         153       50.500      165.500        0.000  -2.34387560  -0.12329118   0.00000000
         154       50.500      175.500        0.000  -1.95157188  -0.12761343   0.00000000
         155       50.500      185.500        0.000  -1.52744357  -0.12027010   0.00000000
         156       50.500      195.500        0.000  -1.11001358  -0.10559228   0.00000000
         157       50.500      205.500        0.000  -0.81840455   0.01468636   0.00000000
         158       50.500      215.500        0.000  -0.42077769  -0.02892737   0.00000000
         159       50.500      225.500        0.000  -0.12194814  -0.02568105   0.00000000
         160       50.500      235.500        0.000   0.12962590  -0.02848689   0.00000000
         161       50.500      245.500        0.000   0.30011928  -0.01635172   0.00000000
         162       50.500      255.500        0.000   0.37827120  -0.00895633   0.00000000
         163       60.500       -4.500        0.000   0.31143758  -0.00175716   0.00000000
         164       60.500        5.500        0.000   0.22931208  -0.00264252   0.00000000
         165       60.500       15.500        0.000   0.04686571  -0.00273350   0.00000000
         166       60.500       25.500        0.000  -0.21567421   0.01174256   0.00000000
         167       60.500       35.500        0.000  -0.55674084  -0.00764251   0.00000000
         168       60.500       45.500        0.000  -0.89834268   0.04244994   0.00000000
         169       60.500       55.500        0.000  -1.35756375   0.01180160   0.00000000
         170       60.500       65.500        0.000  -1.86079909  -0.01739699   0.00000000
         171       60.500       75.500        0.000  -2.37705399  -0.06019139   0.00000000
         172       60.500       85.500        0.000  -2.87465996  -0.10746271   0.00000000
         173       60.500       95.500        0.000  -3.31657876  -0.14531785   0.00000000
         174       60.500      105.500        0.000  -3.67348549  -0.17865410   0.00000000
         175       60.500      115.500        0.000  -3.91744968  -0.20039687   0.00000000
         176       60.500      125.500        0.000  -4.04234395  -0.21297874   0.00000000
         177       60.500      135.500        0.000  -4.03849101  -0.19640551   0.00000000
         178       60.500      145.500        0.000  -3.89057015  -0.17228304   0.00000000
         179       60.500      155.500        0.000  -3.59543371  -0.15644506   0.00000000
         180       60.500      165.500        0.000  -3.17627633  -0.14882370   0.00000000
         181       60.500      175.500        0.000  -2.67901308  -0.14560318   0.00000000
         182       60.500      185.500        0.000  -2.14933401  -0.14635767   0.00000000
         183       60.500      195.500        0.000  -1.64534760  -0.13776039   0.00000000
         184       60.500      205.500        0.000  -1.16511991  -0.13144716   0.00000000
         185       60.500      215.500        0.000  -0.81194666  -0.02698740   0.00000000
         186       60.500      225.500        0.000  -0.40228300  -0.07769847   0.00000000
         187       60.500      235.500        0.000  -0.11733948  -0.03421630   0.00000000
         188       60.500      245.500        0.000   0.09310032  -0.01936768   0.00000000
         189       60.500      255.500        0.000   0.18302588  -0.01215068   0.00000000
         190       70.500       -4.500        0.000   0.16913860  -0.00766382   0.00000000
         191       70.500        5.500        0.000   0.08066973  -0.00423742   0.00000000
         192       70.500       15.500        0.000  -0.11652519   0.01089672   0.00000000
         193       70.500       25.500        0.000  -0.43987424  -0.00815853   0.00000000
         194       70.500       35.500        0.000  -0.79709391   0.04937752   0.00000000
         195       70.500       45.500        0.000  -1.28560894   0.02241920   0.00000000
         196       70.500       55.500        0.000  -1.83914001  -0.01721381   0.00000000
         197       70.500       65.500        0.000  -2.44175523  -0.06714260   0.00000000
         198       70.500       75.500        0.000  -3.05994098  -0.11084958   0.00000000
         199       70.500       85.500        0.000  -3.66627734  -0.15749966   0.00000000
         200       70.500       95.500        0.000  -4.20957030  -0.19513989   0.00000000
         201       70.500      105.500        0.000  -4.63942301  -0.22091436   0.00000000
         202       70.500      115.500        0.000  -4.92382985  -0.24153189   0.00000000
         203       70.500      125.500        0.000  -5.05831924  -0.25674420   0.00000000
         204       70.500      135.500        0.000  -5.05417082  -0.26528162   0.00000000
         205       70.500      145.500        0.000  -4.88778671  -0.24755478   0.00000000
         206       70.500      155.500        0.000  -4.53253111  -0.20538151   0.00000000
         207       70.500      165.500        0.000  -4.01409988  -0.16871018   0.00000000
         208       70.500      175.500        0.000  -3.40191921  -0.15590116   0.00000000
         209       70.500      185.500        0.000  -2.79361451  -0.16468881   0.00000000
         210       70.500      195.500        0.000  -2.18328382  -0.16907053   0.00000000
         211       70.500      205.500        0.000  -1.61982134  -0.16279266   0.00000000
         212       70.500      215.500        0.000  -1.13406086  -0.12936711   0.00000000
         213       70.500      225.500        0.000  -0.73472533  -0.05110039   0.00000000
         214       70.500      235.500        0.000  -0.33992230  -0.04664639   0.00000000
         215       70.500      245.500        0.000  -0.10674304  -0.00737753   0.00000000
         216       70.500      255.500        0.000  -0.00959256   0.00794484   0.00000000
         217       80.500       -4.500        0.000   0.03174226  -0.01009978   0.00000000
         218       80.500        5.500        0.000  -0.06598491  -0.00831341   0.00000000
         219       80.500       15.500        0.000  -0.29670720  -0.00176202   0.00000000
         220       80.500       25.500        0.000  -0.65043304   0.01728338   0.00000000
         221       80.500       35.500        0.000  -1.10538658   0.03992852   0.00000000
         222       80.500       45.500        0.000  -1.66476574   0.00061357   0.00000000
         223       80.500       55.500        0.000  -2.30490327  -0.05605980   0.00000000
         224       80.500       65.500        0.000  -2.99266284  -0.10713300   0.00000000
         225       80.500       75.500        0.000  -3.70548851  -0.16383657   0.00000000
         226       80.500       85.500        0.000  -4.41503941  -0.21165635   0.00000000
         227       80.500       95.500        0.000  -5.06575380  -0.24917615   0.00000000
         228       80.500      105.500        0.000  -5.57601922  -0.26440176   0.00000000
         229       80.500      115.500        0.000  -5.91059812  -0.28191637   0.00000000
         230       80.500      125.500        0.000  -6.06155183  -0.30906670   0.00000000
         231       80.500      135.500        0.000  -6.04753074  -0.33229974   0.00000000
         232       80.500      145.500        0.000  -5.80790777  -0.30539088   0.00000000
         233       80.500      155.500        0.000  -5.33429567  -0.23261278   0.00000000
         234       80.500      165.500        0.000  -4.71340331  -0.16092634   0.00000000
         235       80.500      175.500        0.000  -4.10330135  -0.18153401   0.00000000
         236       80.500      185.500        0.000  -3.40666360  -0.18498698   0.00000000
         237       80.500      195.500        0.000  -2.70030824  -0.18617939   0.00000000
         238       80.500      205.500        0.000  -2.03370078  -0.18545472   0.00000000
         239       80.500      215.500        0.000  -1.43978157  -0.18823463   0.00000000
         240       80.500      225.500        0.000  -0.96593808  -0.09302460   0.00000000
         241       80.500      235.500        0.000  -0.55554036  -0.02451649   0.00000000
         242       80.500      245.500        0.000  -0.27927420   0.00912188   0.00000000
         243       80.500      255.500        0.000  -0.17325968   0.02600040   0.00000000
         244       90.500       -4.500        0.000  -0.09737611  -0.01878343   0.00000000
         245       90.500        5.500        0.000  -0.20084942  -0.01388455   0.00000000
         246       90.500       15.500        0.000  -0.45466678   0.00825056   0.00000000
         247       90.500       25.500        0.000  -0.86027075   0.02647592   0.00000000
         248       90.500       35.500        0.000  -1.37419113   0.02073280   0.00000000
         249       90.500       45.500        0.000  -1.98662409  -0.03508239   0.00000000
         250       90.500       55.500        0.000  -2.68535026  -0.08836770   0.00000000
         251       90.500       65.500        0.000  -3.45899520  -0.14269899   0.00000000
         252       90.500       75.500        0.000  -4.26227194  -0.19784680   0.00000000
         253       90.500       85.500        0.000  -5.02302088  -0.27980734   0.00000000
         254       90.500       95.500        0.000  -5.76061221  -0.30159029   0.00000000
         255       90.500      105.500        0.000  -6.35217348  -0.31898262   0.00000000
         256       90.500      115.500        0.000  -6.69636163  -0.31129436   0.00000000
         257       90.500      125.500        0.000  -6.85065149  -0.35319942   0.00000000
         258       90.500      135.500        0.000  -6.78947630  -0.36472559   0.00000000
         259       90.500      145.500        0.000  -6.50606827  -0.32518812   0.00000000
         260       90.500      155.500        0.000  -6.01570644  -0.25085907   0.00000000
         261       90.500      165.500        0.000  -5.43473820  -0.24200073   0.00000000
         262       90.500      175.500        0.000  -4.72900399  -0.22385125   0.00000000
         263       90.500      185.500        0.000  -3.94393759  -0.21087916   0.00000000
         264       90.500      195.500        0.000  -3.13465315  -0.19550930   0.00000000
         265       90.500      205.500        0.000  -2.38404710  -0.20415894   0.00000000
         266       90.500      215.500        0.000  -1.71917831  -0.20733744   0.00000000
         267       90.500      225.500        0.000  -1.14971646  -0.14181692   0.00000000
         268       90.500      235.500        0.000  -0.68803481  -0.03767650   0.00000000
         269       90.500      245.500        0.000  -0.43266928   0.03331184   0.00000000
         270       90.500      255.500        0.000  -0.32701918   0.05570945   0.00000000
         271      100.500       -4.500        0.000  -0.20371196  -0.02496035   0.00000000
         272      100.500        5.500        0.000  -0.30865947  -0.01974855   0.00000000
         273      100.500       15.500        0.000  -0.57204857  -0.00076976   0.00000000
         274      100.500       25.500        0.000  -0.99163843   0.00687604   0.00000000
         275      100.500       35.500        0.000  -1.53820693   0.00767017   0.00000000
         276      100.500       45.500        0.000  -2.18816186  -0.06149414   0.00000000
         277      100.500       55.500        0.000  -2.94287067  -0.12097420   0.00000000
         278      100.500       65.500        0.000  -3.77803569  -0.16752717   0.00000000
         279      100.500       75.500        0.000  -4.65468594  -0.23252548   0.00000000
         280      100.500       85.500        0.000  -5.49134098  -0.27916335   0.00000000
         281      100.500       95.500        0.000  -6.19816087  -0.37075017   0.00000000
         282      100.500      105.500        0.000  -6.75146292  -0.36153997   0.00000000
         283      100.500      115.500        0.000  -7.08418446  -0.35448278   0.00000000
         284      100.500      125.500        0.000  -7.24431050  -0.39233121   0.00000000
         285      100.500      135.500        0.000  -7.20767583  -0.37947817   0.00000000
         286      100.500      145.500        0.000  -6.92513612  -0.33389693   0.00000000
         287      100.500      155.500        0.000  -6.51877922  -0.33404657   0.00000000
         288      100.500      165.500        0.000  -5.98086323  -0.30884841   0.00000000
         289      100.500      175.500        0.000  -5.24032564  -0.28265353   0.00000000
         290      100.500      185.500        0.000  -4.32557684  -0.24664135   0.00000000
         291      100.500      195.500        0.000  -3.43961156  -0.21084947   0.00000000
         292      100.500      205.500        0.000  -2.62397878  -0.20805500   0.00000000
         293      100.500      215.500        0.000  -1.90140666  -0.21013219   0.00000000
         294      100.500      225.500        0.000  -1.28839919  -0.12411841   0.00000000
         295      100.500      235.500        0.000  -0.83341300  -0.02534983   0.00000000
         296      100.500      245.500        0.000  -0.55711705   0.04379502   0.00000000
         297      100.500      255.500        0.000  -0.44677303   0.07052953   0.00000000
         298      110.500       -4.500        0.000  -0.27963675  -0.02838590   0.00000000
         299      110.500        5.500        0.000  -0.38121633  -0.02653515   0.00000000
         300      110.500       15.500        0.000  -0.62918765  -0.02959634   0.00000000
         301      110.500       25.500        0.000  -1.05466961   0.00282328   0.00000000
         302      110.500       35.500        0.000  -1.61332045  -0.00183953   0.00000000
         303      110.500       45.500        0.000  -2.29272467  -0.06152804   0.00000000
         304      110.500       55.500        0.000  -3.06937761  -0.13364052   0.00000000
         305      110.500       65.500        0.000  -3.93326356  -0.19366030   0.00000000
         306      110.500       75.500        0.000  -4.82150782  -0.25240043   0.00000000
         307      110.500       85.500        0.000  -5.63000920  -0.32155493   0.00000000
         308      110.500       95.500        0.000  -6.32364082  -0.41523106   0.00000000
         309      110.500      105.500        0.000  -6.77487242  -0.41138421   0.00000000
         310      110.500      115.500        0.000  -7.09283727  -0.40988234   0.00000000
         311      110.500      125.500        0.000  -7.23195966  -0.44902962   0.00000000
         312      110.500      135.500        0.000  -7.20265040  -0.43627448   0.00000000
         313      110.500      145.500        0.000  -7.05936759  -0.37156186   0.00000000
         314      110.500      155.500        0.000  -6.67811701  -0.37051527   0.00000000
         315      110.500      165.500        0.000  -6.11359320  -0.34888512   0.00000000
         316      110.500      175.500        0.000  -5.37005952  -0.33087128   0.00000000
         317      110.500      185.500        0.000  -4.48115754  -0.27926794   0.00000000
         318      110.500      195.500        0.000  -3.56362016  -0.24077517   0.00000000
         319      110.500      205.500        0.000  -2.71099892  -0.22162313   0.00000000
         320      110.500      215.500        0.000  -1.95682964  -0.20532497   0.00000000
         321      110.500      225.500        0.000  -1.36581909  -0.14932739   0.00000000
         322      110.500      235.500        0.000  -0.93859103  -0.01767457   0.00000000
         323      110.500      245.500        0.000  -0.62877481   0.05270630   0.00000000
         324      110.500      255.500        0.000  -0.51197402   0.07932634   0.00000000
         325      120.500       -4.500        0.000  -0.30871785  -0.04446933   0.00000000
         326      120.500        5.500        0.000  -0.40763984  -0.03845118   0.00000000
         327      120.500       15.500        0.000  -0.65646489  -0.02028312   0.00000000
         328      120.500       25.500        0.000  -1.04599313  -0.03843135   0.00000000
         329      120.500       35.500        0.000  -1.61700646  -0.00748956   0.00000000
         330      120.500       45.500        0.000  -2.29002933  -0.05549773   0.00000000
         331      120.500       55.500        0.000  -3.05765844  -0.13420210   0.00000000
         332      120.500       65.500        0.000  -3.90289815  -0.20938598   0.00000000
         333      120.500       75.500        0.000  -4.76113928  -0.27857205   0.00000000
         334      120.500       85.500        0.000  -5.52789615  -0.36856509   0.00000000
         335      120.500       95.500        0.000  -6.12003681  -0.41864289   0.00000000
         336      120.500      105.500        0.000  -6.56110885  -0.44303353   0.00000000
         337      120.500      115.500        0.000  -6.86619287  -0.46219788   0.00000000
         338      120.500      125.500        0.000  -7.01571143  -0.50248003   0.00000000
         339      120.500      135.500        0.000  -6.97478394  -0.52137181   0.00000000
         340      120.500      145.500        0.000  -6.79667273  -0.46202584   0.00000000
         341      120.500      155.500        0.000  -6.47595891  -0.37933992   0.00000000
         342      120.500      165.500        0.000  -5.92921545  -0.36611388   0.00000000
         343      120.500      175.500        0.000  -5.22442406  -0.33303907   0.00000000
         344      120.500      185.500        0.000  -4.37851275  -0.30106527   0.00000000
         345      120.500      195.500        0.000  -3.49949381  -0.26862212   0.00000000
         346      120.500      205.500        0.000  -2.66382711  -0.24636024   0.00000000
         347      120.500      215.500        0.000  -1.92684151  -0.21922492   0.00000000
         348      120.500      225.500        0.000  -1.32446609  -0.17485181   0.00000000
         349      120.500      235.500        0.000  -0.88863169  -0.03381411   0.00000000
         350      120.500      245.500        0.000  -0.61385025   0.05169206   0.00000000
         351      120.500      255.500        0.000  -0.50435452   0.07773599   0.00000000
         352      130.500       -4.500        0.000  -0.28943092  -0.04667497   0.00000000
         353      130.500        5.500        0.000  -0.38249272  -0.04292373   0.00000000
         354      130.500       15.500        0.000  -0.61011852  -0.04670179   0.00000000
         355      130.500       25.500        0.000  -0.94890135  -0.07583202   0.00000000
         356      130.500       35.500        0.000  -1.52194060  -0.01162757   0.00000000
         357      130.500       45.500        0.000  -2.15196838  -0.06355836   0.00000000
         358      130.500       55.500        0.000  -2.88179428  -0.12622759   0.00000000
         359      130.500       65.500        0.000  -3.67682569  -0.20670676   0.00000000
         360      130.500       75.500        0.000  -4.46848364  -0.29078544   0.00000000
         361      130.500       85.500        0.000  -5.15489399  -0.36343714   0.00000000
         362      130.500       95.500        0.000  -5.71005613  -0.42266190   0.00000000
         363      130.500      105.500        0.000  -6.15389270  -0.45722268   0.00000000
         364      130.500      115.500        0.000  -6.48368205  -0.49098032   0.00000000
         365      130.500      125.500        0.000  -6.63622421  -0.52854987   0.00000000
         366      130.500      135.500        0.000  -6.55935139  -0.54617390   0.00000000
         367      130.500      145.500        0.000  -6.28874912  -0.52032943   0.00000000
         368      130.500      155.500        0.000  -5.94309067  -0.43422812   0.00000000
         369      130.500      165.500        0.000  -5.47060022  -0.36420372   0.00000000
         370      130.500      175.500        0.000  -4.80567584  -0.34218316   0.00000000
         371      130.500      185.500        0.000  -4.04077243  -0.31500975   0.00000000
         372      130.500      195.500        0.000  -3.23424213  -0.28698004   0.00000000
         373      130.500      205.500        0.000  -2.45912926  -0.26207286   0.00000000
         374      130.500      215.500        0.000  -1.76458556  -0.23949706   0.00000000
         375      130.500      225.500        0.000  -1.16711135  -0.14951574   0.00000000
         376      130.500      235.500        0.000  -0.75054081  -0.03364217   0.00000000
         377      130.500      245.500        0.000  -0.51628575   0.02605128   0.00000000
         378      130.500      255.500        0.000  -0.41696474   0.04986738   0.00000000
         379      140.500       -4.500        0.000  -0.21630398  -0.04900402   0.00000000
         380      140.500        5.500        0.000  -0.29780025  -0.04917555   0.00000000
         381      140.500       15.500        0.000  -0.49981029  -0.05510313   0.00000000
         382      140.500       25.500        0.000  -0.83432303  -0.05314304   0.00000000
         383      140.500       35.500        0.000  -1.24689725  -0.10425457   0.00000000
         384      140.500       45.500        0.000  -1.86900286  -0.06397739   0.00000000
         385      140.500       55.500        0.000  -2.51500057  -0.11974250   0.00000000
         386      140.500       65.500        0.000  -3.22012199  -0.19432684   0.00000000
         387      140.500       75.500        0.000  -3.92077637  -0.27485854   0.00000000
         388      140.500       85.500        0.000  -4.54759150  -0.34272022   0.00000000
         389      140.500       95.500        0.000  -5.07835807  -0.40998550   0.00000000
         390      140.500      105.500        0.000  -5.51662685  -0.46361580   0.00000000
         391      140.500      115.500        0.000  -5.83997302  -0.49542185   0.00000000
         392      140.500      125.500        0.000  -5.99280144  -0.51801517   0.00000000
         393      140.500      135.500        0.000  -5.90647607  -0.52362650   0.00000000
         394      140.500      145.500        0.000  -5.63198368  -0.50217920   0.00000000
         395      140.500      155.500        0.000  -5.23419189  -0.45741893   0.00000000
         396      140.500      165.500        0.000  -4.76817543  -0.39802140   0.00000000
         397      140.500      175.500        0.000  -4.17861799  -0.35384994   0.00000000
         398      140.500      185.500        0.000  -3.49384031  -0.32468449   0.00000000
         399      140.500      195.500        0.000  -2.78445024  -0.29306077   0.00000000
         400      140.500      205.500        0.000  -2.10183799  -0.26330915   0.00000000
         401      140.500      215.500        0.000  -1.47821970  -0.23262654   0.00000000
         402      140.500      225.500        0.000  -0.90807903  -0.09297038   0.00000000
         403      140.500      235.500        0.000  -0.58862031  -0.06048305   0.00000000
         404      140.500      245.500        0.000  -0.36253045  -0.00127440   0.00000000
         405      140.500      255.500        0.000  -0.26518594   0.02017173   0.00000000
         406      150.500       -4.500        0.000  -0.08313421  -0.05078979   0.00000000
         407      150.500        5.500        0.000  -0.15916697  -0.04788843   0.00000000
         408      150.500       15.500        0.000  -0.33612854  -0.04775150   0.00000000
         409      150.500       25.500        0.000  -0.60570818  -0.05583904   0.00000000
         410      150.500       35.500        0.000  -0.96391797  -0.07935669   0.00000000
         411      150.500       45.500        0.000  -1.37847132  -0.13383352   0.00000000
         412      150.500       55.500        0.000  -1.96779754  -0.11208379   0.00000000
         413      150.500       65.500        0.000  -2.56249133  -0.17675454   0.00000000
         414      150.500       75.500        0.000  -3.15985694  -0.24799579   0.00000000
         415      150.500       85.500        0.000  -3.74191374  -0.30896309   0.00000000
         416      150.500       95.500        0.000  -4.24826483  -0.37844032   0.00000000
         417      150.500      105.500        0.000  -4.65560342  -0.44918736   0.00000000
         418      150.500      115.500        0.000  -4.95318775  -0.47721762   0.00000000
         419      150.500      125.500        0.000  -5.08481387  -0.47962484   0.00000000
         420      150.500      135.500        0.000  -5.02023088  -0.47424413   0.00000000
         421      150.500      145.500        0.000  -4.78309995  -0.46152546   0.00000000
         422      150.500      155.500        0.000  -4.41241817  -0.43660463   0.00000000
         423      150.500      165.500        0.000  -3.93539885  -0.40123722   0.00000000
         424      150.500      175.500        0.000  -3.37831750  -0.36077811   0.00000000
         425      150.500      185.500        0.000  -2.77154196  -0.32165642   0.00000000
         426      150.500      195.500        0.000  -2.16948857  -0.28828997   0.00000000
         427      150.500      205.500        0.000  -1.61108439  -0.25001744   0.00000000
         428      150.500      215.500        0.000  -1.04571708  -0.13915416   0.00000000
         429      150.500      225.500        0.000  -0.66874483  -0.11978607   0.00000000
         430      150.500      235.500        0.000  -0.36015968  -0.05952344   0.00000000
         431      150.500      245.500        0.000  -0.17089781  -0.03062521   0.00000000
         432      150.500      255.500        0.000  -0.08445634  -0.02019149   0.00000000
         433      160.500       -4.500        0.000   0.08660838  -0.04309617   0.00000000
         434      160.500        5.500        0.000   0.01935248  -0.04022489   0.00000000
         435      160.500       15.500        0.000  -0.11951507  -0.03892607   0.00000000
         436      160.500       25.500        0.000  -0.32467261  -0.04351186   0.00000000
         437      160.500       35.500        0.000  -0.58968887  -0.05714518   0.00000000
         438      160.500       45.500        0.000  -0.90760460  -0.08120920   0.00000000
         439      160.500       55.500        0.000  -1.23248163  -0.14620320   0.00000000
         440      160.500       65.500        0.000  -1.68949944  -0.17852400   0.00000000
         441      160.500       75.500        0.000  -2.21906470  -0.21918872   0.00000000
         442      160.500       85.500        0.000  -2.75659848  -0.27614075   0.00000000
         443      160.500       95.500        0.000  -3.24099146  -0.34232897   0.00000000
         444      160.500      105.500        0.000  -3.62889135  -0.39615760   0.00000000
         445      160.500      115.500        0.000  -3.89528797  -0.42338755   0.00000000
         446      160.500      125.500        0.000  -4.00530602  -0.42375088   0.00000000
         447      160.500      135.500        0.000  -3.95908343  -0.41682886   0.00000000
         448      160.500      145.500        0.000  -3.76343914  -0.41448424   0.00000000
         449      160.500      155.500        0.000  -3.42586589  -0.40970663   0.00000000
         450      160.500      165.500        0.000  -2.96304401  -0.38797564   0.00000000
         451      160.500      175.500        0.000  -2.42244347  -0.34583235   0.00000000
         452      160.500      185.500        0.000  -1.90083884  -0.30939322   0.00000000
         453      160.500      195.500        0.000  -1.41069716  -0.25630877   0.00000000
         454      160.500      205.500        0.000  -0.95270878  -0.16754337   0.00000000
         455      160.500      215.500        0.000  -0.65216930  -0.15470852   0.00000000
         456      160.500      225.500        0.000  -0.34902923  -0.11056499   0.00000000
         457      160.500      235.500        0.000  -0.10765889  -0.08011770   0.00000000
         458      160.500      245.500        0.000   0.05271537  -0.05380472   0.00000000
         459      160.500      255.500        0.000   0.12989942  -0.04690811   0.00000000
         460      170.500       -4.500        0.000   0.27334296  -0.03064024   0.00000000
         461      170.500        5.500        0.000   0.21503050  -0.02915978   0.00000000
         462      170.500       15.500        0.000   0.11404161  -0.02630073   0.00000000
         463      170.500       25.500        0.000  -0.02622549  -0.02555436   0.00000000
         464      170.500       35.500        0.000  -0.19667911  -0.03355978   0.00000000
         465      170.500       45.500        0.000  -0.38425536  -0.05732323   0.00000000
         466      170.500       55.500        0.000  -0.60734624  -0.08190631   0.00000000
         467      170.500       65.500        0.000  -0.83053132  -0.14170199   0.00000000
         468      170.500       75.500        0.000  -1.07985972  -0.23342419   0.00000000
         469      170.500       85.500        0.000  -1.54011219  -0.28585143   0.00000000
         470      170.500       95.500        0.000  -2.04170741  -0.31605864   0.00000000
         471      170.500      105.500        0.000  -2.44460082  -0.36876896   0.00000000
         472      170.500      115.500        0.000  -2.65879696  -0.34415563   0.00000000
         473      170.500      125.500        0.000  -2.75504499  -0.35945952   0.00000000
         474      170.500      135.500        0.000  -2.71889651  -0.35689383   0.00000000
         475      170.500      145.500        0.000  -2.55945249  -0.37339245   0.00000000
         476      170.500      155.500        0.000  -2.27517672  -0.38632926   0.00000000
         477      170.500      165.500        0.000  -1.83771042  -0.35289658   0.00000000
         478      170.500      175.500        0.000  -1.32111493  -0.31914616   0.00000000
         479      170.500      185.500        0.000  -0.85486600  -0.24188964   0.00000000
         480      170.500      195.500        0.000  -0.56004288  -0.18782329   0.00000000
         481      170.500      205.500        0.000  -0.37023553  -0.18689432   0.00000000
         482      170.500      215.500        0.000  -0.17712238  -0.15153054   0.00000000
         483      170.500      225.500        0.000   0.00817063  -0.12009300   0.00000000
         484      170.500      235.500        0.000   0.16782037  -0.09364782   0.00000000
         485      170.500      245.500        0.000   0.28567728  -0.07534119   0.00000000
         486      170.500      255.500        0.000   0.35057665  -0.07384358   0.00000000
         487      180.500       -4.500        0.000   0.44898031  -0.01610501   0.00000000
         488      180.500        5.500        0.000   0.39713485  -0.01664351   0.00000000
         489      180.500       15.500        0.000   0.32858018  -0.01146949   0.00000000
         490      180.500       25.500        0.000   0.24450892  -0.00816039   0.00000000
         491      180.500       35.500        0.000   0.15429283  -0.01293335   0.00000000
         492      180.500       45.500        0.000   0.06239224  -0.02910172   0.00000000
         493      180.500       55.500        0.000  -0.02293494  -0.06605134   0.00000000
         494      180.500       65.500        0.000  -0.11210489  -0.12480598   0.00000000
         495      180.500       75.500        0.000  -0.26071110  -0.19380874   0.00000000
         496      180.500       85.500        0.000  -0.46987751  -0.27291557   0.00000000
         497      180.500       95.500        0.000  -0.72959760  -0.33707215   0.00000000
         498      180.500      105.500        0.000  -0.98034246  -0.37244156   0.00000000
         499      180.500      115.500        0.000  -1.16815915  -0.35630630   0.00000000
         500      180.500      125.500        0.000  -1.23606595  -0.32859186   0.00000000
         501      180.500      135.500        0.000  -1.22171245  -0.29486198   0.00000000
         502      180.500      145.500        0.000  -1.14181259  -0.32350821   0.00000000
         503      180.500      155.500        0.000  -0.87234855  -0.34816672   0.00000000
         504      180.500      165.500        0.000  -0.45921316  -0.28455856   0.00000000
         505      180.500      175.500        0.000  -0.08508124  -0.23806358   0.00000000
         506      180.500      185.500        0.000   0.10786641  -0.20604727   0.00000000
         507      180.500      195.500        0.000   0.14326415  -0.20955570   0.00000000
         508      180.500      205.500        0.000   0.20507196  -0.17694803   0.00000000
         509      180.500      215.500        0.000   0.26391078  -0.15299733   0.00000000
         510      180.500      225.500        0.000   0.34170446  -0.12762734   0.00000000
         511      180.500      235.500        0.000   0.42705607  -0.10648275   0.00000000
         512      180.500      245.500        0.000   0.50215701  -0.09173191   0.00000000
         513      180.500      255.500        0.000   0.55587036  -0.09394026   0.00000000
         514      190.500       -4.500        0.000   0.58968574  -0.00436343   0.00000000
         515      190.500        5.500        0.000   0.53807986  -0.00651458   0.00000000
         516      190.500       15.500        0.000   0.48846779   0.00013583   0.00000000
         517      190.500       25.500        0.000   0.44407604   0.00606055   0.00000000
         518      190.500       35.500        0.000   0.40968372   0.00421303   0.00000000
         519      190.500       45.500        0.000   0.39154828  -0.01306186   0.00000000
         520      190.500       55.500        0.000   0.38936494  -0.05199204   0.00000000
         521      190.500       65.500        0.000   0.38894802  -0.11301979   0.00000000
         522      190.500       75.500        0.000   0.37440602  -0.19301331   0.00000000
         523      190.500       85.500        0.000   0.32989051  -0.27498579   0.00000000
         524      190.500       95.500        0.000   0.23640358  -0.33297634   0.00000000
         525      190.500      105.500        0.000   0.14004479  -0.36197872   0.00000000
         526      190.500      115.500        0.000   0.14495323  -0.36009635   0.00000000
         527      190.500      125.500        0.000   0.28554529  -0.33425397   0.00000000
         528      190.500      135.500        0.000   0.48217778  -0.29563760   0.00000000
         529      190.500      145.500        0.000   0.60463387  -0.26862311   0.00000000
         530      190.500      155.500        0.000   0.63189066  -0.27008536   0.00000000
         531      190.500      165.500        0.000   0.67699799  -0.25306964   0.00000000
         532      190.500      175.500        0.000   0.75941797  -0.21631724   0.00000000
         533      190.500      185.500        0.000   0.77898310  -0.19224369   0.00000000
         534      190.500      195.500        0.000   0.71048048  -0.18230082   0.00000000
         535      190.500      205.500        0.000   0.63234079  -0.17181305   0.00000000
         536      190.500      215.500        0.000   0.59374956  -0.15153527   0.00000000
         537      190.500      225.500        0.000   0.59312669  -0.13137107   0.00000000
         538      190.500      235.500        0.000   0.62307197  -0.11380880   0.00000000
         539      190.500      245.500        0.000   0.67021037  -0.10168292   0.00000000
         540      190.500      255.500        0.000   0.72302711  -0.10879715   0.00000000
         541      200.500       -4.500        0.000   0.67713416   0.00425357   0.00000000
         542      200.500        5.500        0.000   0.60808351  -0.00069111   0.00000000
         543      200.500       15.500        0.000   0.56852473   0.00807659   0.00000000
         544      200.500       25.500        0.000   0.54083892   0.01669538   0.00000000
         545      200.500       35.500        0.000   0.53286874   0.01647638   0.00000000
         546      200.500       45.500        0.000   0.55010250  -0.00004422   0.00000000
         547      200.500       55.500        0.000   0.59040931  -0.03965522   0.00000000
         548      200.500       65.500        0.000   0.64576251  -0.10583797   0.00000000
         549      200.500       75.500        0.000   0.69973384  -0.19183686   0.00000000
         550      200.500       85.500        0.000   0.72069104  -0.27543634   0.00000000
         551      200.500       95.500        0.000   0.69675627  -0.33741181   0.00000000
         552      200.500      105.500        0.000   0.67751748  -0.36645020   0.00000000
         553      200.500      115.500        0.000   0.77800448  -0.36621433   0.00000000
         554      200.500      125.500        0.000   1.13547595  -0.34711792   0.00000000
         555      200.500      135.500        0.000   1.57221077  -0.30437851   0.00000000
         556      200.500      145.500        0.000   1.64908897  -0.23853982   0.00000000
         557      200.500      155.500        0.000   1.47761801  -0.22878277   0.00000000
         558      200.500      165.500        0.000   1.28104610  -0.22709881   0.00000000
         559      200.500      175.500        0.000   1.19525583  -0.20556014   0.00000000
         560      200.500      185.500        0.000   1.11917424  -0.18342699   0.00000000
         561      200.500      195.500        0.000   0.99039722  -0.17319153   0.00000000
         562      200.500      205.500        0.000   0.84716311  -0.16608395   0.00000000
         563      200.500      215.500        0.000   0.75095607  -0.15151273   0.00000000
         564      200.500      225.500        0.000   0.71313332  -0.13275397   0.00000000
         565      200.500      235.500        0.000   0.71961064  -0.11708845   0.00000000
         566      200.500      245.500        0.000   0.75277830  -0.10590052   0.00000000
         567      200.500      255.500        0.000   0.81913656  -0.11863157   0.00000000
