E, 1, 2, 15, 14, 170, 171, 184, 183 
E, 2, 3, 16, 15, 171, 172, 185, 184 
E, 3, 4, 17, 16, 172, 173, 186, 185 
E, 4, 5, 18, 17, 173, 174, 187, 186 
E, 5, 6, 19, 18, 174, 175, 188, 187 
E, 6, 7, 20, 19, 175, 176, 189, 188 
E, 7, 8, 21, 20, 176, 177, 190, 189 
E, 8, 9, 22, 21, 177, 178, 191, 190 
E, 9, 10, 23, 22, 178, 179, 192, 191 
E, 10, 11, 24, 23, 179, 180, 193, 192 
E, 11, 12, 25, 24, 180, 181, 194, 193 
E, 12, 13, 26, 25, 181, 182, 195, 194 
E, 14, 15, 28, 27, 183, 184, 197, 196 
E, 15, 16, 29, 28, 184, 185, 198, 197 
E, 16, 17, 30, 29, 185, 186, 199, 198 
E, 17, 18, 31, 30, 186, 187, 200, 199 
E, 18, 19, 32, 31, 187, 188, 201, 200 
E, 19, 20, 33, 32, 188, 189, 202, 201 
E, 20, 21, 34, 33, 189, 190, 203, 202 
E, 21, 22, 35, 34, 190, 191, 204, 203 
E, 22, 23, 36, 35, 191, 192, 205, 204 
E, 23, 24, 37, 36, 192, 193, 206, 205 
E, 24, 25, 38, 37, 193, 194, 207, 206 
E, 25, 26, 39, 38, 194, 195, 208, 207 
E, 27, 28, 41, 40, 196, 197, 210, 209 
E, 28, 29, 42, 41, 197, 198, 211, 210 
E, 29, 30, 43, 42, 198, 199, 212, 211 
E, 30, 31, 44, 43, 199, 200, 213, 212 
E, 31, 32, 45, 44, 200, 201, 214, 213 
E, 32, 33, 46, 45, 201, 202, 215, 214 
E, 33, 34, 47, 46, 202, 203, 216, 215 
E, 34, 35, 48, 47, 203, 204, 217, 216 
E, 35, 36, 49, 48, 204, 205, 218, 217 
E, 36, 37, 50, 49, 205, 206, 219, 218 
E, 37, 38, 51, 50, 206, 207, 220, 219 
E, 38, 39, 52, 51, 207, 208, 221, 220 
E, 40, 41, 54, 53, 209, 210, 223, 222 
E, 41, 42, 55, 54, 210, 211, 224, 223 
E, 42, 43, 56, 55, 211, 212, 225, 224 
E, 43, 44, 57, 56, 212, 213, 226, 225 
E, 44, 45, 58, 57, 213, 214, 227, 226 
E, 45, 46, 59, 58, 214, 215, 228, 227 
E, 46, 47, 60, 59, 215, 216, 229, 228 
E, 47, 48, 61, 60, 216, 217, 230, 229 
E, 48, 49, 62, 61, 217, 218, 231, 230 
E, 49, 50, 63, 62, 218, 219, 232, 231 
E, 50, 51, 64, 63, 219, 220, 233, 232 
E, 51, 52, 65, 64, 220, 221, 234, 233 
E, 53, 54, 67, 66, 222, 223, 236, 235 
E, 54, 55, 68, 67, 223, 224, 237, 236 
E, 55, 56, 69, 68, 224, 225, 238, 237 
E, 56, 57, 70, 69, 225, 226, 239, 238 
E, 57, 58, 71, 70, 226, 227, 240, 239 
E, 58, 59, 72, 71, 227, 228, 241, 240 
E, 59, 60, 73, 72, 228, 229, 242, 241 
E, 60, 61, 74, 73, 229, 230, 243, 242 
E, 61, 62, 75, 74, 230, 231, 244, 243 
E, 62, 63, 76, 75, 231, 232, 245, 244 
E, 63, 64, 77, 76, 232, 233, 246, 245 
E, 64, 65, 78, 77, 233, 234, 247, 246 
E, 66, 67, 80, 79, 235, 236, 249, 248 
E, 67, 68, 81, 80, 236, 237, 250, 249 
E, 68, 69, 82, 81, 237, 238, 251, 250 
E, 69, 70, 83, 82, 238, 239, 252, 251 
E, 70, 71, 84, 83, 239, 240, 253, 252 
E, 71, 72, 85, 84, 240, 241, 254, 253 
E, 72, 73, 86, 85, 241, 242, 255, 254 
E, 73, 74, 87, 86, 242, 243, 256, 255 
E, 74, 75, 88, 87, 243, 244, 257, 256 
E, 75, 76, 89, 88, 244, 245, 258, 257 
E, 76, 77, 90, 89, 245, 246, 259, 258 
E, 77, 78, 91, 90, 246, 247, 260, 259 
E, 79, 80, 93, 92, 248, 249, 262, 261 
E, 80, 81, 94, 93, 249, 250, 263, 262 
E, 81, 82, 95, 94, 250, 251, 264, 263 
E, 82, 83, 96, 95, 251, 252, 265, 264 
E, 83, 84, 97, 96, 252, 253, 266, 265 
E, 84, 85, 98, 97, 253, 254, 267, 266 
E, 85, 86, 99, 98, 254, 255, 268, 267 
E, 86, 87, 100, 99, 255, 256, 269, 268 
E, 87, 88, 101, 100, 256, 257, 270, 269 
E, 88, 89, 102, 101, 257, 258, 271, 270 
E, 89, 90, 103, 102, 258, 259, 272, 271 
E, 90, 91, 104, 103, 259, 260, 273, 272 
E, 92, 93, 106, 105, 261, 262, 275, 274 
E, 93, 94, 107, 106, 262, 263, 276, 275 
E, 94, 95, 108, 107, 263, 264, 277, 276 
E, 95, 96, 109, 108, 264, 265, 278, 277 
E, 96, 97, 110, 109, 265, 266, 279, 278 
E, 97, 98, 111, 110, 266, 267, 280, 279 
E, 98, 99, 112, 111, 267, 268, 281, 280 
E, 99, 100, 113, 112, 268, 269, 282, 281 
E, 100, 101, 114, 113, 269, 270, 283, 282 
E, 101, 102, 115, 114, 270, 271, 284, 283 
E, 102, 103, 116, 115, 271, 272, 285, 284 
E, 103, 104, 117, 116, 272, 273, 286, 285 
E, 105, 106, 119, 118, 274, 275, 288, 287 
E, 106, 107, 120, 119, 275, 276, 289, 288 
E, 107, 108, 121, 120, 276, 277, 290, 289 
E, 108, 109, 122, 121, 277, 278, 291, 290 
E, 109, 110, 123, 122, 278, 279, 292, 291 
E, 110, 111, 124, 123, 279, 280, 293, 292 
E, 111, 112, 125, 124, 280, 281, 294, 293 
E, 112, 113, 126, 125, 281, 282, 295, 294 
E, 113, 114, 127, 126, 282, 283, 296, 295 
E, 114, 115, 128, 127, 283, 284, 297, 296 
E, 115, 116, 129, 128, 284, 285, 298, 297 
E, 116, 117, 130, 129, 285, 286, 299, 298 
E, 118, 119, 132, 131, 287, 288, 301, 300 
E, 119, 120, 133, 132, 288, 289, 302, 301 
E, 120, 121, 134, 133, 289, 290, 303, 302 
E, 121, 122, 135, 134, 290, 291, 304, 303 
E, 122, 123, 136, 135, 291, 292, 305, 304 
E, 123, 124, 137, 136, 292, 293, 306, 305 
E, 124, 125, 138, 137, 293, 294, 307, 306 
E, 125, 126, 139, 138, 294, 295, 308, 307 
E, 126, 127, 140, 139, 295, 296, 309, 308 
E, 127, 128, 141, 140, 296, 297, 310, 309 
E, 128, 129, 142, 141, 297, 298, 311, 310 
E, 129, 130, 143, 142, 298, 299, 312, 311 
E, 131, 132, 145, 144, 300, 301, 314, 313 
E, 132, 133, 146, 145, 301, 302, 315, 314 
E, 133, 134, 147, 146, 302, 303, 316, 315 
E, 134, 135, 148, 147, 303, 304, 317, 316 
E, 135, 136, 149, 148, 304, 305, 318, 317 
E, 136, 137, 150, 149, 305, 306, 319, 318 
E, 137, 138, 151, 150, 306, 307, 320, 319 
E, 138, 139, 152, 151, 307, 308, 321, 320 
E, 139, 140, 153, 152, 308, 309, 322, 321 
E, 140, 141, 154, 153, 309, 310, 323, 322 
E, 141, 142, 155, 154, 310, 311, 324, 323 
E, 142, 143, 156, 155, 311, 312, 325, 324 
E, 144, 145, 158, 157, 313, 314, 327, 326 
E, 145, 146, 159, 158, 314, 315, 328, 327 
E, 146, 147, 160, 159, 315, 316, 329, 328 
E, 147, 148, 161, 160, 316, 317, 330, 329 
E, 148, 149, 162, 161, 317, 318, 331, 330 
E, 149, 150, 163, 162, 318, 319, 332, 331 
E, 150, 151, 164, 163, 319, 320, 333, 332 
E, 151, 152, 165, 164, 320, 321, 334, 333 
E, 152, 153, 166, 165, 321, 322, 335, 334 
E, 153, 154, 167, 166, 322, 323, 336, 335 
E, 154, 155, 168, 167, 323, 324, 337, 336 
E, 155, 156, 169, 168, 324, 325, 338, 337 
E, 170, 171, 184, 183, 339, 340, 353, 352 
E, 171, 172, 185, 184, 340, 341, 354, 353 
E, 172, 173, 186, 185, 341, 342, 355, 354 
E, 173, 174, 187, 186, 342, 343, 356, 355 
E, 174, 175, 188, 187, 343, 344, 357, 356 
E, 175, 176, 189, 188, 344, 345, 358, 357 
E, 176, 177, 190, 189, 345, 346, 359, 358 
E, 177, 178, 191, 190, 346, 347, 360, 359 
E, 178, 179, 192, 191, 347, 348, 361, 360 
E, 179, 180, 193, 192, 348, 349, 362, 361 
E, 180, 181, 194, 193, 349, 350, 363, 362 
E, 181, 182, 195, 194, 350, 351, 364, 363 
E, 183, 184, 197, 196, 352, 353, 366, 365 
E, 184, 185, 198, 197, 353, 354, 367, 366 
E, 185, 186, 199, 198, 354, 355, 368, 367 
E, 186, 187, 200, 199, 355, 356, 369, 368 
E, 187, 188, 201, 200, 356, 357, 370, 369 
E, 188, 189, 202, 201, 357, 358, 371, 370 
E, 189, 190, 203, 202, 358, 359, 372, 371 
E, 190, 191, 204, 203, 359, 360, 373, 372 
E, 191, 192, 205, 204, 360, 361, 374, 373 
E, 192, 193, 206, 205, 361, 362, 375, 374 
E, 193, 194, 207, 206, 362, 363, 376, 375 
E, 194, 195, 208, 207, 363, 364, 377, 376 
E, 196, 197, 210, 209, 365, 366, 379, 378 
E, 197, 198, 211, 210, 366, 367, 380, 379 
E, 198, 199, 212, 211, 367, 368, 381, 380 
E, 199, 200, 213, 212, 368, 369, 382, 381 
E, 200, 201, 214, 213, 369, 370, 383, 382 
E, 201, 202, 215, 214, 370, 371, 384, 383 
E, 202, 203, 216, 215, 371, 372, 385, 384 
E, 203, 204, 217, 216, 372, 373, 386, 385 
E, 204, 205, 218, 217, 373, 374, 387, 386 
E, 205, 206, 219, 218, 374, 375, 388, 387 
E, 206, 207, 220, 219, 375, 376, 389, 388 
E, 207, 208, 221, 220, 376, 377, 390, 389 
E, 209, 210, 223, 222, 378, 379, 392, 391 
E, 210, 211, 224, 223, 379, 380, 393, 392 
E, 211, 212, 225, 224, 380, 381, 394, 393 
E, 212, 213, 226, 225, 381, 382, 395, 394 
E, 213, 214, 227, 226, 382, 383, 396, 395 
E, 214, 215, 228, 227, 383, 384, 397, 396 
E, 215, 216, 229, 228, 384, 385, 398, 397 
E, 216, 217, 230, 229, 385, 386, 399, 398 
E, 217, 218, 231, 230, 386, 387, 400, 399 
E, 218, 219, 232, 231, 387, 388, 401, 400 
E, 219, 220, 233, 232, 388, 389, 402, 401 
E, 220, 221, 234, 233, 389, 390, 403, 402 
E, 222, 223, 236, 235, 391, 392, 405, 404 
E, 223, 224, 237, 236, 392, 393, 406, 405 
E, 224, 225, 238, 237, 393, 394, 407, 406 
E, 225, 226, 239, 238, 394, 395, 408, 407 
E, 226, 227, 240, 239, 395, 396, 409, 408 
E, 227, 228, 241, 240, 396, 397, 410, 409 
E, 228, 229, 242, 241, 397, 398, 411, 410 
E, 229, 230, 243, 242, 398, 399, 412, 411 
E, 230, 231, 244, 243, 399, 400, 413, 412 
E, 231, 232, 245, 244, 400, 401, 414, 413 
E, 232, 233, 246, 245, 401, 402, 415, 414 
E, 233, 234, 247, 246, 402, 403, 416, 415 
E, 235, 236, 249, 248, 404, 405, 418, 417 
E, 236, 237, 250, 249, 405, 406, 419, 418 
E, 237, 238, 251, 250, 406, 407, 420, 419 
E, 238, 239, 252, 251, 407, 408, 421, 420 
E, 239, 240, 253, 252, 408, 409, 422, 421 
E, 240, 241, 254, 253, 409, 410, 423, 422 
E, 241, 242, 255, 254, 410, 411, 424, 423 
E, 242, 243, 256, 255, 411, 412, 425, 424 
E, 243, 244, 257, 256, 412, 413, 426, 425 
E, 244, 245, 258, 257, 413, 414, 427, 426 
E, 245, 246, 259, 258, 414, 415, 428, 427 
E, 246, 247, 260, 259, 415, 416, 429, 428 
E, 248, 249, 262, 261, 417, 418, 431, 430 
E, 249, 250, 263, 262, 418, 419, 432, 431 
E, 250, 251, 264, 263, 419, 420, 433, 432 
E, 251, 252, 265, 264, 420, 421, 434, 433 
E, 252, 253, 266, 265, 421, 422, 435, 434 
E, 253, 254, 267, 266, 422, 423, 436, 435 
E, 254, 255, 268, 267, 423, 424, 437, 436 
E, 255, 256, 269, 268, 424, 425, 438, 437 
E, 256, 257, 270, 269, 425, 426, 439, 438 
E, 257, 258, 271, 270, 426, 427, 440, 439 
E, 258, 259, 272, 271, 427, 428, 441, 440 
E, 259, 260, 273, 272, 428, 429, 442, 441 
E, 261, 262, 275, 274, 430, 431, 444, 443 
E, 262, 263, 276, 275, 431, 432, 445, 444 
E, 263, 264, 277, 276, 432, 433, 446, 445 
E, 264, 265, 278, 277, 433, 434, 447, 446 
E, 265, 266, 279, 278, 434, 435, 448, 447 
E, 266, 267, 280, 279, 435, 436, 449, 448 
E, 267, 268, 281, 280, 436, 437, 450, 449 
E, 268, 269, 282, 281, 437, 438, 451, 450 
E, 269, 270, 283, 282, 438, 439, 452, 451 
E, 270, 271, 284, 283, 439, 440, 453, 452 
E, 271, 272, 285, 284, 440, 441, 454, 453 
E, 272, 273, 286, 285, 441, 442, 455, 454 
E, 274, 275, 288, 287, 443, 444, 457, 456 
E, 275, 276, 289, 288, 444, 445, 458, 457 
E, 276, 277, 290, 289, 445, 446, 459, 458 
E, 277, 278, 291, 290, 446, 447, 460, 459 
E, 278, 279, 292, 291, 447, 448, 461, 460 
E, 279, 280, 293, 292, 448, 449, 462, 461 
E, 280, 281, 294, 293, 449, 450, 463, 462 
E, 281, 282, 295, 294, 450, 451, 464, 463 
E, 282, 283, 296, 295, 451, 452, 465, 464 
E, 283, 284, 297, 296, 452, 453, 466, 465 
E, 284, 285, 298, 297, 453, 454, 467, 466 
E, 285, 286, 299, 298, 454, 455, 468, 467 
E, 287, 288, 301, 300, 456, 457, 470, 469 
E, 288, 289, 302, 301, 457, 458, 471, 470 
E, 289, 290, 303, 302, 458, 459, 472, 471 
E, 290, 291, 304, 303, 459, 460, 473, 472 
E, 291, 292, 305, 304, 460, 461, 474, 473 
E, 292, 293, 306, 305, 461, 462, 475, 474 
E, 293, 294, 307, 306, 462, 463, 476, 475 
E, 294, 295, 308, 307, 463, 464, 477, 476 
E, 295, 296, 309, 308, 464, 465, 478, 477 
E, 296, 297, 310, 309, 465, 466, 479, 478 
E, 297, 298, 311, 310, 466, 467, 480, 479 
E, 298, 299, 312, 311, 467, 468, 481, 480 
E, 300, 301, 314, 313, 469, 470, 483, 482 
E, 301, 302, 315, 314, 470, 471, 484, 483 
E, 302, 303, 316, 315, 471, 472, 485, 484 
E, 303, 304, 317, 316, 472, 473, 486, 485 
E, 304, 305, 318, 317, 473, 474, 487, 486 
E, 305, 306, 319, 318, 474, 475, 488, 487 
E, 306, 307, 320, 319, 475, 476, 489, 488 
E, 307, 308, 321, 320, 476, 477, 490, 489 
E, 308, 309, 322, 321, 477, 478, 491, 490 
E, 309, 310, 323, 322, 478, 479, 492, 491 
E, 310, 311, 324, 323, 479, 480, 493, 492 
E, 311, 312, 325, 324, 480, 481, 494, 493 
E, 313, 314, 327, 326, 482, 483, 496, 495 
E, 314, 315, 328, 327, 483, 484, 497, 496 
E, 315, 316, 329, 328, 484, 485, 498, 497 
E, 316, 317, 330, 329, 485, 486, 499, 498 
E, 317, 318, 331, 330, 486, 487, 500, 499 
E, 318, 319, 332, 331, 487, 488, 501, 500 
E, 319, 320, 333, 332, 488, 489, 502, 501 
E, 320, 321, 334, 333, 489, 490, 503, 502 
E, 321, 322, 335, 334, 490, 491, 504, 503 
E, 322, 323, 336, 335, 491, 492, 505, 504 
E, 323, 324, 337, 336, 492, 493, 506, 505 
E, 324, 325, 338, 337, 493, 494, 507, 506 
E, 339, 340, 353, 352, 508, 509, 522, 521 
E, 340, 341, 354, 353, 509, 510, 523, 522 
E, 341, 342, 355, 354, 510, 511, 524, 523 
E, 342, 343, 356, 355, 511, 512, 525, 524 
E, 343, 344, 357, 356, 512, 513, 526, 525 
E, 344, 345, 358, 357, 513, 514, 527, 526 
E, 345, 346, 359, 358, 514, 515, 528, 527 
E, 346, 347, 360, 359, 515, 516, 529, 528 
E, 347, 348, 361, 360, 516, 517, 530, 529 
E, 348, 349, 362, 361, 517, 518, 531, 530 
E, 349, 350, 363, 362, 518, 519, 532, 531 
E, 350, 351, 364, 363, 519, 520, 533, 532 
E, 352, 353, 366, 365, 521, 522, 535, 534 
E, 353, 354, 367, 366, 522, 523, 536, 535 
E, 354, 355, 368, 367, 523, 524, 537, 536 
E, 355, 356, 369, 368, 524, 525, 538, 537 
E, 356, 357, 370, 369, 525, 526, 539, 538 
E, 357, 358, 371, 370, 526, 527, 540, 539 
E, 358, 359, 372, 371, 527, 528, 541, 540 
E, 359, 360, 373, 372, 528, 529, 542, 541 
E, 360, 361, 374, 373, 529, 530, 543, 542 
E, 361, 362, 375, 374, 530, 531, 544, 543 
E, 362, 363, 376, 375, 531, 532, 545, 544 
E, 363, 364, 377, 376, 532, 533, 546, 545 
E, 365, 366, 379, 378, 534, 535, 548, 547 
E, 366, 367, 380, 379, 535, 536, 549, 548 
E, 367, 368, 381, 380, 536, 537, 550, 549 
E, 368, 369, 382, 381, 537, 538, 551, 550 
E, 369, 370, 383, 382, 538, 539, 552, 551 
E, 370, 371, 384, 383, 539, 540, 553, 552 
E, 371, 372, 385, 384, 540, 541, 554, 553 
E, 372, 373, 386, 385, 541, 542, 555, 554 
E, 373, 374, 387, 386, 542, 543, 556, 555 
E, 374, 375, 388, 387, 543, 544, 557, 556 
E, 375, 376, 389, 388, 544, 545, 558, 557 
E, 376, 377, 390, 389, 545, 546, 559, 558 
E, 378, 379, 392, 391, 547, 548, 561, 560 
E, 379, 380, 393, 392, 548, 549, 562, 561 
E, 380, 381, 394, 393, 549, 550, 563, 562 
E, 381, 382, 395, 394, 550, 551, 564, 563 
E, 382, 383, 396, 395, 551, 552, 565, 564 
E, 383, 384, 397, 396, 552, 553, 566, 565 
E, 384, 385, 398, 397, 553, 554, 567, 566 
E, 385, 386, 399, 398, 554, 555, 568, 567 
E, 386, 387, 400, 399, 555, 556, 569, 568 
E, 387, 388, 401, 400, 556, 557, 570, 569 
E, 388, 389, 402, 401, 557, 558, 571, 570 
E, 389, 390, 403, 402, 558, 559, 572, 571 
E, 391, 392, 405, 404, 560, 561, 574, 573 
E, 392, 393, 406, 405, 561, 562, 575, 574 
E, 393, 394, 407, 406, 562, 563, 576, 575 
E, 394, 395, 408, 407, 563, 564, 577, 576 
E, 395, 396, 409, 408, 564, 565, 578, 577 
E, 396, 397, 410, 409, 565, 566, 579, 578 
E, 397, 398, 411, 410, 566, 567, 580, 579 
E, 398, 399, 412, 411, 567, 568, 581, 580 
E, 399, 400, 413, 412, 568, 569, 582, 581 
E, 400, 401, 414, 413, 569, 570, 583, 582 
E, 401, 402, 415, 414, 570, 571, 584, 583 
E, 402, 403, 416, 415, 571, 572, 585, 584 
E, 404, 405, 418, 417, 573, 574, 587, 586 
E, 405, 406, 419, 418, 574, 575, 588, 587 
E, 406, 407, 420, 419, 575, 576, 589, 588 
E, 407, 408, 421, 420, 576, 577, 590, 589 
E, 408, 409, 422, 421, 577, 578, 591, 590 
E, 409, 410, 423, 422, 578, 579, 592, 591 
E, 410, 411, 424, 423, 579, 580, 593, 592 
E, 411, 412, 425, 424, 580, 581, 594, 593 
E, 412, 413, 426, 425, 581, 582, 595, 594 
E, 413, 414, 427, 426, 582, 583, 596, 595 
E, 414, 415, 428, 427, 583, 584, 597, 596 
E, 415, 416, 429, 428, 584, 585, 598, 597 
E, 417, 418, 431, 430, 586, 587, 600, 599 
E, 418, 419, 432, 431, 587, 588, 601, 600 
E, 419, 420, 433, 432, 588, 589, 602, 601 
E, 420, 421, 434, 433, 589, 590, 603, 602 
E, 421, 422, 435, 434, 590, 591, 604, 603 
E, 422, 423, 436, 435, 591, 592, 605, 604 
E, 423, 424, 437, 436, 592, 593, 606, 605 
E, 424, 425, 438, 437, 593, 594, 607, 606 
E, 425, 426, 439, 438, 594, 595, 608, 607 
E, 426, 427, 440, 439, 595, 596, 609, 608 
E, 427, 428, 441, 440, 596, 597, 610, 609 
E, 428, 429, 442, 441, 597, 598, 611, 610 
E, 430, 431, 444, 443, 599, 600, 613, 612 
E, 431, 432, 445, 444, 600, 601, 614, 613 
E, 432, 433, 446, 445, 601, 602, 615, 614 
E, 433, 434, 447, 446, 602, 603, 616, 615 
E, 434, 435, 448, 447, 603, 604, 617, 616 
E, 435, 436, 449, 448, 604, 605, 618, 617 
E, 436, 437, 450, 449, 605, 606, 619, 618 
E, 437, 438, 451, 450, 606, 607, 620, 619 
E, 438, 439, 452, 451, 607, 608, 621, 620 
E, 439, 440, 453, 452, 608, 609, 622, 621 
E, 440, 441, 454, 453, 609, 610, 623, 622 
E, 441, 442, 455, 454, 610, 611, 624, 623 
E, 443, 444, 457, 456, 612, 613, 626, 625 
E, 444, 445, 458, 457, 613, 614, 627, 626 
E, 445, 446, 459, 458, 614, 615, 628, 627 
E, 446, 447, 460, 459, 615, 616, 629, 628 
E, 447, 448, 461, 460, 616, 617, 630, 629 
E, 448, 449, 462, 461, 617, 618, 631, 630 
E, 449, 450, 463, 462, 618, 619, 632, 631 
E, 450, 451, 464, 463, 619, 620, 633, 632 
E, 451, 452, 465, 464, 620, 621, 634, 633 
E, 452, 453, 466, 465, 621, 622, 635, 634 
E, 453, 454, 467, 466, 622, 623, 636, 635 
E, 454, 455, 468, 467, 623, 624, 637, 636 
E, 456, 457, 470, 469, 625, 626, 639, 638 
E, 457, 458, 471, 470, 626, 627, 640, 639 
E, 458, 459, 472, 471, 627, 628, 641, 640 
E, 459, 460, 473, 472, 628, 629, 642, 641 
E, 460, 461, 474, 473, 629, 630, 643, 642 
E, 461, 462, 475, 474, 630, 631, 644, 643 
E, 462, 463, 476, 475, 631, 632, 645, 644 
E, 463, 464, 477, 476, 632, 633, 646, 645 
E, 464, 465, 478, 477, 633, 634, 647, 646 
E, 465, 466, 479, 478, 634, 635, 648, 647 
E, 466, 467, 480, 479, 635, 636, 649, 648 
E, 467, 468, 481, 480, 636, 637, 650, 649 
E, 469, 470, 483, 482, 638, 639, 652, 651 
E, 470, 471, 484, 483, 639, 640, 653, 652 
E, 471, 472, 485, 484, 640, 641, 654, 653 
E, 472, 473, 486, 485, 641, 642, 655, 654 
E, 473, 474, 487, 486, 642, 643, 656, 655 
E, 474, 475, 488, 487, 643, 644, 657, 656 
E, 475, 476, 489, 488, 644, 645, 658, 657 
E, 476, 477, 490, 489, 645, 646, 659, 658 
E, 477, 478, 491, 490, 646, 647, 660, 659 
E, 478, 479, 492, 491, 647, 648, 661, 660 
E, 479, 480, 493, 492, 648, 649, 662, 661 
E, 480, 481, 494, 493, 649, 650, 663, 662 
E, 482, 483, 496, 495, 651, 652, 665, 664 
E, 483, 484, 497, 496, 652, 653, 666, 665 
E, 484, 485, 498, 497, 653, 654, 667, 666 
E, 485, 486, 499, 498, 654, 655, 668, 667 
E, 486, 487, 500, 499, 655, 656, 669, 668 
E, 487, 488, 501, 500, 656, 657, 670, 669 
E, 488, 489, 502, 501, 657, 658, 671, 670 
E, 489, 490, 503, 502, 658, 659, 672, 671 
E, 490, 491, 504, 503, 659, 660, 673, 672 
E, 491, 492, 505, 504, 660, 661, 674, 673 
E, 492, 493, 506, 505, 661, 662, 675, 674 
E, 493, 494, 507, 506, 662, 663, 676, 675 
E, 508, 509, 522, 521, 677, 678, 691, 690 
E, 509, 510, 523, 522, 678, 679, 692, 691 
E, 510, 511, 524, 523, 679, 680, 693, 692 
E, 511, 512, 525, 524, 680, 681, 694, 693 
E, 512, 513, 526, 525, 681, 682, 695, 694 
E, 513, 514, 527, 526, 682, 683, 696, 695 
E, 514, 515, 528, 527, 683, 684, 697, 696 
E, 515, 516, 529, 528, 684, 685, 698, 697 
E, 516, 517, 530, 529, 685, 686, 699, 698 
E, 517, 518, 531, 530, 686, 687, 700, 699 
E, 518, 519, 532, 531, 687, 688, 701, 700 
E, 519, 520, 533, 532, 688, 689, 702, 701 
E, 521, 522, 535, 534, 690, 691, 704, 703 
E, 522, 523, 536, 535, 691, 692, 705, 704 
E, 523, 524, 537, 536, 692, 693, 706, 705 
E, 524, 525, 538, 537, 693, 694, 707, 706 
E, 525, 526, 539, 538, 694, 695, 708, 707 
E, 526, 527, 540, 539, 695, 696, 709, 708 
E, 527, 528, 541, 540, 696, 697, 710, 709 
E, 528, 529, 542, 541, 697, 698, 711, 710 
E, 529, 530, 543, 542, 698, 699, 712, 711 
E, 530, 531, 544, 543, 699, 700, 713, 712 
E, 531, 532, 545, 544, 700, 701, 714, 713 
E, 532, 533, 546, 545, 701, 702, 715, 714 
E, 534, 535, 548, 547, 703, 704, 717, 716 
E, 535, 536, 549, 548, 704, 705, 718, 717 
E, 536, 537, 550, 549, 705, 706, 719, 718 
E, 537, 538, 551, 550, 706, 707, 720, 719 
E, 538, 539, 552, 551, 707, 708, 721, 720 
E, 539, 540, 553, 552, 708, 709, 722, 721 
E, 540, 541, 554, 553, 709, 710, 723, 722 
E, 541, 542, 555, 554, 710, 711, 724, 723 
E, 542, 543, 556, 555, 711, 712, 725, 724 
E, 543, 544, 557, 556, 712, 713, 726, 725 
E, 544, 545, 558, 557, 713, 714, 727, 726 
E, 545, 546, 559, 558, 714, 715, 728, 727 
E, 547, 548, 561, 560, 716, 717, 730, 729 
E, 548, 549, 562, 561, 717, 718, 731, 730 
E, 549, 550, 563, 562, 718, 719, 732, 731 
E, 550, 551, 564, 563, 719, 720, 733, 732 
E, 551, 552, 565, 564, 720, 721, 734, 733 
E, 552, 553, 566, 565, 721, 722, 735, 734 
E, 553, 554, 567, 566, 722, 723, 736, 735 
E, 554, 555, 568, 567, 723, 724, 737, 736 
E, 555, 556, 569, 568, 724, 725, 738, 737 
E, 556, 557, 570, 569, 725, 726, 739, 738 
E, 557, 558, 571, 570, 726, 727, 740, 739 
E, 558, 559, 572, 571, 727, 728, 741, 740 
E, 560, 561, 574, 573, 729, 730, 743, 742 
E, 561, 562, 575, 574, 730, 731, 744, 743 
E, 562, 563, 576, 575, 731, 732, 745, 744 
E, 563, 564, 577, 576, 732, 733, 746, 745 
E, 564, 565, 578, 577, 733, 734, 747, 746 
E, 565, 566, 579, 578, 734, 735, 748, 747 
E, 566, 567, 580, 579, 735, 736, 749, 748 
E, 567, 568, 581, 580, 736, 737, 750, 749 
E, 568, 569, 582, 581, 737, 738, 751, 750 
E, 569, 570, 583, 582, 738, 739, 752, 751 
E, 570, 571, 584, 583, 739, 740, 753, 752 
E, 571, 572, 585, 584, 740, 741, 754, 753 
E, 573, 574, 587, 586, 742, 743, 756, 755 
E, 574, 575, 588, 587, 743, 744, 757, 756 
E, 575, 576, 589, 588, 744, 745, 758, 757 
E, 576, 577, 590, 589, 745, 746, 759, 758 
E, 577, 578, 591, 590, 746, 747, 760, 759 
E, 578, 579, 592, 591, 747, 748, 761, 760 
E, 579, 580, 593, 592, 748, 749, 762, 761 
E, 580, 581, 594, 593, 749, 750, 763, 762 
E, 581, 582, 595, 594, 750, 751, 764, 763 
E, 582, 583, 596, 595, 751, 752, 765, 764 
E, 583, 584, 597, 596, 752, 753, 766, 765 
E, 584, 585, 598, 597, 753, 754, 767, 766 
E, 586, 587, 600, 599, 755, 756, 769, 768 
E, 587, 588, 601, 600, 756, 757, 770, 769 
E, 588, 589, 602, 601, 757, 758, 771, 770 
E, 589, 590, 603, 602, 758, 759, 772, 771 
E, 590, 591, 604, 603, 759, 760, 773, 772 
E, 591, 592, 605, 604, 760, 761, 774, 773 
E, 592, 593, 606, 605, 761, 762, 775, 774 
E, 593, 594, 607, 606, 762, 763, 776, 775 
E, 594, 595, 608, 607, 763, 764, 777, 776 
E, 595, 596, 609, 608, 764, 765, 778, 777 
E, 596, 597, 610, 609, 765, 766, 779, 778 
E, 597, 598, 611, 610, 766, 767, 780, 779 
E, 599, 600, 613, 612, 768, 769, 782, 781 
E, 600, 601, 614, 613, 769, 770, 783, 782 
E, 601, 602, 615, 614, 770, 771, 784, 783 
E, 602, 603, 616, 615, 771, 772, 785, 784 
E, 603, 604, 617, 616, 772, 773, 786, 785 
E, 604, 605, 618, 617, 773, 774, 787, 786 
E, 605, 606, 619, 618, 774, 775, 788, 787 
E, 606, 607, 620, 619, 775, 776, 789, 788 
E, 607, 608, 621, 620, 776, 777, 790, 789 
E, 608, 609, 622, 621, 777, 778, 791, 790 
E, 609, 610, 623, 622, 778, 779, 792, 791 
E, 610, 611, 624, 623, 779, 780, 793, 792 
E, 612, 613, 626, 625, 781, 782, 795, 794 
E, 613, 614, 627, 626, 782, 783, 796, 795 
E, 614, 615, 628, 627, 783, 784, 797, 796 
E, 615, 616, 629, 628, 784, 785, 798, 797 
E, 616, 617, 630, 629, 785, 786, 799, 798 
E, 617, 618, 631, 630, 786, 787, 800, 799 
E, 618, 619, 632, 631, 787, 788, 801, 800 
E, 619, 620, 633, 632, 788, 789, 802, 801 
E, 620, 621, 634, 633, 789, 790, 803, 802 
E, 621, 622, 635, 634, 790, 791, 804, 803 
E, 622, 623, 636, 635, 791, 792, 805, 804 
E, 623, 624, 637, 636, 792, 793, 806, 805 
E, 625, 626, 639, 638, 794, 795, 808, 807 
E, 626, 627, 640, 639, 795, 796, 809, 808 
E, 627, 628, 641, 640, 796, 797, 810, 809 
E, 628, 629, 642, 641, 797, 798, 811, 810 
E, 629, 630, 643, 642, 798, 799, 812, 811 
E, 630, 631, 644, 643, 799, 800, 813, 812 
E, 631, 632, 645, 644, 800, 801, 814, 813 
E, 632, 633, 646, 645, 801, 802, 815, 814 
E, 633, 634, 647, 646, 802, 803, 816, 815 
E, 634, 635, 648, 647, 803, 804, 817, 816 
E, 635, 636, 649, 648, 804, 805, 818, 817 
E, 636, 637, 650, 649, 805, 806, 819, 818 
E, 638, 639, 652, 651, 807, 808, 821, 820 
E, 639, 640, 653, 652, 808, 809, 822, 821 
E, 640, 641, 654, 653, 809, 810, 823, 822 
E, 641, 642, 655, 654, 810, 811, 824, 823 
E, 642, 643, 656, 655, 811, 812, 825, 824 
E, 643, 644, 657, 656, 812, 813, 826, 825 
E, 644, 645, 658, 657, 813, 814, 827, 826 
E, 645, 646, 659, 658, 814, 815, 828, 827 
E, 646, 647, 660, 659, 815, 816, 829, 828 
E, 647, 648, 661, 660, 816, 817, 830, 829 
E, 648, 649, 662, 661, 817, 818, 831, 830 
E, 649, 650, 663, 662, 818, 819, 832, 831 
E, 651, 652, 665, 664, 820, 821, 834, 833 
E, 652, 653, 666, 665, 821, 822, 835, 834 
E, 653, 654, 667, 666, 822, 823, 836, 835 
E, 654, 655, 668, 667, 823, 824, 837, 836 
E, 655, 656, 669, 668, 824, 825, 838, 837 
E, 656, 657, 670, 669, 825, 826, 839, 838 
E, 657, 658, 671, 670, 826, 827, 840, 839 
E, 658, 659, 672, 671, 827, 828, 841, 840 
E, 659, 660, 673, 672, 828, 829, 842, 841 
E, 660, 661, 674, 673, 829, 830, 843, 842 
E, 661, 662, 675, 674, 830, 831, 844, 843 
E, 662, 663, 676, 675, 831, 832, 845, 844 
E, 677, 678, 691, 690, 846, 847, 860, 859 
E, 678, 679, 692, 691, 847, 848, 861, 860 
E, 679, 680, 693, 692, 848, 849, 862, 861 
E, 680, 681, 694, 693, 849, 850, 863, 862 
E, 681, 682, 695, 694, 850, 851, 864, 863 
E, 682, 683, 696, 695, 851, 852, 865, 864 
E, 683, 684, 697, 696, 852, 853, 866, 865 
E, 684, 685, 698, 697, 853, 854, 867, 866 
E, 685, 686, 699, 698, 854, 855, 868, 867 
E, 686, 687, 700, 699, 855, 856, 869, 868 
E, 687, 688, 701, 700, 856, 857, 870, 869 
E, 688, 689, 702, 701, 857, 858, 871, 870 
E, 690, 691, 704, 703, 859, 860, 873, 872 
E, 691, 692, 705, 704, 860, 861, 874, 873 
E, 692, 693, 706, 705, 861, 862, 875, 874 
E, 693, 694, 707, 706, 862, 863, 876, 875 
E, 694, 695, 708, 707, 863, 864, 877, 876 
E, 695, 696, 709, 708, 864, 865, 878, 877 
E, 696, 697, 710, 709, 865, 866, 879, 878 
E, 697, 698, 711, 710, 866, 867, 880, 879 
E, 698, 699, 712, 711, 867, 868, 881, 880 
E, 699, 700, 713, 712, 868, 869, 882, 881 
E, 700, 701, 714, 713, 869, 870, 883, 882 
E, 701, 702, 715, 714, 870, 871, 884, 883 
E, 703, 704, 717, 716, 872, 873, 886, 885 
E, 704, 705, 718, 717, 873, 874, 887, 886 
E, 705, 706, 719, 718, 874, 875, 888, 887 
E, 706, 707, 720, 719, 875, 876, 889, 888 
E, 707, 708, 721, 720, 876, 877, 890, 889 
E, 708, 709, 722, 721, 877, 878, 891, 890 
E, 709, 710, 723, 722, 878, 879, 892, 891 
E, 710, 711, 724, 723, 879, 880, 893, 892 
E, 711, 712, 725, 724, 880, 881, 894, 893 
E, 712, 713, 726, 725, 881, 882, 895, 894 
E, 713, 714, 727, 726, 882, 883, 896, 895 
E, 714, 715, 728, 727, 883, 884, 897, 896 
E, 716, 717, 730, 729, 885, 886, 899, 898 
E, 717, 718, 731, 730, 886, 887, 900, 899 
E, 718, 719, 732, 731, 887, 888, 901, 900 
E, 719, 720, 733, 732, 888, 889, 902, 901 
E, 720, 721, 734, 733, 889, 890, 903, 902 
E, 721, 722, 735, 734, 890, 891, 904, 903 
E, 722, 723, 736, 735, 891, 892, 905, 904 
E, 723, 724, 737, 736, 892, 893, 906, 905 
E, 724, 725, 738, 737, 893, 894, 907, 906 
E, 725, 726, 739, 738, 894, 895, 908, 907 
E, 726, 727, 740, 739, 895, 896, 909, 908 
E, 727, 728, 741, 740, 896, 897, 910, 909 
E, 729, 730, 743, 742, 898, 899, 912, 911 
E, 730, 731, 744, 743, 899, 900, 913, 912 
E, 731, 732, 745, 744, 900, 901, 914, 913 
E, 732, 733, 746, 745, 901, 902, 915, 914 
E, 733, 734, 747, 746, 902, 903, 916, 915 
E, 734, 735, 748, 747, 903, 904, 917, 916 
E, 735, 736, 749, 748, 904, 905, 918, 917 
E, 736, 737, 750, 749, 905, 906, 919, 918 
E, 737, 738, 751, 750, 906, 907, 920, 919 
E, 738, 739, 752, 751, 907, 908, 921, 920 
E, 739, 740, 753, 752, 908, 909, 922, 921 
E, 740, 741, 754, 753, 909, 910, 923, 922 
E, 742, 743, 756, 755, 911, 912, 925, 924 
E, 743, 744, 757, 756, 912, 913, 926, 925 
E, 744, 745, 758, 757, 913, 914, 927, 926 
E, 745, 746, 759, 758, 914, 915, 928, 927 
E, 746, 747, 760, 759, 915, 916, 929, 928 
E, 747, 748, 761, 760, 916, 917, 930, 929 
E, 748, 749, 762, 761, 917, 918, 931, 930 
E, 749, 750, 763, 762, 918, 919, 932, 931 
E, 750, 751, 764, 763, 919, 920, 933, 932 
E, 751, 752, 765, 764, 920, 921, 934, 933 
E, 752, 753, 766, 765, 921, 922, 935, 934 
E, 753, 754, 767, 766, 922, 923, 936, 935 
E, 755, 756, 769, 768, 924, 925, 938, 937 
E, 756, 757, 770, 769, 925, 926, 939, 938 
E, 757, 758, 771, 770, 926, 927, 940, 939 
E, 758, 759, 772, 771, 927, 928, 941, 940 
E, 759, 760, 773, 772, 928, 929, 942, 941 
E, 760, 761, 774, 773, 929, 930, 943, 942 
E, 761, 762, 775, 774, 930, 931, 944, 943 
E, 762, 763, 776, 775, 931, 932, 945, 944 
E, 763, 764, 777, 776, 932, 933, 946, 945 
E, 764, 765, 778, 777, 933, 934, 947, 946 
E, 765, 766, 779, 778, 934, 935, 948, 947 
E, 766, 767, 780, 779, 935, 936, 949, 948 
E, 768, 769, 782, 781, 937, 938, 951, 950 
E, 769, 770, 783, 782, 938, 939, 952, 951 
E, 770, 771, 784, 783, 939, 940, 953, 952 
E, 771, 772, 785, 784, 940, 941, 954, 953 
E, 772, 773, 786, 785, 941, 942, 955, 954 
E, 773, 774, 787, 786, 942, 943, 956, 955 
E, 774, 775, 788, 787, 943, 944, 957, 956 
E, 775, 776, 789, 788, 944, 945, 958, 957 
E, 776, 777, 790, 789, 945, 946, 959, 958 
E, 777, 778, 791, 790, 946, 947, 960, 959 
E, 778, 779, 792, 791, 947, 948, 961, 960 
E, 779, 780, 793, 792, 948, 949, 962, 961 
E, 781, 782, 795, 794, 950, 951, 964, 963 
E, 782, 783, 796, 795, 951, 952, 965, 964 
E, 783, 784, 797, 796, 952, 953, 966, 965 
E, 784, 785, 798, 797, 953, 954, 967, 966 
E, 785, 786, 799, 798, 954, 955, 968, 967 
E, 786, 787, 800, 799, 955, 956, 969, 968 
E, 787, 788, 801, 800, 956, 957, 970, 969 
E, 788, 789, 802, 801, 957, 958, 971, 970 
E, 789, 790, 803, 802, 958, 959, 972, 971 
E, 790, 791, 804, 803, 959, 960, 973, 972 
E, 791, 792, 805, 804, 960, 961, 974, 973 
E, 792, 793, 806, 805, 961, 962, 975, 974 
E, 794, 795, 808, 807, 963, 964, 977, 976 
E, 795, 796, 809, 808, 964, 965, 978, 977 
E, 796, 797, 810, 809, 965, 966, 979, 978 
E, 797, 798, 811, 810, 966, 967, 980, 979 
E, 798, 799, 812, 811, 967, 968, 981, 980 
E, 799, 800, 813, 812, 968, 969, 982, 981 
E, 800, 801, 814, 813, 969, 970, 983, 982 
E, 801, 802, 815, 814, 970, 971, 984, 983 
E, 802, 803, 816, 815, 971, 972, 985, 984 
E, 803, 804, 817, 816, 972, 973, 986, 985 
E, 804, 805, 818, 817, 973, 974, 987, 986 
E, 805, 806, 819, 818, 974, 975, 988, 987 
E, 807, 808, 821, 820, 976, 977, 990, 989 
E, 808, 809, 822, 821, 977, 978, 991, 990 
E, 809, 810, 823, 822, 978, 979, 992, 991 
E, 810, 811, 824, 823, 979, 980, 993, 992 
E, 811, 812, 825, 824, 980, 981, 994, 993 
E, 812, 813, 826, 825, 981, 982, 995, 994 
E, 813, 814, 827, 826, 982, 983, 996, 995 
E, 814, 815, 828, 827, 983, 984, 997, 996 
E, 815, 816, 829, 828, 984, 985, 998, 997 
E, 816, 817, 830, 829, 985, 986, 999, 998 
E, 817, 818, 831, 830, 986, 987, 1000, 999 
E, 818, 819, 832, 831, 987, 988, 1001, 1000 
E, 820, 821, 834, 833, 989, 990, 1003, 1002 
E, 821, 822, 835, 834, 990, 991, 1004, 1003 
E, 822, 823, 836, 835, 991, 992, 1005, 1004 
E, 823, 824, 837, 836, 992, 993, 1006, 1005 
E, 824, 825, 838, 837, 993, 994, 1007, 1006 
E, 825, 826, 839, 838, 994, 995, 1008, 1007 
E, 826, 827, 840, 839, 995, 996, 1009, 1008 
E, 827, 828, 841, 840, 996, 997, 1010, 1009 
E, 828, 829, 842, 841, 997, 998, 1011, 1010 
E, 829, 830, 843, 842, 998, 999, 1012, 1011 
E, 830, 831, 844, 843, 999, 1000, 1013, 1012 
E, 831, 832, 845, 844, 1000, 1001, 1014, 1013 
E, 846, 847, 860, 859, 1015, 1016, 1029, 1028 
E, 847, 848, 861, 860, 1016, 1017, 1030, 1029 
E, 848, 849, 862, 861, 1017, 1018, 1031, 1030 
E, 849, 850, 863, 862, 1018, 1019, 1032, 1031 
E, 850, 851, 864, 863, 1019, 1020, 1033, 1032 
E, 851, 852, 865, 864, 1020, 1021, 1034, 1033 
E, 852, 853, 866, 865, 1021, 1022, 1035, 1034 
E, 853, 854, 867, 866, 1022, 1023, 1036, 1035 
E, 854, 855, 868, 867, 1023, 1024, 1037, 1036 
E, 855, 856, 869, 868, 1024, 1025, 1038, 1037 
E, 856, 857, 870, 869, 1025, 1026, 1039, 1038 
E, 857, 858, 871, 870, 1026, 1027, 1040, 1039 
E, 859, 860, 873, 872, 1028, 1029, 1042, 1041 
E, 860, 861, 874, 873, 1029, 1030, 1043, 1042 
E, 861, 862, 875, 874, 1030, 1031, 1044, 1043 
E, 862, 863, 876, 875, 1031, 1032, 1045, 1044 
E, 863, 864, 877, 876, 1032, 1033, 1046, 1045 
E, 864, 865, 878, 877, 1033, 1034, 1047, 1046 
E, 865, 866, 879, 878, 1034, 1035, 1048, 1047 
E, 866, 867, 880, 879, 1035, 1036, 1049, 1048 
E, 867, 868, 881, 880, 1036, 1037, 1050, 1049 
E, 868, 869, 882, 881, 1037, 1038, 1051, 1050 
E, 869, 870, 883, 882, 1038, 1039, 1052, 1051 
E, 870, 871, 884, 883, 1039, 1040, 1053, 1052 
E, 872, 873, 886, 885, 1041, 1042, 1055, 1054 
E, 873, 874, 887, 886, 1042, 1043, 1056, 1055 
E, 874, 875, 888, 887, 1043, 1044, 1057, 1056 
E, 875, 876, 889, 888, 1044, 1045, 1058, 1057 
E, 876, 877, 890, 889, 1045, 1046, 1059, 1058 
E, 877, 878, 891, 890, 1046, 1047, 1060, 1059 
E, 878, 879, 892, 891, 1047, 1048, 1061, 1060 
E, 879, 880, 893, 892, 1048, 1049, 1062, 1061 
E, 880, 881, 894, 893, 1049, 1050, 1063, 1062 
E, 881, 882, 895, 894, 1050, 1051, 1064, 1063 
E, 882, 883, 896, 895, 1051, 1052, 1065, 1064 
E, 883, 884, 897, 896, 1052, 1053, 1066, 1065 
E, 885, 886, 899, 898, 1054, 1055, 1068, 1067 
E, 886, 887, 900, 899, 1055, 1056, 1069, 1068 
E, 887, 888, 901, 900, 1056, 1057, 1070, 1069 
E, 888, 889, 902, 901, 1057, 1058, 1071, 1070 
E, 889, 890, 903, 902, 1058, 1059, 1072, 1071 
E, 890, 891, 904, 903, 1059, 1060, 1073, 1072 
E, 891, 892, 905, 904, 1060, 1061, 1074, 1073 
E, 892, 893, 906, 905, 1061, 1062, 1075, 1074 
E, 893, 894, 907, 906, 1062, 1063, 1076, 1075 
E, 894, 895, 908, 907, 1063, 1064, 1077, 1076 
E, 895, 896, 909, 908, 1064, 1065, 1078, 1077 
E, 896, 897, 910, 909, 1065, 1066, 1079, 1078 
E, 898, 899, 912, 911, 1067, 1068, 1081, 1080 
E, 899, 900, 913, 912, 1068, 1069, 1082, 1081 
E, 900, 901, 914, 913, 1069, 1070, 1083, 1082 
E, 901, 902, 915, 914, 1070, 1071, 1084, 1083 
E, 902, 903, 916, 915, 1071, 1072, 1085, 1084 
E, 903, 904, 917, 916, 1072, 1073, 1086, 1085 
E, 904, 905, 918, 917, 1073, 1074, 1087, 1086 
E, 905, 906, 919, 918, 1074, 1075, 1088, 1087 
E, 906, 907, 920, 919, 1075, 1076, 1089, 1088 
E, 907, 908, 921, 920, 1076, 1077, 1090, 1089 
E, 908, 909, 922, 921, 1077, 1078, 1091, 1090 
E, 909, 910, 923, 922, 1078, 1079, 1092, 1091 
E, 911, 912, 925, 924, 1080, 1081, 1094, 1093 
E, 912, 913, 926, 925, 1081, 1082, 1095, 1094 
E, 913, 914, 927, 926, 1082, 1083, 1096, 1095 
E, 914, 915, 928, 927, 1083, 1084, 1097, 1096 
E, 915, 916, 929, 928, 1084, 1085, 1098, 1097 
E, 916, 917, 930, 929, 1085, 1086, 1099, 1098 
E, 917, 918, 931, 930, 1086, 1087, 1100, 1099 
E, 918, 919, 932, 931, 1087, 1088, 1101, 1100 
E, 919, 920, 933, 932, 1088, 1089, 1102, 1101 
E, 920, 921, 934, 933, 1089, 1090, 1103, 1102 
E, 921, 922, 935, 934, 1090, 1091, 1104, 1103 
E, 922, 923, 936, 935, 1091, 1092, 1105, 1104 
E, 924, 925, 938, 937, 1093, 1094, 1107, 1106 
E, 925, 926, 939, 938, 1094, 1095, 1108, 1107 
E, 926, 927, 940, 939, 1095, 1096, 1109, 1108 
E, 927, 928, 941, 940, 1096, 1097, 1110, 1109 
E, 928, 929, 942, 941, 1097, 1098, 1111, 1110 
E, 929, 930, 943, 942, 1098, 1099, 1112, 1111 
E, 930, 931, 944, 943, 1099, 1100, 1113, 1112 
E, 931, 932, 945, 944, 1100, 1101, 1114, 1113 
E, 932, 933, 946, 945, 1101, 1102, 1115, 1114 
E, 933, 934, 947, 946, 1102, 1103, 1116, 1115 
E, 934, 935, 948, 947, 1103, 1104, 1117, 1116 
E, 935, 936, 949, 948, 1104, 1105, 1118, 1117 
E, 937, 938, 951, 950, 1106, 1107, 1120, 1119 
E, 938, 939, 952, 951, 1107, 1108, 1121, 1120 
E, 939, 940, 953, 952, 1108, 1109, 1122, 1121 
E, 940, 941, 954, 953, 1109, 1110, 1123, 1122 
E, 941, 942, 955, 954, 1110, 1111, 1124, 1123 
E, 942, 943, 956, 955, 1111, 1112, 1125, 1124 
E, 943, 944, 957, 956, 1112, 1113, 1126, 1125 
E, 944, 945, 958, 957, 1113, 1114, 1127, 1126 
E, 945, 946, 959, 958, 1114, 1115, 1128, 1127 
E, 946, 947, 960, 959, 1115, 1116, 1129, 1128 
E, 947, 948, 961, 960, 1116, 1117, 1130, 1129 
E, 948, 949, 962, 961, 1117, 1118, 1131, 1130 
E, 950, 951, 964, 963, 1119, 1120, 1133, 1132 
E, 951, 952, 965, 964, 1120, 1121, 1134, 1133 
E, 952, 953, 966, 965, 1121, 1122, 1135, 1134 
E, 953, 954, 967, 966, 1122, 1123, 1136, 1135 
E, 954, 955, 968, 967, 1123, 1124, 1137, 1136 
E, 955, 956, 969, 968, 1124, 1125, 1138, 1137 
E, 956, 957, 970, 969, 1125, 1126, 1139, 1138 
E, 957, 958, 971, 970, 1126, 1127, 1140, 1139 
E, 958, 959, 972, 971, 1127, 1128, 1141, 1140 
E, 959, 960, 973, 972, 1128, 1129, 1142, 1141 
E, 960, 961, 974, 973, 1129, 1130, 1143, 1142 
E, 961, 962, 975, 974, 1130, 1131, 1144, 1143 
E, 963, 964, 977, 976, 1132, 1133, 1146, 1145 
E, 964, 965, 978, 977, 1133, 1134, 1147, 1146 
E, 965, 966, 979, 978, 1134, 1135, 1148, 1147 
E, 966, 967, 980, 979, 1135, 1136, 1149, 1148 
E, 967, 968, 981, 980, 1136, 1137, 1150, 1149 
E, 968, 969, 982, 981, 1137, 1138, 1151, 1150 
E, 969, 970, 983, 982, 1138, 1139, 1152, 1151 
E, 970, 971, 984, 983, 1139, 1140, 1153, 1152 
E, 971, 972, 985, 984, 1140, 1141, 1154, 1153 
E, 972, 973, 986, 985, 1141, 1142, 1155, 1154 
E, 973, 974, 987, 986, 1142, 1143, 1156, 1155 
E, 974, 975, 988, 987, 1143, 1144, 1157, 1156 
E, 976, 977, 990, 989, 1145, 1146, 1159, 1158 
E, 977, 978, 991, 990, 1146, 1147, 1160, 1159 
E, 978, 979, 992, 991, 1147, 1148, 1161, 1160 
E, 979, 980, 993, 992, 1148, 1149, 1162, 1161 
E, 980, 981, 994, 993, 1149, 1150, 1163, 1162 
E, 981, 982, 995, 994, 1150, 1151, 1164, 1163 
E, 982, 983, 996, 995, 1151, 1152, 1165, 1164 
E, 983, 984, 997, 996, 1152, 1153, 1166, 1165 
E, 984, 985, 998, 997, 1153, 1154, 1167, 1166 
E, 985, 986, 999, 998, 1154, 1155, 1168, 1167 
E, 986, 987, 1000, 999, 1155, 1156, 1169, 1168 
E, 987, 988, 1001, 1000, 1156, 1157, 1170, 1169 
E, 989, 990, 1003, 1002, 1158, 1159, 1172, 1171 
E, 990, 991, 1004, 1003, 1159, 1160, 1173, 1172 
E, 991, 992, 1005, 1004, 1160, 1161, 1174, 1173 
E, 992, 993, 1006, 1005, 1161, 1162, 1175, 1174 
E, 993, 994, 1007, 1006, 1162, 1163, 1176, 1175 
E, 994, 995, 1008, 1007, 1163, 1164, 1177, 1176 
E, 995, 996, 1009, 1008, 1164, 1165, 1178, 1177 
E, 996, 997, 1010, 1009, 1165, 1166, 1179, 1178 
E, 997, 998, 1011, 1010, 1166, 1167, 1180, 1179 
E, 998, 999, 1012, 1011, 1167, 1168, 1181, 1180 
E, 999, 1000, 1013, 1012, 1168, 1169, 1182, 1181 
E, 1000, 1001, 1014, 1013, 1169, 1170, 1183, 1182 
E, 1015, 1016, 1029, 1028, 1184, 1185, 1198, 1197 
E, 1016, 1017, 1030, 1029, 1185, 1186, 1199, 1198 
E, 1017, 1018, 1031, 1030, 1186, 1187, 1200, 1199 
E, 1018, 1019, 1032, 1031, 1187, 1188, 1201, 1200 
E, 1019, 1020, 1033, 1032, 1188, 1189, 1202, 1201 
E, 1020, 1021, 1034, 1033, 1189, 1190, 1203, 1202 
E, 1021, 1022, 1035, 1034, 1190, 1191, 1204, 1203 
E, 1022, 1023, 1036, 1035, 1191, 1192, 1205, 1204 
E, 1023, 1024, 1037, 1036, 1192, 1193, 1206, 1205 
E, 1024, 1025, 1038, 1037, 1193, 1194, 1207, 1206 
E, 1025, 1026, 1039, 1038, 1194, 1195, 1208, 1207 
E, 1026, 1027, 1040, 1039, 1195, 1196, 1209, 1208 
E, 1028, 1029, 1042, 1041, 1197, 1198, 1211, 1210 
E, 1029, 1030, 1043, 1042, 1198, 1199, 1212, 1211 
E, 1030, 1031, 1044, 1043, 1199, 1200, 1213, 1212 
E, 1031, 1032, 1045, 1044, 1200, 1201, 1214, 1213 
E, 1032, 1033, 1046, 1045, 1201, 1202, 1215, 1214 
E, 1033, 1034, 1047, 1046, 1202, 1203, 1216, 1215 
E, 1034, 1035, 1048, 1047, 1203, 1204, 1217, 1216 
E, 1035, 1036, 1049, 1048, 1204, 1205, 1218, 1217 
E, 1036, 1037, 1050, 1049, 1205, 1206, 1219, 1218 
E, 1037, 1038, 1051, 1050, 1206, 1207, 1220, 1219 
E, 1038, 1039, 1052, 1051, 1207, 1208, 1221, 1220 
E, 1039, 1040, 1053, 1052, 1208, 1209, 1222, 1221 
E, 1041, 1042, 1055, 1054, 1210, 1211, 1224, 1223 
E, 1042, 1043, 1056, 1055, 1211, 1212, 1225, 1224 
E, 1043, 1044, 1057, 1056, 1212, 1213, 1226, 1225 
E, 1044, 1045, 1058, 1057, 1213, 1214, 1227, 1226 
E, 1045, 1046, 1059, 1058, 1214, 1215, 1228, 1227 
E, 1046, 1047, 1060, 1059, 1215, 1216, 1229, 1228 
E, 1047, 1048, 1061, 1060, 1216, 1217, 1230, 1229 
E, 1048, 1049, 1062, 1061, 1217, 1218, 1231, 1230 
E, 1049, 1050, 1063, 1062, 1218, 1219, 1232, 1231 
E, 1050, 1051, 1064, 1063, 1219, 1220, 1233, 1232 
E, 1051, 1052, 1065, 1064, 1220, 1221, 1234, 1233 
E, 1052, 1053, 1066, 1065, 1221, 1222, 1235, 1234 
E, 1054, 1055, 1068, 1067, 1223, 1224, 1237, 1236 
E, 1055, 1056, 1069, 1068, 1224, 1225, 1238, 1237 
E, 1056, 1057, 1070, 1069, 1225, 1226, 1239, 1238 
E, 1057, 1058, 1071, 1070, 1226, 1227, 1240, 1239 
E, 1058, 1059, 1072, 1071, 1227, 1228, 1241, 1240 
E, 1059, 1060, 1073, 1072, 1228, 1229, 1242, 1241 
E, 1060, 1061, 1074, 1073, 1229, 1230, 1243, 1242 
E, 1061, 1062, 1075, 1074, 1230, 1231, 1244, 1243 
E, 1062, 1063, 1076, 1075, 1231, 1232, 1245, 1244 
E, 1063, 1064, 1077, 1076, 1232, 1233, 1246, 1245 
E, 1064, 1065, 1078, 1077, 1233, 1234, 1247, 1246 
E, 1065, 1066, 1079, 1078, 1234, 1235, 1248, 1247 
E, 1067, 1068, 1081, 1080, 1236, 1237, 1250, 1249 
E, 1068, 1069, 1082, 1081, 1237, 1238, 1251, 1250 
E, 1069, 1070, 1083, 1082, 1238, 1239, 1252, 1251 
E, 1070, 1071, 1084, 1083, 1239, 1240, 1253, 1252 
E, 1071, 1072, 1085, 1084, 1240, 1241, 1254, 1253 
E, 1072, 1073, 1086, 1085, 1241, 1242, 1255, 1254 
E, 1073, 1074, 1087, 1086, 1242, 1243, 1256, 1255 
E, 1074, 1075, 1088, 1087, 1243, 1244, 1257, 1256 
E, 1075, 1076, 1089, 1088, 1244, 1245, 1258, 1257 
E, 1076, 1077, 1090, 1089, 1245, 1246, 1259, 1258 
E, 1077, 1078, 1091, 1090, 1246, 1247, 1260, 1259 
E, 1078, 1079, 1092, 1091, 1247, 1248, 1261, 1260 
E, 1080, 1081, 1094, 1093, 1249, 1250, 1263, 1262 
E, 1081, 1082, 1095, 1094, 1250, 1251, 1264, 1263 
E, 1082, 1083, 1096, 1095, 1251, 1252, 1265, 1264 
E, 1083, 1084, 1097, 1096, 1252, 1253, 1266, 1265 
E, 1084, 1085, 1098, 1097, 1253, 1254, 1267, 1266 
E, 1085, 1086, 1099, 1098, 1254, 1255, 1268, 1267 
E, 1086, 1087, 1100, 1099, 1255, 1256, 1269, 1268 
E, 1087, 1088, 1101, 1100, 1256, 1257, 1270, 1269 
E, 1088, 1089, 1102, 1101, 1257, 1258, 1271, 1270 
E, 1089, 1090, 1103, 1102, 1258, 1259, 1272, 1271 
E, 1090, 1091, 1104, 1103, 1259, 1260, 1273, 1272 
E, 1091, 1092, 1105, 1104, 1260, 1261, 1274, 1273 
E, 1093, 1094, 1107, 1106, 1262, 1263, 1276, 1275 
E, 1094, 1095, 1108, 1107, 1263, 1264, 1277, 1276 
E, 1095, 1096, 1109, 1108, 1264, 1265, 1278, 1277 
E, 1096, 1097, 1110, 1109, 1265, 1266, 1279, 1278 
E, 1097, 1098, 1111, 1110, 1266, 1267, 1280, 1279 
E, 1098, 1099, 1112, 1111, 1267, 1268, 1281, 1280 
E, 1099, 1100, 1113, 1112, 1268, 1269, 1282, 1281 
E, 1100, 1101, 1114, 1113, 1269, 1270, 1283, 1282 
E, 1101, 1102, 1115, 1114, 1270, 1271, 1284, 1283 
E, 1102, 1103, 1116, 1115, 1271, 1272, 1285, 1284 
E, 1103, 1104, 1117, 1116, 1272, 1273, 1286, 1285 
E, 1104, 1105, 1118, 1117, 1273, 1274, 1287, 1286 
E, 1106, 1107, 1120, 1119, 1275, 1276, 1289, 1288 
E, 1107, 1108, 1121, 1120, 1276, 1277, 1290, 1289 
E, 1108, 1109, 1122, 1121, 1277, 1278, 1291, 1290 
E, 1109, 1110, 1123, 1122, 1278, 1279, 1292, 1291 
E, 1110, 1111, 1124, 1123, 1279, 1280, 1293, 1292 
E, 1111, 1112, 1125, 1124, 1280, 1281, 1294, 1293 
E, 1112, 1113, 1126, 1125, 1281, 1282, 1295, 1294 
E, 1113, 1114, 1127, 1126, 1282, 1283, 1296, 1295 
E, 1114, 1115, 1128, 1127, 1283, 1284, 1297, 1296 
E, 1115, 1116, 1129, 1128, 1284, 1285, 1298, 1297 
E, 1116, 1117, 1130, 1129, 1285, 1286, 1299, 1298 
E, 1117, 1118, 1131, 1130, 1286, 1287, 1300, 1299 
E, 1119, 1120, 1133, 1132, 1288, 1289, 1302, 1301 
E, 1120, 1121, 1134, 1133, 1289, 1290, 1303, 1302 
E, 1121, 1122, 1135, 1134, 1290, 1291, 1304, 1303 
E, 1122, 1123, 1136, 1135, 1291, 1292, 1305, 1304 
E, 1123, 1124, 1137, 1136, 1292, 1293, 1306, 1305 
E, 1124, 1125, 1138, 1137, 1293, 1294, 1307, 1306 
E, 1125, 1126, 1139, 1138, 1294, 1295, 1308, 1307 
E, 1126, 1127, 1140, 1139, 1295, 1296, 1309, 1308 
E, 1127, 1128, 1141, 1140, 1296, 1297, 1310, 1309 
E, 1128, 1129, 1142, 1141, 1297, 1298, 1311, 1310 
E, 1129, 1130, 1143, 1142, 1298, 1299, 1312, 1311 
E, 1130, 1131, 1144, 1143, 1299, 1300, 1313, 1312 
E, 1132, 1133, 1146, 1145, 1301, 1302, 1315, 1314 
E, 1133, 1134, 1147, 1146, 1302, 1303, 1316, 1315 
E, 1134, 1135, 1148, 1147, 1303, 1304, 1317, 1316 
E, 1135, 1136, 1149, 1148, 1304, 1305, 1318, 1317 
E, 1136, 1137, 1150, 1149, 1305, 1306, 1319, 1318 
E, 1137, 1138, 1151, 1150, 1306, 1307, 1320, 1319 
E, 1138, 1139, 1152, 1151, 1307, 1308, 1321, 1320 
E, 1139, 1140, 1153, 1152, 1308, 1309, 1322, 1321 
E, 1140, 1141, 1154, 1153, 1309, 1310, 1323, 1322 
E, 1141, 1142, 1155, 1154, 1310, 1311, 1324, 1323 
E, 1142, 1143, 1156, 1155, 1311, 1312, 1325, 1324 
E, 1143, 1144, 1157, 1156, 1312, 1313, 1326, 1325 
E, 1145, 1146, 1159, 1158, 1314, 1315, 1328, 1327 
E, 1146, 1147, 1160, 1159, 1315, 1316, 1329, 1328 
E, 1147, 1148, 1161, 1160, 1316, 1317, 1330, 1329 
E, 1148, 1149, 1162, 1161, 1317, 1318, 1331, 1330 
E, 1149, 1150, 1163, 1162, 1318, 1319, 1332, 1331 
E, 1150, 1151, 1164, 1163, 1319, 1320, 1333, 1332 
E, 1151, 1152, 1165, 1164, 1320, 1321, 1334, 1333 
E, 1152, 1153, 1166, 1165, 1321, 1322, 1335, 1334 
E, 1153, 1154, 1167, 1166, 1322, 1323, 1336, 1335 
E, 1154, 1155, 1168, 1167, 1323, 1324, 1337, 1336 
E, 1155, 1156, 1169, 1168, 1324, 1325, 1338, 1337 
E, 1156, 1157, 1170, 1169, 1325, 1326, 1339, 1338 
E, 1158, 1159, 1172, 1171, 1327, 1328, 1341, 1340 
E, 1159, 1160, 1173, 1172, 1328, 1329, 1342, 1341 
E, 1160, 1161, 1174, 1173, 1329, 1330, 1343, 1342 
E, 1161, 1162, 1175, 1174, 1330, 1331, 1344, 1343 
E, 1162, 1163, 1176, 1175, 1331, 1332, 1345, 1344 
E, 1163, 1164, 1177, 1176, 1332, 1333, 1346, 1345 
E, 1164, 1165, 1178, 1177, 1333, 1334, 1347, 1346 
E, 1165, 1166, 1179, 1178, 1334, 1335, 1348, 1347 
E, 1166, 1167, 1180, 1179, 1335, 1336, 1349, 1348 
E, 1167, 1168, 1181, 1180, 1336, 1337, 1350, 1349 
E, 1168, 1169, 1182, 1181, 1337, 1338, 1351, 1350 
E, 1169, 1170, 1183, 1182, 1338, 1339, 1352, 1351 
E, 1184, 1185, 1198, 1197, 1353, 1354, 1367, 1366 
E, 1185, 1186, 1199, 1198, 1354, 1355, 1368, 1367 
E, 1186, 1187, 1200, 1199, 1355, 1356, 1369, 1368 
E, 1187, 1188, 1201, 1200, 1356, 1357, 1370, 1369 
E, 1188, 1189, 1202, 1201, 1357, 1358, 1371, 1370 
E, 1189, 1190, 1203, 1202, 1358, 1359, 1372, 1371 
E, 1190, 1191, 1204, 1203, 1359, 1360, 1373, 1372 
E, 1191, 1192, 1205, 1204, 1360, 1361, 1374, 1373 
E, 1192, 1193, 1206, 1205, 1361, 1362, 1375, 1374 
E, 1193, 1194, 1207, 1206, 1362, 1363, 1376, 1375 
E, 1194, 1195, 1208, 1207, 1363, 1364, 1377, 1376 
E, 1195, 1196, 1209, 1208, 1364, 1365, 1378, 1377 
E, 1197, 1198, 1211, 1210, 1366, 1367, 1380, 1379 
E, 1198, 1199, 1212, 1211, 1367, 1368, 1381, 1380 
E, 1199, 1200, 1213, 1212, 1368, 1369, 1382, 1381 
E, 1200, 1201, 1214, 1213, 1369, 1370, 1383, 1382 
E, 1201, 1202, 1215, 1214, 1370, 1371, 1384, 1383 
E, 1202, 1203, 1216, 1215, 1371, 1372, 1385, 1384 
E, 1203, 1204, 1217, 1216, 1372, 1373, 1386, 1385 
E, 1204, 1205, 1218, 1217, 1373, 1374, 1387, 1386 
E, 1205, 1206, 1219, 1218, 1374, 1375, 1388, 1387 
E, 1206, 1207, 1220, 1219, 1375, 1376, 1389, 1388 
E, 1207, 1208, 1221, 1220, 1376, 1377, 1390, 1389 
E, 1208, 1209, 1222, 1221, 1377, 1378, 1391, 1390 
E, 1210, 1211, 1224, 1223, 1379, 1380, 1393, 1392 
E, 1211, 1212, 1225, 1224, 1380, 1381, 1394, 1393 
E, 1212, 1213, 1226, 1225, 1381, 1382, 1395, 1394 
E, 1213, 1214, 1227, 1226, 1382, 1383, 1396, 1395 
E, 1214, 1215, 1228, 1227, 1383, 1384, 1397, 1396 
E, 1215, 1216, 1229, 1228, 1384, 1385, 1398, 1397 
E, 1216, 1217, 1230, 1229, 1385, 1386, 1399, 1398 
E, 1217, 1218, 1231, 1230, 1386, 1387, 1400, 1399 
E, 1218, 1219, 1232, 1231, 1387, 1388, 1401, 1400 
E, 1219, 1220, 1233, 1232, 1388, 1389, 1402, 1401 
E, 1220, 1221, 1234, 1233, 1389, 1390, 1403, 1402 
E, 1221, 1222, 1235, 1234, 1390, 1391, 1404, 1403 
E, 1223, 1224, 1237, 1236, 1392, 1393, 1406, 1405 
E, 1224, 1225, 1238, 1237, 1393, 1394, 1407, 1406 
E, 1225, 1226, 1239, 1238, 1394, 1395, 1408, 1407 
E, 1226, 1227, 1240, 1239, 1395, 1396, 1409, 1408 
E, 1227, 1228, 1241, 1240, 1396, 1397, 1410, 1409 
E, 1228, 1229, 1242, 1241, 1397, 1398, 1411, 1410 
E, 1229, 1230, 1243, 1242, 1398, 1399, 1412, 1411 
E, 1230, 1231, 1244, 1243, 1399, 1400, 1413, 1412 
E, 1231, 1232, 1245, 1244, 1400, 1401, 1414, 1413 
E, 1232, 1233, 1246, 1245, 1401, 1402, 1415, 1414 
E, 1233, 1234, 1247, 1246, 1402, 1403, 1416, 1415 
E, 1234, 1235, 1248, 1247, 1403, 1404, 1417, 1416 
E, 1236, 1237, 1250, 1249, 1405, 1406, 1419, 1418 
E, 1237, 1238, 1251, 1250, 1406, 1407, 1420, 1419 
E, 1238, 1239, 1252, 1251, 1407, 1408, 1421, 1420 
E, 1239, 1240, 1253, 1252, 1408, 1409, 1422, 1421 
E, 1240, 1241, 1254, 1253, 1409, 1410, 1423, 1422 
E, 1241, 1242, 1255, 1254, 1410, 1411, 1424, 1423 
E, 1242, 1243, 1256, 1255, 1411, 1412, 1425, 1424 
E, 1243, 1244, 1257, 1256, 1412, 1413, 1426, 1425 
E, 1244, 1245, 1258, 1257, 1413, 1414, 1427, 1426 
E, 1245, 1246, 1259, 1258, 1414, 1415, 1428, 1427 
E, 1246, 1247, 1260, 1259, 1415, 1416, 1429, 1428 
E, 1247, 1248, 1261, 1260, 1416, 1417, 1430, 1429 
E, 1249, 1250, 1263, 1262, 1418, 1419, 1432, 1431 
E, 1250, 1251, 1264, 1263, 1419, 1420, 1433, 1432 
E, 1251, 1252, 1265, 1264, 1420, 1421, 1434, 1433 
E, 1252, 1253, 1266, 1265, 1421, 1422, 1435, 1434 
E, 1253, 1254, 1267, 1266, 1422, 1423, 1436, 1435 
E, 1254, 1255, 1268, 1267, 1423, 1424, 1437, 1436 
E, 1255, 1256, 1269, 1268, 1424, 1425, 1438, 1437 
E, 1256, 1257, 1270, 1269, 1425, 1426, 1439, 1438 
E, 1257, 1258, 1271, 1270, 1426, 1427, 1440, 1439 
E, 1258, 1259, 1272, 1271, 1427, 1428, 1441, 1440 
E, 1259, 1260, 1273, 1272, 1428, 1429, 1442, 1441 
E, 1260, 1261, 1274, 1273, 1429, 1430, 1443, 1442 
E, 1262, 1263, 1276, 1275, 1431, 1432, 1445, 1444 
E, 1263, 1264, 1277, 1276, 1432, 1433, 1446, 1445 
E, 1264, 1265, 1278, 1277, 1433, 1434, 1447, 1446 
E, 1265, 1266, 1279, 1278, 1434, 1435, 1448, 1447 
E, 1266, 1267, 1280, 1279, 1435, 1436, 1449, 1448 
E, 1267, 1268, 1281, 1280, 1436, 1437, 1450, 1449 
E, 1268, 1269, 1282, 1281, 1437, 1438, 1451, 1450 
E, 1269, 1270, 1283, 1282, 1438, 1439, 1452, 1451 
E, 1270, 1271, 1284, 1283, 1439, 1440, 1453, 1452 
E, 1271, 1272, 1285, 1284, 1440, 1441, 1454, 1453 
E, 1272, 1273, 1286, 1285, 1441, 1442, 1455, 1454 
E, 1273, 1274, 1287, 1286, 1442, 1443, 1456, 1455 
E, 1275, 1276, 1289, 1288, 1444, 1445, 1458, 1457 
E, 1276, 1277, 1290, 1289, 1445, 1446, 1459, 1458 
E, 1277, 1278, 1291, 1290, 1446, 1447, 1460, 1459 
E, 1278, 1279, 1292, 1291, 1447, 1448, 1461, 1460 
E, 1279, 1280, 1293, 1292, 1448, 1449, 1462, 1461 
E, 1280, 1281, 1294, 1293, 1449, 1450, 1463, 1462 
E, 1281, 1282, 1295, 1294, 1450, 1451, 1464, 1463 
E, 1282, 1283, 1296, 1295, 1451, 1452, 1465, 1464 
E, 1283, 1284, 1297, 1296, 1452, 1453, 1466, 1465 
E, 1284, 1285, 1298, 1297, 1453, 1454, 1467, 1466 
E, 1285, 1286, 1299, 1298, 1454, 1455, 1468, 1467 
E, 1286, 1287, 1300, 1299, 1455, 1456, 1469, 1468 
E, 1288, 1289, 1302, 1301, 1457, 1458, 1471, 1470 
E, 1289, 1290, 1303, 1302, 1458, 1459, 1472, 1471 
E, 1290, 1291, 1304, 1303, 1459, 1460, 1473, 1472 
E, 1291, 1292, 1305, 1304, 1460, 1461, 1474, 1473 
E, 1292, 1293, 1306, 1305, 1461, 1462, 1475, 1474 
E, 1293, 1294, 1307, 1306, 1462, 1463, 1476, 1475 
E, 1294, 1295, 1308, 1307, 1463, 1464, 1477, 1476 
E, 1295, 1296, 1309, 1308, 1464, 1465, 1478, 1477 
E, 1296, 1297, 1310, 1309, 1465, 1466, 1479, 1478 
E, 1297, 1298, 1311, 1310, 1466, 1467, 1480, 1479 
E, 1298, 1299, 1312, 1311, 1467, 1468, 1481, 1480 
E, 1299, 1300, 1313, 1312, 1468, 1469, 1482, 1481 
E, 1301, 1302, 1315, 1314, 1470, 1471, 1484, 1483 
E, 1302, 1303, 1316, 1315, 1471, 1472, 1485, 1484 
E, 1303, 1304, 1317, 1316, 1472, 1473, 1486, 1485 
E, 1304, 1305, 1318, 1317, 1473, 1474, 1487, 1486 
E, 1305, 1306, 1319, 1318, 1474, 1475, 1488, 1487 
E, 1306, 1307, 1320, 1319, 1475, 1476, 1489, 1488 
E, 1307, 1308, 1321, 1320, 1476, 1477, 1490, 1489 
E, 1308, 1309, 1322, 1321, 1477, 1478, 1491, 1490 
E, 1309, 1310, 1323, 1322, 1478, 1479, 1492, 1491 
E, 1310, 1311, 1324, 1323, 1479, 1480, 1493, 1492 
E, 1311, 1312, 1325, 1324, 1480, 1481, 1494, 1493 
E, 1312, 1313, 1326, 1325, 1481, 1482, 1495, 1494 
E, 1314, 1315, 1328, 1327, 1483, 1484, 1497, 1496 
E, 1315, 1316, 1329, 1328, 1484, 1485, 1498, 1497 
E, 1316, 1317, 1330, 1329, 1485, 1486, 1499, 1498 
E, 1317, 1318, 1331, 1330, 1486, 1487, 1500, 1499 
E, 1318, 1319, 1332, 1331, 1487, 1488, 1501, 1500 
E, 1319, 1320, 1333, 1332, 1488, 1489, 1502, 1501 
E, 1320, 1321, 1334, 1333, 1489, 1490, 1503, 1502 
E, 1321, 1322, 1335, 1334, 1490, 1491, 1504, 1503 
E, 1322, 1323, 1336, 1335, 1491, 1492, 1505, 1504 
E, 1323, 1324, 1337, 1336, 1492, 1493, 1506, 1505 
E, 1324, 1325, 1338, 1337, 1493, 1494, 1507, 1506 
E, 1325, 1326, 1339, 1338, 1494, 1495, 1508, 1507 
E, 1327, 1328, 1341, 1340, 1496, 1497, 1510, 1509 
E, 1328, 1329, 1342, 1341, 1497, 1498, 1511, 1510 
E, 1329, 1330, 1343, 1342, 1498, 1499, 1512, 1511 
E, 1330, 1331, 1344, 1343, 1499, 1500, 1513, 1512 
E, 1331, 1332, 1345, 1344, 1500, 1501, 1514, 1513 
E, 1332, 1333, 1346, 1345, 1501, 1502, 1515, 1514 
E, 1333, 1334, 1347, 1346, 1502, 1503, 1516, 1515 
E, 1334, 1335, 1348, 1347, 1503, 1504, 1517, 1516 
E, 1335, 1336, 1349, 1348, 1504, 1505, 1518, 1517 
E, 1336, 1337, 1350, 1349, 1505, 1506, 1519, 1518 
E, 1337, 1338, 1351, 1350, 1506, 1507, 1520, 1519 
E, 1338, 1339, 1352, 1351, 1507, 1508, 1521, 1520 
E, 1353, 1354, 1367, 1366, 1522, 1523, 1536, 1535 
E, 1354, 1355, 1368, 1367, 1523, 1524, 1537, 1536 
E, 1355, 1356, 1369, 1368, 1524, 1525, 1538, 1537 
E, 1356, 1357, 1370, 1369, 1525, 1526, 1539, 1538 
E, 1357, 1358, 1371, 1370, 1526, 1527, 1540, 1539 
E, 1358, 1359, 1372, 1371, 1527, 1528, 1541, 1540 
E, 1359, 1360, 1373, 1372, 1528, 1529, 1542, 1541 
E, 1360, 1361, 1374, 1373, 1529, 1530, 1543, 1542 
E, 1361, 1362, 1375, 1374, 1530, 1531, 1544, 1543 
E, 1362, 1363, 1376, 1375, 1531, 1532, 1545, 1544 
E, 1363, 1364, 1377, 1376, 1532, 1533, 1546, 1545 
E, 1364, 1365, 1378, 1377, 1533, 1534, 1547, 1546 
E, 1366, 1367, 1380, 1379, 1535, 1536, 1549, 1548 
E, 1367, 1368, 1381, 1380, 1536, 1537, 1550, 1549 
E, 1368, 1369, 1382, 1381, 1537, 1538, 1551, 1550 
E, 1369, 1370, 1383, 1382, 1538, 1539, 1552, 1551 
E, 1370, 1371, 1384, 1383, 1539, 1540, 1553, 1552 
E, 1371, 1372, 1385, 1384, 1540, 1541, 1554, 1553 
E, 1372, 1373, 1386, 1385, 1541, 1542, 1555, 1554 
E, 1373, 1374, 1387, 1386, 1542, 1543, 1556, 1555 
E, 1374, 1375, 1388, 1387, 1543, 1544, 1557, 1556 
E, 1375, 1376, 1389, 1388, 1544, 1545, 1558, 1557 
E, 1376, 1377, 1390, 1389, 1545, 1546, 1559, 1558 
E, 1377, 1378, 1391, 1390, 1546, 1547, 1560, 1559 
E, 1379, 1380, 1393, 1392, 1548, 1549, 1562, 1561 
E, 1380, 1381, 1394, 1393, 1549, 1550, 1563, 1562 
E, 1381, 1382, 1395, 1394, 1550, 1551, 1564, 1563 
E, 1382, 1383, 1396, 1395, 1551, 1552, 1565, 1564 
E, 1383, 1384, 1397, 1396, 1552, 1553, 1566, 1565 
E, 1384, 1385, 1398, 1397, 1553, 1554, 1567, 1566 
E, 1385, 1386, 1399, 1398, 1554, 1555, 1568, 1567 
E, 1386, 1387, 1400, 1399, 1555, 1556, 1569, 1568 
E, 1387, 1388, 1401, 1400, 1556, 1557, 1570, 1569 
E, 1388, 1389, 1402, 1401, 1557, 1558, 1571, 1570 
E, 1389, 1390, 1403, 1402, 1558, 1559, 1572, 1571 
E, 1390, 1391, 1404, 1403, 1559, 1560, 1573, 1572 
E, 1392, 1393, 1406, 1405, 1561, 1562, 1575, 1574 
E, 1393, 1394, 1407, 1406, 1562, 1563, 1576, 1575 
E, 1394, 1395, 1408, 1407, 1563, 1564, 1577, 1576 
E, 1395, 1396, 1409, 1408, 1564, 1565, 1578, 1577 
E, 1396, 1397, 1410, 1409, 1565, 1566, 1579, 1578 
E, 1397, 1398, 1411, 1410, 1566, 1567, 1580, 1579 
E, 1398, 1399, 1412, 1411, 1567, 1568, 1581, 1580 
E, 1399, 1400, 1413, 1412, 1568, 1569, 1582, 1581 
E, 1400, 1401, 1414, 1413, 1569, 1570, 1583, 1582 
E, 1401, 1402, 1415, 1414, 1570, 1571, 1584, 1583 
E, 1402, 1403, 1416, 1415, 1571, 1572, 1585, 1584 
E, 1403, 1404, 1417, 1416, 1572, 1573, 1586, 1585 
E, 1405, 1406, 1419, 1418, 1574, 1575, 1588, 1587 
E, 1406, 1407, 1420, 1419, 1575, 1576, 1589, 1588 
E, 1407, 1408, 1421, 1420, 1576, 1577, 1590, 1589 
E, 1408, 1409, 1422, 1421, 1577, 1578, 1591, 1590 
E, 1409, 1410, 1423, 1422, 1578, 1579, 1592, 1591 
E, 1410, 1411, 1424, 1423, 1579, 1580, 1593, 1592 
E, 1411, 1412, 1425, 1424, 1580, 1581, 1594, 1593 
E, 1412, 1413, 1426, 1425, 1581, 1582, 1595, 1594 
E, 1413, 1414, 1427, 1426, 1582, 1583, 1596, 1595 
E, 1414, 1415, 1428, 1427, 1583, 1584, 1597, 1596 
E, 1415, 1416, 1429, 1428, 1584, 1585, 1598, 1597 
E, 1416, 1417, 1430, 1429, 1585, 1586, 1599, 1598 
E, 1418, 1419, 1432, 1431, 1587, 1588, 1601, 1600 
E, 1419, 1420, 1433, 1432, 1588, 1589, 1602, 1601 
E, 1420, 1421, 1434, 1433, 1589, 1590, 1603, 1602 
E, 1421, 1422, 1435, 1434, 1590, 1591, 1604, 1603 
E, 1422, 1423, 1436, 1435, 1591, 1592, 1605, 1604 
E, 1423, 1424, 1437, 1436, 1592, 1593, 1606, 1605 
E, 1424, 1425, 1438, 1437, 1593, 1594, 1607, 1606 
E, 1425, 1426, 1439, 1438, 1594, 1595, 1608, 1607 
E, 1426, 1427, 1440, 1439, 1595, 1596, 1609, 1608 
E, 1427, 1428, 1441, 1440, 1596, 1597, 1610, 1609 
E, 1428, 1429, 1442, 1441, 1597, 1598, 1611, 1610 
E, 1429, 1430, 1443, 1442, 1598, 1599, 1612, 1611 
E, 1431, 1432, 1445, 1444, 1600, 1601, 1614, 1613 
E, 1432, 1433, 1446, 1445, 1601, 1602, 1615, 1614 
E, 1433, 1434, 1447, 1446, 1602, 1603, 1616, 1615 
E, 1434, 1435, 1448, 1447, 1603, 1604, 1617, 1616 
E, 1435, 1436, 1449, 1448, 1604, 1605, 1618, 1617 
E, 1436, 1437, 1450, 1449, 1605, 1606, 1619, 1618 
E, 1437, 1438, 1451, 1450, 1606, 1607, 1620, 1619 
E, 1438, 1439, 1452, 1451, 1607, 1608, 1621, 1620 
E, 1439, 1440, 1453, 1452, 1608, 1609, 1622, 1621 
E, 1440, 1441, 1454, 1453, 1609, 1610, 1623, 1622 
E, 1441, 1442, 1455, 1454, 1610, 1611, 1624, 1623 
E, 1442, 1443, 1456, 1455, 1611, 1612, 1625, 1624 
E, 1444, 1445, 1458, 1457, 1613, 1614, 1627, 1626 
E, 1445, 1446, 1459, 1458, 1614, 1615, 1628, 1627 
E, 1446, 1447, 1460, 1459, 1615, 1616, 1629, 1628 
E, 1447, 1448, 1461, 1460, 1616, 1617, 1630, 1629 
E, 1448, 1449, 1462, 1461, 1617, 1618, 1631, 1630 
E, 1449, 1450, 1463, 1462, 1618, 1619, 1632, 1631 
E, 1450, 1451, 1464, 1463, 1619, 1620, 1633, 1632 
E, 1451, 1452, 1465, 1464, 1620, 1621, 1634, 1633 
E, 1452, 1453, 1466, 1465, 1621, 1622, 1635, 1634 
E, 1453, 1454, 1467, 1466, 1622, 1623, 1636, 1635 
E, 1454, 1455, 1468, 1467, 1623, 1624, 1637, 1636 
E, 1455, 1456, 1469, 1468, 1624, 1625, 1638, 1637 
E, 1457, 1458, 1471, 1470, 1626, 1627, 1640, 1639 
E, 1458, 1459, 1472, 1471, 1627, 1628, 1641, 1640 
E, 1459, 1460, 1473, 1472, 1628, 1629, 1642, 1641 
E, 1460, 1461, 1474, 1473, 1629, 1630, 1643, 1642 
E, 1461, 1462, 1475, 1474, 1630, 1631, 1644, 1643 
E, 1462, 1463, 1476, 1475, 1631, 1632, 1645, 1644 
E, 1463, 1464, 1477, 1476, 1632, 1633, 1646, 1645 
E, 1464, 1465, 1478, 1477, 1633, 1634, 1647, 1646 
E, 1465, 1466, 1479, 1478, 1634, 1635, 1648, 1647 
E, 1466, 1467, 1480, 1479, 1635, 1636, 1649, 1648 
E, 1467, 1468, 1481, 1480, 1636, 1637, 1650, 1649 
E, 1468, 1469, 1482, 1481, 1637, 1638, 1651, 1650 
E, 1470, 1471, 1484, 1483, 1639, 1640, 1653, 1652 
E, 1471, 1472, 1485, 1484, 1640, 1641, 1654, 1653 
E, 1472, 1473, 1486, 1485, 1641, 1642, 1655, 1654 
E, 1473, 1474, 1487, 1486, 1642, 1643, 1656, 1655 
E, 1474, 1475, 1488, 1487, 1643, 1644, 1657, 1656 
E, 1475, 1476, 1489, 1488, 1644, 1645, 1658, 1657 
E, 1476, 1477, 1490, 1489, 1645, 1646, 1659, 1658 
E, 1477, 1478, 1491, 1490, 1646, 1647, 1660, 1659 
E, 1478, 1479, 1492, 1491, 1647, 1648, 1661, 1660 
E, 1479, 1480, 1493, 1492, 1648, 1649, 1662, 1661 
E, 1480, 1481, 1494, 1493, 1649, 1650, 1663, 1662 
E, 1481, 1482, 1495, 1494, 1650, 1651, 1664, 1663 
E, 1483, 1484, 1497, 1496, 1652, 1653, 1666, 1665 
E, 1484, 1485, 1498, 1497, 1653, 1654, 1667, 1666 
E, 1485, 1486, 1499, 1498, 1654, 1655, 1668, 1667 
E, 1486, 1487, 1500, 1499, 1655, 1656, 1669, 1668 
E, 1487, 1488, 1501, 1500, 1656, 1657, 1670, 1669 
E, 1488, 1489, 1502, 1501, 1657, 1658, 1671, 1670 
E, 1489, 1490, 1503, 1502, 1658, 1659, 1672, 1671 
E, 1490, 1491, 1504, 1503, 1659, 1660, 1673, 1672 
E, 1491, 1492, 1505, 1504, 1660, 1661, 1674, 1673 
E, 1492, 1493, 1506, 1505, 1661, 1662, 1675, 1674 
E, 1493, 1494, 1507, 1506, 1662, 1663, 1676, 1675 
E, 1494, 1495, 1508, 1507, 1663, 1664, 1677, 1676 
E, 1496, 1497, 1510, 1509, 1665, 1666, 1679, 1678 
E, 1497, 1498, 1511, 1510, 1666, 1667, 1680, 1679 
E, 1498, 1499, 1512, 1511, 1667, 1668, 1681, 1680 
E, 1499, 1500, 1513, 1512, 1668, 1669, 1682, 1681 
E, 1500, 1501, 1514, 1513, 1669, 1670, 1683, 1682 
E, 1501, 1502, 1515, 1514, 1670, 1671, 1684, 1683 
E, 1502, 1503, 1516, 1515, 1671, 1672, 1685, 1684 
E, 1503, 1504, 1517, 1516, 1672, 1673, 1686, 1685 
E, 1504, 1505, 1518, 1517, 1673, 1674, 1687, 1686 
E, 1505, 1506, 1519, 1518, 1674, 1675, 1688, 1687 
E, 1506, 1507, 1520, 1519, 1675, 1676, 1689, 1688 
E, 1507, 1508, 1521, 1520, 1676, 1677, 1690, 1689 
E, 1522, 1523, 1536, 1535, 1691, 1692, 1705, 1704 
E, 1523, 1524, 1537, 1536, 1692, 1693, 1706, 1705 
E, 1524, 1525, 1538, 1537, 1693, 1694, 1707, 1706 
E, 1525, 1526, 1539, 1538, 1694, 1695, 1708, 1707 
E, 1526, 1527, 1540, 1539, 1695, 1696, 1709, 1708 
E, 1527, 1528, 1541, 1540, 1696, 1697, 1710, 1709 
E, 1528, 1529, 1542, 1541, 1697, 1698, 1711, 1710 
E, 1529, 1530, 1543, 1542, 1698, 1699, 1712, 1711 
E, 1530, 1531, 1544, 1543, 1699, 1700, 1713, 1712 
E, 1531, 1532, 1545, 1544, 1700, 1701, 1714, 1713 
E, 1532, 1533, 1546, 1545, 1701, 1702, 1715, 1714 
E, 1533, 1534, 1547, 1546, 1702, 1703, 1716, 1715 
E, 1535, 1536, 1549, 1548, 1704, 1705, 1718, 1717 
E, 1536, 1537, 1550, 1549, 1705, 1706, 1719, 1718 
E, 1537, 1538, 1551, 1550, 1706, 1707, 1720, 1719 
E, 1538, 1539, 1552, 1551, 1707, 1708, 1721, 1720 
E, 1539, 1540, 1553, 1552, 1708, 1709, 1722, 1721 
E, 1540, 1541, 1554, 1553, 1709, 1710, 1723, 1722 
E, 1541, 1542, 1555, 1554, 1710, 1711, 1724, 1723 
E, 1542, 1543, 1556, 1555, 1711, 1712, 1725, 1724 
E, 1543, 1544, 1557, 1556, 1712, 1713, 1726, 1725 
E, 1544, 1545, 1558, 1557, 1713, 1714, 1727, 1726 
E, 1545, 1546, 1559, 1558, 1714, 1715, 1728, 1727 
E, 1546, 1547, 1560, 1559, 1715, 1716, 1729, 1728 
E, 1548, 1549, 1562, 1561, 1717, 1718, 1731, 1730 
E, 1549, 1550, 1563, 1562, 1718, 1719, 1732, 1731 
E, 1550, 1551, 1564, 1563, 1719, 1720, 1733, 1732 
E, 1551, 1552, 1565, 1564, 1720, 1721, 1734, 1733 
E, 1552, 1553, 1566, 1565, 1721, 1722, 1735, 1734 
E, 1553, 1554, 1567, 1566, 1722, 1723, 1736, 1735 
E, 1554, 1555, 1568, 1567, 1723, 1724, 1737, 1736 
E, 1555, 1556, 1569, 1568, 1724, 1725, 1738, 1737 
E, 1556, 1557, 1570, 1569, 1725, 1726, 1739, 1738 
E, 1557, 1558, 1571, 1570, 1726, 1727, 1740, 1739 
E, 1558, 1559, 1572, 1571, 1727, 1728, 1741, 1740 
E, 1559, 1560, 1573, 1572, 1728, 1729, 1742, 1741 
E, 1561, 1562, 1575, 1574, 1730, 1731, 1744, 1743 
E, 1562, 1563, 1576, 1575, 1731, 1732, 1745, 1744 
E, 1563, 1564, 1577, 1576, 1732, 1733, 1746, 1745 
E, 1564, 1565, 1578, 1577, 1733, 1734, 1747, 1746 
E, 1565, 1566, 1579, 1578, 1734, 1735, 1748, 1747 
E, 1566, 1567, 1580, 1579, 1735, 1736, 1749, 1748 
E, 1567, 1568, 1581, 1580, 1736, 1737, 1750, 1749 
E, 1568, 1569, 1582, 1581, 1737, 1738, 1751, 1750 
E, 1569, 1570, 1583, 1582, 1738, 1739, 1752, 1751 
E, 1570, 1571, 1584, 1583, 1739, 1740, 1753, 1752 
E, 1571, 1572, 1585, 1584, 1740, 1741, 1754, 1753 
E, 1572, 1573, 1586, 1585, 1741, 1742, 1755, 1754 
E, 1574, 1575, 1588, 1587, 1743, 1744, 1757, 1756 
E, 1575, 1576, 1589, 1588, 1744, 1745, 1758, 1757 
E, 1576, 1577, 1590, 1589, 1745, 1746, 1759, 1758 
E, 1577, 1578, 1591, 1590, 1746, 1747, 1760, 1759 
E, 1578, 1579, 1592, 1591, 1747, 1748, 1761, 1760 
E, 1579, 1580, 1593, 1592, 1748, 1749, 1762, 1761 
E, 1580, 1581, 1594, 1593, 1749, 1750, 1763, 1762 
E, 1581, 1582, 1595, 1594, 1750, 1751, 1764, 1763 
E, 1582, 1583, 1596, 1595, 1751, 1752, 1765, 1764 
E, 1583, 1584, 1597, 1596, 1752, 1753, 1766, 1765 
E, 1584, 1585, 1598, 1597, 1753, 1754, 1767, 1766 
E, 1585, 1586, 1599, 1598, 1754, 1755, 1768, 1767 
E, 1587, 1588, 1601, 1600, 1756, 1757, 1770, 1769 
E, 1588, 1589, 1602, 1601, 1757, 1758, 1771, 1770 
E, 1589, 1590, 1603, 1602, 1758, 1759, 1772, 1771 
E, 1590, 1591, 1604, 1603, 1759, 1760, 1773, 1772 
E, 1591, 1592, 1605, 1604, 1760, 1761, 1774, 1773 
E, 1592, 1593, 1606, 1605, 1761, 1762, 1775, 1774 
E, 1593, 1594, 1607, 1606, 1762, 1763, 1776, 1775 
E, 1594, 1595, 1608, 1607, 1763, 1764, 1777, 1776 
E, 1595, 1596, 1609, 1608, 1764, 1765, 1778, 1777 
E, 1596, 1597, 1610, 1609, 1765, 1766, 1779, 1778 
E, 1597, 1598, 1611, 1610, 1766, 1767, 1780, 1779 
E, 1598, 1599, 1612, 1611, 1767, 1768, 1781, 1780 
E, 1600, 1601, 1614, 1613, 1769, 1770, 1783, 1782 
E, 1601, 1602, 1615, 1614, 1770, 1771, 1784, 1783 
E, 1602, 1603, 1616, 1615, 1771, 1772, 1785, 1784 
E, 1603, 1604, 1617, 1616, 1772, 1773, 1786, 1785 
E, 1604, 1605, 1618, 1617, 1773, 1774, 1787, 1786 
E, 1605, 1606, 1619, 1618, 1774, 1775, 1788, 1787 
E, 1606, 1607, 1620, 1619, 1775, 1776, 1789, 1788 
E, 1607, 1608, 1621, 1620, 1776, 1777, 1790, 1789 
E, 1608, 1609, 1622, 1621, 1777, 1778, 1791, 1790 
E, 1609, 1610, 1623, 1622, 1778, 1779, 1792, 1791 
E, 1610, 1611, 1624, 1623, 1779, 1780, 1793, 1792 
E, 1611, 1612, 1625, 1624, 1780, 1781, 1794, 1793 
E, 1613, 1614, 1627, 1626, 1782, 1783, 1796, 1795 
E, 1614, 1615, 1628, 1627, 1783, 1784, 1797, 1796 
E, 1615, 1616, 1629, 1628, 1784, 1785, 1798, 1797 
E, 1616, 1617, 1630, 1629, 1785, 1786, 1799, 1798 
E, 1617, 1618, 1631, 1630, 1786, 1787, 1800, 1799 
E, 1618, 1619, 1632, 1631, 1787, 1788, 1801, 1800 
E, 1619, 1620, 1633, 1632, 1788, 1789, 1802, 1801 
E, 1620, 1621, 1634, 1633, 1789, 1790, 1803, 1802 
E, 1621, 1622, 1635, 1634, 1790, 1791, 1804, 1803 
E, 1622, 1623, 1636, 1635, 1791, 1792, 1805, 1804 
E, 1623, 1624, 1637, 1636, 1792, 1793, 1806, 1805 
E, 1624, 1625, 1638, 1637, 1793, 1794, 1807, 1806 
E, 1626, 1627, 1640, 1639, 1795, 1796, 1809, 1808 
E, 1627, 1628, 1641, 1640, 1796, 1797, 1810, 1809 
E, 1628, 1629, 1642, 1641, 1797, 1798, 1811, 1810 
E, 1629, 1630, 1643, 1642, 1798, 1799, 1812, 1811 
E, 1630, 1631, 1644, 1643, 1799, 1800, 1813, 1812 
E, 1631, 1632, 1645, 1644, 1800, 1801, 1814, 1813 
E, 1632, 1633, 1646, 1645, 1801, 1802, 1815, 1814 
E, 1633, 1634, 1647, 1646, 1802, 1803, 1816, 1815 
E, 1634, 1635, 1648, 1647, 1803, 1804, 1817, 1816 
E, 1635, 1636, 1649, 1648, 1804, 1805, 1818, 1817 
E, 1636, 1637, 1650, 1649, 1805, 1806, 1819, 1818 
E, 1637, 1638, 1651, 1650, 1806, 1807, 1820, 1819 
E, 1639, 1640, 1653, 1652, 1808, 1809, 1822, 1821 
E, 1640, 1641, 1654, 1653, 1809, 1810, 1823, 1822 
E, 1641, 1642, 1655, 1654, 1810, 1811, 1824, 1823 
E, 1642, 1643, 1656, 1655, 1811, 1812, 1825, 1824 
E, 1643, 1644, 1657, 1656, 1812, 1813, 1826, 1825 
E, 1644, 1645, 1658, 1657, 1813, 1814, 1827, 1826 
E, 1645, 1646, 1659, 1658, 1814, 1815, 1828, 1827 
E, 1646, 1647, 1660, 1659, 1815, 1816, 1829, 1828 
E, 1647, 1648, 1661, 1660, 1816, 1817, 1830, 1829 
E, 1648, 1649, 1662, 1661, 1817, 1818, 1831, 1830 
E, 1649, 1650, 1663, 1662, 1818, 1819, 1832, 1831 
E, 1650, 1651, 1664, 1663, 1819, 1820, 1833, 1832 
E, 1652, 1653, 1666, 1665, 1821, 1822, 1835, 1834 
E, 1653, 1654, 1667, 1666, 1822, 1823, 1836, 1835 
E, 1654, 1655, 1668, 1667, 1823, 1824, 1837, 1836 
E, 1655, 1656, 1669, 1668, 1824, 1825, 1838, 1837 
E, 1656, 1657, 1670, 1669, 1825, 1826, 1839, 1838 
E, 1657, 1658, 1671, 1670, 1826, 1827, 1840, 1839 
E, 1658, 1659, 1672, 1671, 1827, 1828, 1841, 1840 
E, 1659, 1660, 1673, 1672, 1828, 1829, 1842, 1841 
E, 1660, 1661, 1674, 1673, 1829, 1830, 1843, 1842 
E, 1661, 1662, 1675, 1674, 1830, 1831, 1844, 1843 
E, 1662, 1663, 1676, 1675, 1831, 1832, 1845, 1844 
E, 1663, 1664, 1677, 1676, 1832, 1833, 1846, 1845 
E, 1665, 1666, 1679, 1678, 1834, 1835, 1848, 1847 
E, 1666, 1667, 1680, 1679, 1835, 1836, 1849, 1848 
E, 1667, 1668, 1681, 1680, 1836, 1837, 1850, 1849 
E, 1668, 1669, 1682, 1681, 1837, 1838, 1851, 1850 
E, 1669, 1670, 1683, 1682, 1838, 1839, 1852, 1851 
E, 1670, 1671, 1684, 1683, 1839, 1840, 1853, 1852 
E, 1671, 1672, 1685, 1684, 1840, 1841, 1854, 1853 
E, 1672, 1673, 1686, 1685, 1841, 1842, 1855, 1854 
E, 1673, 1674, 1687, 1686, 1842, 1843, 1856, 1855 
E, 1674, 1675, 1688, 1687, 1843, 1844, 1857, 1856 
E, 1675, 1676, 1689, 1688, 1844, 1845, 1858, 1857 
E, 1676, 1677, 1690, 1689, 1845, 1846, 1859, 1858 
E, 1691, 1692, 1705, 1704, 1860, 1861, 1874, 1873 
E, 1692, 1693, 1706, 1705, 1861, 1862, 1875, 1874 
E, 1693, 1694, 1707, 1706, 1862, 1863, 1876, 1875 
E, 1694, 1695, 1708, 1707, 1863, 1864, 1877, 1876 
E, 1695, 1696, 1709, 1708, 1864, 1865, 1878, 1877 
E, 1696, 1697, 1710, 1709, 1865, 1866, 1879, 1878 
E, 1697, 1698, 1711, 1710, 1866, 1867, 1880, 1879 
E, 1698, 1699, 1712, 1711, 1867, 1868, 1881, 1880 
E, 1699, 1700, 1713, 1712, 1868, 1869, 1882, 1881 
E, 1700, 1701, 1714, 1713, 1869, 1870, 1883, 1882 
E, 1701, 1702, 1715, 1714, 1870, 1871, 1884, 1883 
E, 1702, 1703, 1716, 1715, 1871, 1872, 1885, 1884 
E, 1704, 1705, 1718, 1717, 1873, 1874, 1887, 1886 
E, 1705, 1706, 1719, 1718, 1874, 1875, 1888, 1887 
E, 1706, 1707, 1720, 1719, 1875, 1876, 1889, 1888 
E, 1707, 1708, 1721, 1720, 1876, 1877, 1890, 1889 
E, 1708, 1709, 1722, 1721, 1877, 1878, 1891, 1890 
E, 1709, 1710, 1723, 1722, 1878, 1879, 1892, 1891 
E, 1710, 1711, 1724, 1723, 1879, 1880, 1893, 1892 
E, 1711, 1712, 1725, 1724, 1880, 1881, 1894, 1893 
E, 1712, 1713, 1726, 1725, 1881, 1882, 1895, 1894 
E, 1713, 1714, 1727, 1726, 1882, 1883, 1896, 1895 
E, 1714, 1715, 1728, 1727, 1883, 1884, 1897, 1896 
E, 1715, 1716, 1729, 1728, 1884, 1885, 1898, 1897 
E, 1717, 1718, 1731, 1730, 1886, 1887, 1900, 1899 
E, 1718, 1719, 1732, 1731, 1887, 1888, 1901, 1900 
E, 1719, 1720, 1733, 1732, 1888, 1889, 1902, 1901 
E, 1720, 1721, 1734, 1733, 1889, 1890, 1903, 1902 
E, 1721, 1722, 1735, 1734, 1890, 1891, 1904, 1903 
E, 1722, 1723, 1736, 1735, 1891, 1892, 1905, 1904 
E, 1723, 1724, 1737, 1736, 1892, 1893, 1906, 1905 
E, 1724, 1725, 1738, 1737, 1893, 1894, 1907, 1906 
E, 1725, 1726, 1739, 1738, 1894, 1895, 1908, 1907 
E, 1726, 1727, 1740, 1739, 1895, 1896, 1909, 1908 
E, 1727, 1728, 1741, 1740, 1896, 1897, 1910, 1909 
E, 1728, 1729, 1742, 1741, 1897, 1898, 1911, 1910 
E, 1730, 1731, 1744, 1743, 1899, 1900, 1913, 1912 
E, 1731, 1732, 1745, 1744, 1900, 1901, 1914, 1913 
E, 1732, 1733, 1746, 1745, 1901, 1902, 1915, 1914 
E, 1733, 1734, 1747, 1746, 1902, 1903, 1916, 1915 
E, 1734, 1735, 1748, 1747, 1903, 1904, 1917, 1916 
E, 1735, 1736, 1749, 1748, 1904, 1905, 1918, 1917 
E, 1736, 1737, 1750, 1749, 1905, 1906, 1919, 1918 
E, 1737, 1738, 1751, 1750, 1906, 1907, 1920, 1919 
E, 1738, 1739, 1752, 1751, 1907, 1908, 1921, 1920 
E, 1739, 1740, 1753, 1752, 1908, 1909, 1922, 1921 
E, 1740, 1741, 1754, 1753, 1909, 1910, 1923, 1922 
E, 1741, 1742, 1755, 1754, 1910, 1911, 1924, 1923 
E, 1743, 1744, 1757, 1756, 1912, 1913, 1926, 1925 
E, 1744, 1745, 1758, 1757, 1913, 1914, 1927, 1926 
E, 1745, 1746, 1759, 1758, 1914, 1915, 1928, 1927 
E, 1746, 1747, 1760, 1759, 1915, 1916, 1929, 1928 
E, 1747, 1748, 1761, 1760, 1916, 1917, 1930, 1929 
E, 1748, 1749, 1762, 1761, 1917, 1918, 1931, 1930 
E, 1749, 1750, 1763, 1762, 1918, 1919, 1932, 1931 
E, 1750, 1751, 1764, 1763, 1919, 1920, 1933, 1932 
E, 1751, 1752, 1765, 1764, 1920, 1921, 1934, 1933 
E, 1752, 1753, 1766, 1765, 1921, 1922, 1935, 1934 
E, 1753, 1754, 1767, 1766, 1922, 1923, 1936, 1935 
E, 1754, 1755, 1768, 1767, 1923, 1924, 1937, 1936 
E, 1756, 1757, 1770, 1769, 1925, 1926, 1939, 1938 
E, 1757, 1758, 1771, 1770, 1926, 1927, 1940, 1939 
E, 1758, 1759, 1772, 1771, 1927, 1928, 1941, 1940 
E, 1759, 1760, 1773, 1772, 1928, 1929, 1942, 1941 
E, 1760, 1761, 1774, 1773, 1929, 1930, 1943, 1942 
E, 1761, 1762, 1775, 1774, 1930, 1931, 1944, 1943 
E, 1762, 1763, 1776, 1775, 1931, 1932, 1945, 1944 
E, 1763, 1764, 1777, 1776, 1932, 1933, 1946, 1945 
E, 1764, 1765, 1778, 1777, 1933, 1934, 1947, 1946 
E, 1765, 1766, 1779, 1778, 1934, 1935, 1948, 1947 
E, 1766, 1767, 1780, 1779, 1935, 1936, 1949, 1948 
E, 1767, 1768, 1781, 1780, 1936, 1937, 1950, 1949 
E, 1769, 1770, 1783, 1782, 1938, 1939, 1952, 1951 
E, 1770, 1771, 1784, 1783, 1939, 1940, 1953, 1952 
E, 1771, 1772, 1785, 1784, 1940, 1941, 1954, 1953 
E, 1772, 1773, 1786, 1785, 1941, 1942, 1955, 1954 
E, 1773, 1774, 1787, 1786, 1942, 1943, 1956, 1955 
E, 1774, 1775, 1788, 1787, 1943, 1944, 1957, 1956 
E, 1775, 1776, 1789, 1788, 1944, 1945, 1958, 1957 
E, 1776, 1777, 1790, 1789, 1945, 1946, 1959, 1958 
E, 1777, 1778, 1791, 1790, 1946, 1947, 1960, 1959 
E, 1778, 1779, 1792, 1791, 1947, 1948, 1961, 1960 
E, 1779, 1780, 1793, 1792, 1948, 1949, 1962, 1961 
E, 1780, 1781, 1794, 1793, 1949, 1950, 1963, 1962 
E, 1782, 1783, 1796, 1795, 1951, 1952, 1965, 1964 
E, 1783, 1784, 1797, 1796, 1952, 1953, 1966, 1965 
E, 1784, 1785, 1798, 1797, 1953, 1954, 1967, 1966 
E, 1785, 1786, 1799, 1798, 1954, 1955, 1968, 1967 
E, 1786, 1787, 1800, 1799, 1955, 1956, 1969, 1968 
E, 1787, 1788, 1801, 1800, 1956, 1957, 1970, 1969 
E, 1788, 1789, 1802, 1801, 1957, 1958, 1971, 1970 
E, 1789, 1790, 1803, 1802, 1958, 1959, 1972, 1971 
E, 1790, 1791, 1804, 1803, 1959, 1960, 1973, 1972 
E, 1791, 1792, 1805, 1804, 1960, 1961, 1974, 1973 
E, 1792, 1793, 1806, 1805, 1961, 1962, 1975, 1974 
E, 1793, 1794, 1807, 1806, 1962, 1963, 1976, 1975 
E, 1795, 1796, 1809, 1808, 1964, 1965, 1978, 1977 
E, 1796, 1797, 1810, 1809, 1965, 1966, 1979, 1978 
E, 1797, 1798, 1811, 1810, 1966, 1967, 1980, 1979 
E, 1798, 1799, 1812, 1811, 1967, 1968, 1981, 1980 
E, 1799, 1800, 1813, 1812, 1968, 1969, 1982, 1981 
E, 1800, 1801, 1814, 1813, 1969, 1970, 1983, 1982 
E, 1801, 1802, 1815, 1814, 1970, 1971, 1984, 1983 
E, 1802, 1803, 1816, 1815, 1971, 1972, 1985, 1984 
E, 1803, 1804, 1817, 1816, 1972, 1973, 1986, 1985 
E, 1804, 1805, 1818, 1817, 1973, 1974, 1987, 1986 
E, 1805, 1806, 1819, 1818, 1974, 1975, 1988, 1987 
E, 1806, 1807, 1820, 1819, 1975, 1976, 1989, 1988 
E, 1808, 1809, 1822, 1821, 1977, 1978, 1991, 1990 
E, 1809, 1810, 1823, 1822, 1978, 1979, 1992, 1991 
E, 1810, 1811, 1824, 1823, 1979, 1980, 1993, 1992 
E, 1811, 1812, 1825, 1824, 1980, 1981, 1994, 1993 
E, 1812, 1813, 1826, 1825, 1981, 1982, 1995, 1994 
E, 1813, 1814, 1827, 1826, 1982, 1983, 1996, 1995 
E, 1814, 1815, 1828, 1827, 1983, 1984, 1997, 1996 
E, 1815, 1816, 1829, 1828, 1984, 1985, 1998, 1997 
E, 1816, 1817, 1830, 1829, 1985, 1986, 1999, 1998 
E, 1817, 1818, 1831, 1830, 1986, 1987, 2000, 1999 
E, 1818, 1819, 1832, 1831, 1987, 1988, 2001, 2000 
E, 1819, 1820, 1833, 1832, 1988, 1989, 2002, 2001 
E, 1821, 1822, 1835, 1834, 1990, 1991, 2004, 2003 
E, 1822, 1823, 1836, 1835, 1991, 1992, 2005, 2004 
E, 1823, 1824, 1837, 1836, 1992, 1993, 2006, 2005 
E, 1824, 1825, 1838, 1837, 1993, 1994, 2007, 2006 
E, 1825, 1826, 1839, 1838, 1994, 1995, 2008, 2007 
E, 1826, 1827, 1840, 1839, 1995, 1996, 2009, 2008 
E, 1827, 1828, 1841, 1840, 1996, 1997, 2010, 2009 
E, 1828, 1829, 1842, 1841, 1997, 1998, 2011, 2010 
E, 1829, 1830, 1843, 1842, 1998, 1999, 2012, 2011 
E, 1830, 1831, 1844, 1843, 1999, 2000, 2013, 2012 
E, 1831, 1832, 1845, 1844, 2000, 2001, 2014, 2013 
E, 1832, 1833, 1846, 1845, 2001, 2002, 2015, 2014 
E, 1834, 1835, 1848, 1847, 2003, 2004, 2017, 2016 
E, 1835, 1836, 1849, 1848, 2004, 2005, 2018, 2017 
E, 1836, 1837, 1850, 1849, 2005, 2006, 2019, 2018 
E, 1837, 1838, 1851, 1850, 2006, 2007, 2020, 2019 
E, 1838, 1839, 1852, 1851, 2007, 2008, 2021, 2020 
E, 1839, 1840, 1853, 1852, 2008, 2009, 2022, 2021 
E, 1840, 1841, 1854, 1853, 2009, 2010, 2023, 2022 
E, 1841, 1842, 1855, 1854, 2010, 2011, 2024, 2023 
E, 1842, 1843, 1856, 1855, 2011, 2012, 2025, 2024 
E, 1843, 1844, 1857, 1856, 2012, 2013, 2026, 2025 
E, 1844, 1845, 1858, 1857, 2013, 2014, 2027, 2026 
E, 1845, 1846, 1859, 1858, 2014, 2015, 2028, 2027 
E, 1860, 1861, 1874, 1873, 2029, 2030, 2043, 2042 
E, 1861, 1862, 1875, 1874, 2030, 2031, 2044, 2043 
E, 1862, 1863, 1876, 1875, 2031, 2032, 2045, 2044 
E, 1863, 1864, 1877, 1876, 2032, 2033, 2046, 2045 
E, 1864, 1865, 1878, 1877, 2033, 2034, 2047, 2046 
E, 1865, 1866, 1879, 1878, 2034, 2035, 2048, 2047 
E, 1866, 1867, 1880, 1879, 2035, 2036, 2049, 2048 
E, 1867, 1868, 1881, 1880, 2036, 2037, 2050, 2049 
E, 1868, 1869, 1882, 1881, 2037, 2038, 2051, 2050 
E, 1869, 1870, 1883, 1882, 2038, 2039, 2052, 2051 
E, 1870, 1871, 1884, 1883, 2039, 2040, 2053, 2052 
E, 1871, 1872, 1885, 1884, 2040, 2041, 2054, 2053 
E, 1873, 1874, 1887, 1886, 2042, 2043, 2056, 2055 
E, 1874, 1875, 1888, 1887, 2043, 2044, 2057, 2056 
E, 1875, 1876, 1889, 1888, 2044, 2045, 2058, 2057 
E, 1876, 1877, 1890, 1889, 2045, 2046, 2059, 2058 
E, 1877, 1878, 1891, 1890, 2046, 2047, 2060, 2059 
E, 1878, 1879, 1892, 1891, 2047, 2048, 2061, 2060 
E, 1879, 1880, 1893, 1892, 2048, 2049, 2062, 2061 
E, 1880, 1881, 1894, 1893, 2049, 2050, 2063, 2062 
E, 1881, 1882, 1895, 1894, 2050, 2051, 2064, 2063 
E, 1882, 1883, 1896, 1895, 2051, 2052, 2065, 2064 
E, 1883, 1884, 1897, 1896, 2052, 2053, 2066, 2065 
E, 1884, 1885, 1898, 1897, 2053, 2054, 2067, 2066 
E, 1886, 1887, 1900, 1899, 2055, 2056, 2069, 2068 
E, 1887, 1888, 1901, 1900, 2056, 2057, 2070, 2069 
E, 1888, 1889, 1902, 1901, 2057, 2058, 2071, 2070 
E, 1889, 1890, 1903, 1902, 2058, 2059, 2072, 2071 
E, 1890, 1891, 1904, 1903, 2059, 2060, 2073, 2072 
E, 1891, 1892, 1905, 1904, 2060, 2061, 2074, 2073 
E, 1892, 1893, 1906, 1905, 2061, 2062, 2075, 2074 
E, 1893, 1894, 1907, 1906, 2062, 2063, 2076, 2075 
E, 1894, 1895, 1908, 1907, 2063, 2064, 2077, 2076 
E, 1895, 1896, 1909, 1908, 2064, 2065, 2078, 2077 
E, 1896, 1897, 1910, 1909, 2065, 2066, 2079, 2078 
E, 1897, 1898, 1911, 1910, 2066, 2067, 2080, 2079 
E, 1899, 1900, 1913, 1912, 2068, 2069, 2082, 2081 
E, 1900, 1901, 1914, 1913, 2069, 2070, 2083, 2082 
E, 1901, 1902, 1915, 1914, 2070, 2071, 2084, 2083 
E, 1902, 1903, 1916, 1915, 2071, 2072, 2085, 2084 
E, 1903, 1904, 1917, 1916, 2072, 2073, 2086, 2085 
E, 1904, 1905, 1918, 1917, 2073, 2074, 2087, 2086 
E, 1905, 1906, 1919, 1918, 2074, 2075, 2088, 2087 
E, 1906, 1907, 1920, 1919, 2075, 2076, 2089, 2088 
E, 1907, 1908, 1921, 1920, 2076, 2077, 2090, 2089 
E, 1908, 1909, 1922, 1921, 2077, 2078, 2091, 2090 
E, 1909, 1910, 1923, 1922, 2078, 2079, 2092, 2091 
E, 1910, 1911, 1924, 1923, 2079, 2080, 2093, 2092 
E, 1912, 1913, 1926, 1925, 2081, 2082, 2095, 2094 
E, 1913, 1914, 1927, 1926, 2082, 2083, 2096, 2095 
E, 1914, 1915, 1928, 1927, 2083, 2084, 2097, 2096 
E, 1915, 1916, 1929, 1928, 2084, 2085, 2098, 2097 
E, 1916, 1917, 1930, 1929, 2085, 2086, 2099, 2098 
E, 1917, 1918, 1931, 1930, 2086, 2087, 2100, 2099 
E, 1918, 1919, 1932, 1931, 2087, 2088, 2101, 2100 
E, 1919, 1920, 1933, 1932, 2088, 2089, 2102, 2101 
E, 1920, 1921, 1934, 1933, 2089, 2090, 2103, 2102 
E, 1921, 1922, 1935, 1934, 2090, 2091, 2104, 2103 
E, 1922, 1923, 1936, 1935, 2091, 2092, 2105, 2104 
E, 1923, 1924, 1937, 1936, 2092, 2093, 2106, 2105 
E, 1925, 1926, 1939, 1938, 2094, 2095, 2108, 2107 
E, 1926, 1927, 1940, 1939, 2095, 2096, 2109, 2108 
E, 1927, 1928, 1941, 1940, 2096, 2097, 2110, 2109 
E, 1928, 1929, 1942, 1941, 2097, 2098, 2111, 2110 
E, 1929, 1930, 1943, 1942, 2098, 2099, 2112, 2111 
E, 1930, 1931, 1944, 1943, 2099, 2100, 2113, 2112 
E, 1931, 1932, 1945, 1944, 2100, 2101, 2114, 2113 
E, 1932, 1933, 1946, 1945, 2101, 2102, 2115, 2114 
E, 1933, 1934, 1947, 1946, 2102, 2103, 2116, 2115 
E, 1934, 1935, 1948, 1947, 2103, 2104, 2117, 2116 
E, 1935, 1936, 1949, 1948, 2104, 2105, 2118, 2117 
E, 1936, 1937, 1950, 1949, 2105, 2106, 2119, 2118 
E, 1938, 1939, 1952, 1951, 2107, 2108, 2121, 2120 
E, 1939, 1940, 1953, 1952, 2108, 2109, 2122, 2121 
E, 1940, 1941, 1954, 1953, 2109, 2110, 2123, 2122 
E, 1941, 1942, 1955, 1954, 2110, 2111, 2124, 2123 
E, 1942, 1943, 1956, 1955, 2111, 2112, 2125, 2124 
E, 1943, 1944, 1957, 1956, 2112, 2113, 2126, 2125 
E, 1944, 1945, 1958, 1957, 2113, 2114, 2127, 2126 
E, 1945, 1946, 1959, 1958, 2114, 2115, 2128, 2127 
E, 1946, 1947, 1960, 1959, 2115, 2116, 2129, 2128 
E, 1947, 1948, 1961, 1960, 2116, 2117, 2130, 2129 
E, 1948, 1949, 1962, 1961, 2117, 2118, 2131, 2130 
E, 1949, 1950, 1963, 1962, 2118, 2119, 2132, 2131 
E, 1951, 1952, 1965, 1964, 2120, 2121, 2134, 2133 
E, 1952, 1953, 1966, 1965, 2121, 2122, 2135, 2134 
E, 1953, 1954, 1967, 1966, 2122, 2123, 2136, 2135 
E, 1954, 1955, 1968, 1967, 2123, 2124, 2137, 2136 
E, 1955, 1956, 1969, 1968, 2124, 2125, 2138, 2137 
E, 1956, 1957, 1970, 1969, 2125, 2126, 2139, 2138 
E, 1957, 1958, 1971, 1970, 2126, 2127, 2140, 2139 
E, 1958, 1959, 1972, 1971, 2127, 2128, 2141, 2140 
E, 1959, 1960, 1973, 1972, 2128, 2129, 2142, 2141 
E, 1960, 1961, 1974, 1973, 2129, 2130, 2143, 2142 
E, 1961, 1962, 1975, 1974, 2130, 2131, 2144, 2143 
E, 1962, 1963, 1976, 1975, 2131, 2132, 2145, 2144 
E, 1964, 1965, 1978, 1977, 2133, 2134, 2147, 2146 
E, 1965, 1966, 1979, 1978, 2134, 2135, 2148, 2147 
E, 1966, 1967, 1980, 1979, 2135, 2136, 2149, 2148 
E, 1967, 1968, 1981, 1980, 2136, 2137, 2150, 2149 
E, 1968, 1969, 1982, 1981, 2137, 2138, 2151, 2150 
E, 1969, 1970, 1983, 1982, 2138, 2139, 2152, 2151 
E, 1970, 1971, 1984, 1983, 2139, 2140, 2153, 2152 
E, 1971, 1972, 1985, 1984, 2140, 2141, 2154, 2153 
E, 1972, 1973, 1986, 1985, 2141, 2142, 2155, 2154 
E, 1973, 1974, 1987, 1986, 2142, 2143, 2156, 2155 
E, 1974, 1975, 1988, 1987, 2143, 2144, 2157, 2156 
E, 1975, 1976, 1989, 1988, 2144, 2145, 2158, 2157 
E, 1977, 1978, 1991, 1990, 2146, 2147, 2160, 2159 
E, 1978, 1979, 1992, 1991, 2147, 2148, 2161, 2160 
E, 1979, 1980, 1993, 1992, 2148, 2149, 2162, 2161 
E, 1980, 1981, 1994, 1993, 2149, 2150, 2163, 2162 
E, 1981, 1982, 1995, 1994, 2150, 2151, 2164, 2163 
E, 1982, 1983, 1996, 1995, 2151, 2152, 2165, 2164 
E, 1983, 1984, 1997, 1996, 2152, 2153, 2166, 2165 
E, 1984, 1985, 1998, 1997, 2153, 2154, 2167, 2166 
E, 1985, 1986, 1999, 1998, 2154, 2155, 2168, 2167 
E, 1986, 1987, 2000, 1999, 2155, 2156, 2169, 2168 
E, 1987, 1988, 2001, 2000, 2156, 2157, 2170, 2169 
E, 1988, 1989, 2002, 2001, 2157, 2158, 2171, 2170 
E, 1990, 1991, 2004, 2003, 2159, 2160, 2173, 2172 
E, 1991, 1992, 2005, 2004, 2160, 2161, 2174, 2173 
E, 1992, 1993, 2006, 2005, 2161, 2162, 2175, 2174 
E, 1993, 1994, 2007, 2006, 2162, 2163, 2176, 2175 
E, 1994, 1995, 2008, 2007, 2163, 2164, 2177, 2176 
E, 1995, 1996, 2009, 2008, 2164, 2165, 2178, 2177 
E, 1996, 1997, 2010, 2009, 2165, 2166, 2179, 2178 
E, 1997, 1998, 2011, 2010, 2166, 2167, 2180, 2179 
E, 1998, 1999, 2012, 2011, 2167, 2168, 2181, 2180 
E, 1999, 2000, 2013, 2012, 2168, 2169, 2182, 2181 
E, 2000, 2001, 2014, 2013, 2169, 2170, 2183, 2182 
E, 2001, 2002, 2015, 2014, 2170, 2171, 2184, 2183 
E, 2003, 2004, 2017, 2016, 2172, 2173, 2186, 2185 
E, 2004, 2005, 2018, 2017, 2173, 2174, 2187, 2186 
E, 2005, 2006, 2019, 2018, 2174, 2175, 2188, 2187 
E, 2006, 2007, 2020, 2019, 2175, 2176, 2189, 2188 
E, 2007, 2008, 2021, 2020, 2176, 2177, 2190, 2189 
E, 2008, 2009, 2022, 2021, 2177, 2178, 2191, 2190 
E, 2009, 2010, 2023, 2022, 2178, 2179, 2192, 2191 
E, 2010, 2011, 2024, 2023, 2179, 2180, 2193, 2192 
E, 2011, 2012, 2025, 2024, 2180, 2181, 2194, 2193 
E, 2012, 2013, 2026, 2025, 2181, 2182, 2195, 2194 
E, 2013, 2014, 2027, 2026, 2182, 2183, 2196, 2195 
E, 2014, 2015, 2028, 2027, 2183, 2184, 2197, 2196 
