N, 1, -0.014500, -0.014500, -0.014500
N, 2, -0.014500, 0.005500, -0.014500
N, 3, -0.014500, 0.025500, -0.014500
N, 4, -0.014500, 0.045500, -0.014500
N, 5, -0.014500, 0.065500, -0.014500
N, 6, -0.014500, 0.085500, -0.014500
N, 7, -0.014500, 0.105500, -0.014500
N, 8, -0.014500, 0.125500, -0.014500
N, 9, -0.014500, 0.145500, -0.014500
N, 10, -0.014500, 0.165500, -0.014500
N, 11, -0.014500, 0.185500, -0.014500
N, 12, -0.014500, 0.205500, -0.014500
N, 13, -0.014500, 0.225500, -0.014500
N, 14, 0.005500, -0.014500, -0.014500
N, 15, 0.005500, 0.005500, -0.014500
N, 16, 0.005500, 0.025500, -0.014500
N, 17, 0.005500, 0.045500, -0.014500
N, 18, 0.005500, 0.065500, -0.014500
N, 19, 0.005500, 0.085500, -0.014500
N, 20, 0.005500, 0.105500, -0.014500
N, 21, 0.005500, 0.125500, -0.014500
N, 22, 0.005500, 0.145500, -0.014500
N, 23, 0.005500, 0.165500, -0.014500
N, 24, 0.005500, 0.185500, -0.014500
N, 25, 0.005500, 0.205500, -0.014500
N, 26, 0.005500, 0.225500, -0.014500
N, 27, 0.025500, -0.014500, -0.014500
N, 28, 0.025500, 0.005500, -0.014500
N, 29, 0.025500, 0.025500, -0.014500
N, 30, 0.025500, 0.045500, -0.014500
N, 31, 0.025500, 0.065500, -0.014500
N, 32, 0.025500, 0.085500, -0.014500
N, 33, 0.025500, 0.105500, -0.014500
N, 34, 0.025500, 0.125500, -0.014500
N, 35, 0.025500, 0.145500, -0.014500
N, 36, 0.025500, 0.165500, -0.014500
N, 37, 0.025500, 0.185500, -0.014500
N, 38, 0.025500, 0.205500, -0.014500
N, 39, 0.025500, 0.225500, -0.014500
N, 40, 0.045500, -0.014500, -0.014500
N, 41, 0.045500, 0.005500, -0.014500
N, 42, 0.045500, 0.025500, -0.014500
N, 43, 0.045500, 0.045500, -0.014500
N, 44, 0.045500, 0.065500, -0.014500
N, 45, 0.045500, 0.085500, -0.014500
N, 46, 0.045500, 0.105500, -0.014500
N, 47, 0.045500, 0.125500, -0.014500
N, 48, 0.045500, 0.145500, -0.014500
N, 49, 0.045500, 0.165500, -0.014500
N, 50, 0.045500, 0.185500, -0.014500
N, 51, 0.045500, 0.205500, -0.014500
N, 52, 0.045500, 0.225500, -0.014500
N, 53, 0.065500, -0.014500, -0.014500
N, 54, 0.065500, 0.005500, -0.014500
N, 55, 0.065500, 0.025500, -0.014500
N, 56, 0.065500, 0.045500, -0.014500
N, 57, 0.065500, 0.065500, -0.014500
N, 58, 0.065500, 0.085500, -0.014500
N, 59, 0.065500, 0.105500, -0.014500
N, 60, 0.065500, 0.125500, -0.014500
N, 61, 0.065500, 0.145500, -0.014500
N, 62, 0.065500, 0.165500, -0.014500
N, 63, 0.065500, 0.185500, -0.014500
N, 64, 0.065500, 0.205500, -0.014500
N, 65, 0.065500, 0.225500, -0.014500
N, 66, 0.085500, -0.014500, -0.014500
N, 67, 0.085500, 0.005500, -0.014500
N, 68, 0.085500, 0.025500, -0.014500
N, 69, 0.085500, 0.045500, -0.014500
N, 70, 0.085500, 0.065500, -0.014500
N, 71, 0.085500, 0.085500, -0.014500
N, 72, 0.085500, 0.105500, -0.014500
N, 73, 0.085500, 0.125500, -0.014500
N, 74, 0.085500, 0.145500, -0.014500
N, 75, 0.085500, 0.165500, -0.014500
N, 76, 0.085500, 0.185500, -0.014500
N, 77, 0.085500, 0.205500, -0.014500
N, 78, 0.085500, 0.225500, -0.014500
N, 79, 0.105500, -0.014500, -0.014500
N, 80, 0.105500, 0.005500, -0.014500
N, 81, 0.105500, 0.025500, -0.014500
N, 82, 0.105500, 0.045500, -0.014500
N, 83, 0.105500, 0.065500, -0.014500
N, 84, 0.105500, 0.085500, -0.014500
N, 85, 0.105500, 0.105500, -0.014500
N, 86, 0.105500, 0.125500, -0.014500
N, 87, 0.105500, 0.145500, -0.014500
N, 88, 0.105500, 0.165500, -0.014500
N, 89, 0.105500, 0.185500, -0.014500
N, 90, 0.105500, 0.205500, -0.014500
N, 91, 0.105500, 0.225500, -0.014500
N, 92, 0.125500, -0.014500, -0.014500
N, 93, 0.125500, 0.005500, -0.014500
N, 94, 0.125500, 0.025500, -0.014500
N, 95, 0.125500, 0.045500, -0.014500
N, 96, 0.125500, 0.065500, -0.014500
N, 97, 0.125500, 0.085500, -0.014500
N, 98, 0.125500, 0.105500, -0.014500
N, 99, 0.125500, 0.125500, -0.014500
N, 100, 0.125500, 0.145500, -0.014500
N, 101, 0.125500, 0.165500, -0.014500
N, 102, 0.125500, 0.185500, -0.014500
N, 103, 0.125500, 0.205500, -0.014500
N, 104, 0.125500, 0.225500, -0.014500
N, 105, 0.145500, -0.014500, -0.014500
N, 106, 0.145500, 0.005500, -0.014500
N, 107, 0.145500, 0.025500, -0.014500
N, 108, 0.145500, 0.045500, -0.014500
N, 109, 0.145500, 0.065500, -0.014500
N, 110, 0.145500, 0.085500, -0.014500
N, 111, 0.145500, 0.105500, -0.014500
N, 112, 0.145500, 0.125500, -0.014500
N, 113, 0.145500, 0.145500, -0.014500
N, 114, 0.145500, 0.165500, -0.014500
N, 115, 0.145500, 0.185500, -0.014500
N, 116, 0.145500, 0.205500, -0.014500
N, 117, 0.145500, 0.225500, -0.014500
N, 118, 0.165500, -0.014500, -0.014500
N, 119, 0.165500, 0.005500, -0.014500
N, 120, 0.165500, 0.025500, -0.014500
N, 121, 0.165500, 0.045500, -0.014500
N, 122, 0.165500, 0.065500, -0.014500
N, 123, 0.165500, 0.085500, -0.014500
N, 124, 0.165500, 0.105500, -0.014500
N, 125, 0.165500, 0.125500, -0.014500
N, 126, 0.165500, 0.145500, -0.014500
N, 127, 0.165500, 0.165500, -0.014500
N, 128, 0.165500, 0.185500, -0.014500
N, 129, 0.165500, 0.205500, -0.014500
N, 130, 0.165500, 0.225500, -0.014500
N, 131, 0.185500, -0.014500, -0.014500
N, 132, 0.185500, 0.005500, -0.014500
N, 133, 0.185500, 0.025500, -0.014500
N, 134, 0.185500, 0.045500, -0.014500
N, 135, 0.185500, 0.065500, -0.014500
N, 136, 0.185500, 0.085500, -0.014500
N, 137, 0.185500, 0.105500, -0.014500
N, 138, 0.185500, 0.125500, -0.014500
N, 139, 0.185500, 0.145500, -0.014500
N, 140, 0.185500, 0.165500, -0.014500
N, 141, 0.185500, 0.185500, -0.014500
N, 142, 0.185500, 0.205500, -0.014500
N, 143, 0.185500, 0.225500, -0.014500
N, 144, 0.205500, -0.014500, -0.014500
N, 145, 0.205500, 0.005500, -0.014500
N, 146, 0.205500, 0.025500, -0.014500
N, 147, 0.205500, 0.045500, -0.014500
N, 148, 0.205500, 0.065500, -0.014500
N, 149, 0.205500, 0.085500, -0.014500
N, 150, 0.205500, 0.105500, -0.014500
N, 151, 0.205500, 0.125500, -0.014500
N, 152, 0.205500, 0.145500, -0.014500
N, 153, 0.205500, 0.165500, -0.014500
N, 154, 0.205500, 0.185500, -0.014500
N, 155, 0.205500, 0.205500, -0.014500
N, 156, 0.205500, 0.225500, -0.014500
N, 157, 0.225500, -0.014500, -0.014500
N, 158, 0.225500, 0.005500, -0.014500
N, 159, 0.225500, 0.025500, -0.014500
N, 160, 0.225500, 0.045500, -0.014500
N, 161, 0.225500, 0.065500, -0.014500
N, 162, 0.225500, 0.085500, -0.014500
N, 163, 0.225500, 0.105500, -0.014500
N, 164, 0.225500, 0.125500, -0.014500
N, 165, 0.225500, 0.145500, -0.014500
N, 166, 0.225500, 0.165500, -0.014500
N, 167, 0.225500, 0.185500, -0.014500
N, 168, 0.225500, 0.205500, -0.014500
N, 169, 0.225500, 0.225500, -0.014500
N, 170, -0.014500, -0.014500, 0.005500
N, 171, -0.014500, 0.005500, 0.005500
N, 172, -0.014500, 0.025500, 0.005500
N, 173, -0.014500, 0.045500, 0.005500
N, 174, -0.014500, 0.065500, 0.005500
N, 175, -0.014500, 0.085500, 0.005500
N, 176, -0.014500, 0.105500, 0.005500
N, 177, -0.014500, 0.125500, 0.005500
N, 178, -0.014500, 0.145500, 0.005500
N, 179, -0.014500, 0.165500, 0.005500
N, 180, -0.014500, 0.185500, 0.005500
N, 181, -0.014500, 0.205500, 0.005500
N, 182, -0.014500, 0.225500, 0.005500
N, 183, 0.005500, -0.014500, 0.005500
N, 184, 0.005500, 0.005500, 0.005500
N, 185, 0.005500, 0.025500, 0.005500
N, 186, 0.005500, 0.045500, 0.005500
N, 187, 0.005500, 0.065500, 0.005500
N, 188, 0.005500, 0.085500, 0.005500
N, 189, 0.005500, 0.105500, 0.005500
N, 190, 0.005500, 0.125500, 0.005500
N, 191, 0.005500, 0.145500, 0.005500
N, 192, 0.005500, 0.165500, 0.005500
N, 193, 0.005500, 0.185500, 0.005500
N, 194, 0.005500, 0.205500, 0.005500
N, 195, 0.005500, 0.225500, 0.005500
N, 196, 0.025500, -0.014500, 0.005500
N, 197, 0.025500, 0.005500, 0.005500
N, 198, 0.025500, 0.025500, 0.005500
N, 199, 0.025500, 0.045500, 0.005500
N, 200, 0.025500, 0.065500, 0.005500
N, 201, 0.025500, 0.085500, 0.005500
N, 202, 0.025500, 0.105500, 0.005500
N, 203, 0.025500, 0.125500, 0.005500
N, 204, 0.025500, 0.145500, 0.005500
N, 205, 0.025500, 0.165500, 0.005500
N, 206, 0.025500, 0.185500, 0.005500
N, 207, 0.025500, 0.205500, 0.005500
N, 208, 0.025500, 0.225500, 0.005500
N, 209, 0.045500, -0.014500, 0.005500
N, 210, 0.045500, 0.005500, 0.005500
N, 211, 0.045500, 0.025500, 0.005500
N, 212, 0.045500, 0.045500, 0.005500
N, 213, 0.045500, 0.065500, 0.005500
N, 214, 0.045500, 0.085500, 0.005500
N, 215, 0.045500, 0.105500, 0.005500
N, 216, 0.045500, 0.125500, 0.005500
N, 217, 0.045500, 0.145500, 0.005500
N, 218, 0.045500, 0.165500, 0.005500
N, 219, 0.045500, 0.185500, 0.005500
N, 220, 0.045500, 0.205500, 0.005500
N, 221, 0.045500, 0.225500, 0.005500
N, 222, 0.065500, -0.014500, 0.005500
N, 223, 0.065500, 0.005500, 0.005500
N, 224, 0.065500, 0.025500, 0.005500
N, 225, 0.065500, 0.045500, 0.005500
N, 226, 0.065500, 0.065500, 0.005500
N, 227, 0.065500, 0.085500, 0.005500
N, 228, 0.065500, 0.105500, 0.005500
N, 229, 0.065500, 0.125500, 0.005500
N, 230, 0.065500, 0.145500, 0.005500
N, 231, 0.065500, 0.165500, 0.005500
N, 232, 0.065500, 0.185500, 0.005500
N, 233, 0.065500, 0.205500, 0.005500
N, 234, 0.065500, 0.225500, 0.005500
N, 235, 0.085500, -0.014500, 0.005500
N, 236, 0.085500, 0.005500, 0.005500
N, 237, 0.085500, 0.025500, 0.005500
N, 238, 0.085500, 0.045500, 0.005500
N, 239, 0.085500, 0.065500, 0.005500
N, 240, 0.085500, 0.085500, 0.005500
N, 241, 0.085500, 0.105500, 0.005500
N, 242, 0.085500, 0.125500, 0.005500
N, 243, 0.085500, 0.145500, 0.005500
N, 244, 0.085500, 0.165500, 0.005500
N, 245, 0.085500, 0.185500, 0.005500
N, 246, 0.085500, 0.205500, 0.005500
N, 247, 0.085500, 0.225500, 0.005500
N, 248, 0.105500, -0.014500, 0.005500
N, 249, 0.105500, 0.005500, 0.005500
N, 250, 0.105500, 0.025500, 0.005500
N, 251, 0.105500, 0.045500, 0.005500
N, 252, 0.105500, 0.065500, 0.005500
N, 253, 0.105500, 0.085500, 0.005500
N, 254, 0.105500, 0.105500, 0.005500
N, 255, 0.105500, 0.125500, 0.005500
N, 256, 0.105500, 0.145500, 0.005500
N, 257, 0.105500, 0.165500, 0.005500
N, 258, 0.105500, 0.185500, 0.005500
N, 259, 0.105500, 0.205500, 0.005500
N, 260, 0.105500, 0.225500, 0.005500
N, 261, 0.125500, -0.014500, 0.005500
N, 262, 0.125500, 0.005500, 0.005500
N, 263, 0.125500, 0.025500, 0.005500
N, 264, 0.125500, 0.045500, 0.005500
N, 265, 0.125500, 0.065500, 0.005500
N, 266, 0.125500, 0.085500, 0.005500
N, 267, 0.125500, 0.105500, 0.005500
N, 268, 0.125500, 0.125500, 0.005500
N, 269, 0.125500, 0.145500, 0.005500
N, 270, 0.125500, 0.165500, 0.005500
N, 271, 0.125500, 0.185500, 0.005500
N, 272, 0.125500, 0.205500, 0.005500
N, 273, 0.125500, 0.225500, 0.005500
N, 274, 0.145500, -0.014500, 0.005500
N, 275, 0.145500, 0.005500, 0.005500
N, 276, 0.145500, 0.025500, 0.005500
N, 277, 0.145500, 0.045500, 0.005500
N, 278, 0.145500, 0.065500, 0.005500
N, 279, 0.145500, 0.085500, 0.005500
N, 280, 0.145500, 0.105500, 0.005500
N, 281, 0.145500, 0.125500, 0.005500
N, 282, 0.145500, 0.145500, 0.005500
N, 283, 0.145500, 0.165500, 0.005500
N, 284, 0.145500, 0.185500, 0.005500
N, 285, 0.145500, 0.205500, 0.005500
N, 286, 0.145500, 0.225500, 0.005500
N, 287, 0.165500, -0.014500, 0.005500
N, 288, 0.165500, 0.005500, 0.005500
N, 289, 0.165500, 0.025500, 0.005500
N, 290, 0.165500, 0.045500, 0.005500
N, 291, 0.165500, 0.065500, 0.005500
N, 292, 0.165500, 0.085500, 0.005500
N, 293, 0.165500, 0.105500, 0.005500
N, 294, 0.165500, 0.125500, 0.005500
N, 295, 0.165500, 0.145500, 0.005500
N, 296, 0.165500, 0.165500, 0.005500
N, 297, 0.165500, 0.185500, 0.005500
N, 298, 0.165500, 0.205500, 0.005500
N, 299, 0.165500, 0.225500, 0.005500
N, 300, 0.185500, -0.014500, 0.005500
N, 301, 0.185500, 0.005500, 0.005500
N, 302, 0.185500, 0.025500, 0.005500
N, 303, 0.185500, 0.045500, 0.005500
N, 304, 0.185500, 0.065500, 0.005500
N, 305, 0.185500, 0.085500, 0.005500
N, 306, 0.185500, 0.105500, 0.005500
N, 307, 0.185500, 0.125500, 0.005500
N, 308, 0.185500, 0.145500, 0.005500
N, 309, 0.185500, 0.165500, 0.005500
N, 310, 0.185500, 0.185500, 0.005500
N, 311, 0.185500, 0.205500, 0.005500
N, 312, 0.185500, 0.225500, 0.005500
N, 313, 0.205500, -0.014500, 0.005500
N, 314, 0.205500, 0.005500, 0.005500
N, 315, 0.205500, 0.025500, 0.005500
N, 316, 0.205500, 0.045500, 0.005500
N, 317, 0.205500, 0.065500, 0.005500
N, 318, 0.205500, 0.085500, 0.005500
N, 319, 0.205500, 0.105500, 0.005500
N, 320, 0.205500, 0.125500, 0.005500
N, 321, 0.205500, 0.145500, 0.005500
N, 322, 0.205500, 0.165500, 0.005500
N, 323, 0.205500, 0.185500, 0.005500
N, 324, 0.205500, 0.205500, 0.005500
N, 325, 0.205500, 0.225500, 0.005500
N, 326, 0.225500, -0.014500, 0.005500
N, 327, 0.225500, 0.005500, 0.005500
N, 328, 0.225500, 0.025500, 0.005500
N, 329, 0.225500, 0.045500, 0.005500
N, 330, 0.225500, 0.065500, 0.005500
N, 331, 0.225500, 0.085500, 0.005500
N, 332, 0.225500, 0.105500, 0.005500
N, 333, 0.225500, 0.125500, 0.005500
N, 334, 0.225500, 0.145500, 0.005500
N, 335, 0.225500, 0.165500, 0.005500
N, 336, 0.225500, 0.185500, 0.005500
N, 337, 0.225500, 0.205500, 0.005500
N, 338, 0.225500, 0.225500, 0.005500
N, 339, -0.014500, -0.014500, 0.025500
N, 340, -0.014500, 0.005500, 0.025500
N, 341, -0.014500, 0.025500, 0.025500
N, 342, -0.014500, 0.045500, 0.025500
N, 343, -0.014500, 0.065500, 0.025500
N, 344, -0.014500, 0.085500, 0.025500
N, 345, -0.014500, 0.105500, 0.025500
N, 346, -0.014500, 0.125500, 0.025500
N, 347, -0.014500, 0.145500, 0.025500
N, 348, -0.014500, 0.165500, 0.025500
N, 349, -0.014500, 0.185500, 0.025500
N, 350, -0.014500, 0.205500, 0.025500
N, 351, -0.014500, 0.225500, 0.025500
N, 352, 0.005500, -0.014500, 0.025500
N, 353, 0.005500, 0.005500, 0.025500
N, 354, 0.005500, 0.025500, 0.025500
N, 355, 0.005500, 0.045500, 0.025500
N, 356, 0.005500, 0.065500, 0.025500
N, 357, 0.005500, 0.085500, 0.025500
N, 358, 0.005500, 0.105500, 0.025500
N, 359, 0.005500, 0.125500, 0.025500
N, 360, 0.005500, 0.145500, 0.025500
N, 361, 0.005500, 0.165500, 0.025500
N, 362, 0.005500, 0.185500, 0.025500
N, 363, 0.005500, 0.205500, 0.025500
N, 364, 0.005500, 0.225500, 0.025500
N, 365, 0.025500, -0.014500, 0.025500
N, 366, 0.025500, 0.005500, 0.025500
N, 367, 0.025500, 0.025500, 0.025500
N, 368, 0.025500, 0.045500, 0.025500
N, 369, 0.025500, 0.065500, 0.025500
N, 370, 0.025500, 0.085500, 0.025500
N, 371, 0.025500, 0.105500, 0.025500
N, 372, 0.025500, 0.125500, 0.025500
N, 373, 0.025500, 0.145500, 0.025500
N, 374, 0.025500, 0.165500, 0.025500
N, 375, 0.025500, 0.185500, 0.025500
N, 376, 0.025500, 0.205500, 0.025500
N, 377, 0.025500, 0.225500, 0.025500
N, 378, 0.045500, -0.014500, 0.025500
N, 379, 0.045500, 0.005500, 0.025500
N, 380, 0.045500, 0.025500, 0.025500
N, 381, 0.045500, 0.045500, 0.025500
N, 382, 0.045500, 0.065500, 0.025500
N, 383, 0.045500, 0.085500, 0.025500
N, 384, 0.045500, 0.105500, 0.025500
N, 385, 0.045500, 0.125500, 0.025500
N, 386, 0.045500, 0.145500, 0.025500
N, 387, 0.045500, 0.165500, 0.025500
N, 388, 0.045500, 0.185500, 0.025500
N, 389, 0.045500, 0.205500, 0.025500
N, 390, 0.045500, 0.225500, 0.025500
N, 391, 0.065500, -0.014500, 0.025500
N, 392, 0.065500, 0.005500, 0.025500
N, 393, 0.065500, 0.025500, 0.025500
N, 394, 0.065500, 0.045500, 0.025500
N, 395, 0.065500, 0.065500, 0.025500
N, 396, 0.065500, 0.085500, 0.025500
N, 397, 0.065500, 0.105500, 0.025500
N, 398, 0.065500, 0.125500, 0.025500
N, 399, 0.065500, 0.145500, 0.025500
N, 400, 0.065500, 0.165500, 0.025500
N, 401, 0.065500, 0.185500, 0.025500
N, 402, 0.065500, 0.205500, 0.025500
N, 403, 0.065500, 0.225500, 0.025500
N, 404, 0.085500, -0.014500, 0.025500
N, 405, 0.085500, 0.005500, 0.025500
N, 406, 0.085500, 0.025500, 0.025500
N, 407, 0.085500, 0.045500, 0.025500
N, 408, 0.085500, 0.065500, 0.025500
N, 409, 0.085500, 0.085500, 0.025500
N, 410, 0.085500, 0.105500, 0.025500
N, 411, 0.085500, 0.125500, 0.025500
N, 412, 0.085500, 0.145500, 0.025500
N, 413, 0.085500, 0.165500, 0.025500
N, 414, 0.085500, 0.185500, 0.025500
N, 415, 0.085500, 0.205500, 0.025500
N, 416, 0.085500, 0.225500, 0.025500
N, 417, 0.105500, -0.014500, 0.025500
N, 418, 0.105500, 0.005500, 0.025500
N, 419, 0.105500, 0.025500, 0.025500
N, 420, 0.105500, 0.045500, 0.025500
N, 421, 0.105500, 0.065500, 0.025500
N, 422, 0.105500, 0.085500, 0.025500
N, 423, 0.105500, 0.105500, 0.025500
N, 424, 0.105500, 0.125500, 0.025500
N, 425, 0.105500, 0.145500, 0.025500
N, 426, 0.105500, 0.165500, 0.025500
N, 427, 0.105500, 0.185500, 0.025500
N, 428, 0.105500, 0.205500, 0.025500
N, 429, 0.105500, 0.225500, 0.025500
N, 430, 0.125500, -0.014500, 0.025500
N, 431, 0.125500, 0.005500, 0.025500
N, 432, 0.125500, 0.025500, 0.025500
N, 433, 0.125500, 0.045500, 0.025500
N, 434, 0.125500, 0.065500, 0.025500
N, 435, 0.125500, 0.085500, 0.025500
N, 436, 0.125500, 0.105500, 0.025500
N, 437, 0.125500, 0.125500, 0.025500
N, 438, 0.125500, 0.145500, 0.025500
N, 439, 0.125500, 0.165500, 0.025500
N, 440, 0.125500, 0.185500, 0.025500
N, 441, 0.125500, 0.205500, 0.025500
N, 442, 0.125500, 0.225500, 0.025500
N, 443, 0.145500, -0.014500, 0.025500
N, 444, 0.145500, 0.005500, 0.025500
N, 445, 0.145500, 0.025500, 0.025500
N, 446, 0.145500, 0.045500, 0.025500
N, 447, 0.145500, 0.065500, 0.025500
N, 448, 0.145500, 0.085500, 0.025500
N, 449, 0.145500, 0.105500, 0.025500
N, 450, 0.145500, 0.125500, 0.025500
N, 451, 0.145500, 0.145500, 0.025500
N, 452, 0.145500, 0.165500, 0.025500
N, 453, 0.145500, 0.185500, 0.025500
N, 454, 0.145500, 0.205500, 0.025500
N, 455, 0.145500, 0.225500, 0.025500
N, 456, 0.165500, -0.014500, 0.025500
N, 457, 0.165500, 0.005500, 0.025500
N, 458, 0.165500, 0.025500, 0.025500
N, 459, 0.165500, 0.045500, 0.025500
N, 460, 0.165500, 0.065500, 0.025500
N, 461, 0.165500, 0.085500, 0.025500
N, 462, 0.165500, 0.105500, 0.025500
N, 463, 0.165500, 0.125500, 0.025500
N, 464, 0.165500, 0.145500, 0.025500
N, 465, 0.165500, 0.165500, 0.025500
N, 466, 0.165500, 0.185500, 0.025500
N, 467, 0.165500, 0.205500, 0.025500
N, 468, 0.165500, 0.225500, 0.025500
N, 469, 0.185500, -0.014500, 0.025500
N, 470, 0.185500, 0.005500, 0.025500
N, 471, 0.185500, 0.025500, 0.025500
N, 472, 0.185500, 0.045500, 0.025500
N, 473, 0.185500, 0.065500, 0.025500
N, 474, 0.185500, 0.085500, 0.025500
N, 475, 0.185500, 0.105500, 0.025500
N, 476, 0.185500, 0.125500, 0.025500
N, 477, 0.185500, 0.145500, 0.025500
N, 478, 0.185500, 0.165500, 0.025500
N, 479, 0.185500, 0.185500, 0.025500
N, 480, 0.185500, 0.205500, 0.025500
N, 481, 0.185500, 0.225500, 0.025500
N, 482, 0.205500, -0.014500, 0.025500
N, 483, 0.205500, 0.005500, 0.025500
N, 484, 0.205500, 0.025500, 0.025500
N, 485, 0.205500, 0.045500, 0.025500
N, 486, 0.205500, 0.065500, 0.025500
N, 487, 0.205500, 0.085500, 0.025500
N, 488, 0.205500, 0.105500, 0.025500
N, 489, 0.205500, 0.125500, 0.025500
N, 490, 0.205500, 0.145500, 0.025500
N, 491, 0.205500, 0.165500, 0.025500
N, 492, 0.205500, 0.185500, 0.025500
N, 493, 0.205500, 0.205500, 0.025500
N, 494, 0.205500, 0.225500, 0.025500
N, 495, 0.225500, -0.014500, 0.025500
N, 496, 0.225500, 0.005500, 0.025500
N, 497, 0.225500, 0.025500, 0.025500
N, 498, 0.225500, 0.045500, 0.025500
N, 499, 0.225500, 0.065500, 0.025500
N, 500, 0.225500, 0.085500, 0.025500
N, 501, 0.225500, 0.105500, 0.025500
N, 502, 0.225500, 0.125500, 0.025500
N, 503, 0.225500, 0.145500, 0.025500
N, 504, 0.225500, 0.165500, 0.025500
N, 505, 0.225500, 0.185500, 0.025500
N, 506, 0.225500, 0.205500, 0.025500
N, 507, 0.225500, 0.225500, 0.025500
N, 508, -0.014500, -0.014500, 0.045500
N, 509, -0.014500, 0.005500, 0.045500
N, 510, -0.014500, 0.025500, 0.045500
N, 511, -0.014500, 0.045500, 0.045500
N, 512, -0.014500, 0.065500, 0.045500
N, 513, -0.014500, 0.085500, 0.045500
N, 514, -0.014500, 0.105500, 0.045500
N, 515, -0.014500, 0.125500, 0.045500
N, 516, -0.014500, 0.145500, 0.045500
N, 517, -0.014500, 0.165500, 0.045500
N, 518, -0.014500, 0.185500, 0.045500
N, 519, -0.014500, 0.205500, 0.045500
N, 520, -0.014500, 0.225500, 0.045500
N, 521, 0.005500, -0.014500, 0.045500
N, 522, 0.005500, 0.005500, 0.045500
N, 523, 0.005500, 0.025500, 0.045500
N, 524, 0.005500, 0.045500, 0.045500
N, 525, 0.005500, 0.065500, 0.045500
N, 526, 0.005500, 0.085500, 0.045500
N, 527, 0.005500, 0.105500, 0.045500
N, 528, 0.005500, 0.125500, 0.045500
N, 529, 0.005500, 0.145500, 0.045500
N, 530, 0.005500, 0.165500, 0.045500
N, 531, 0.005500, 0.185500, 0.045500
N, 532, 0.005500, 0.205500, 0.045500
N, 533, 0.005500, 0.225500, 0.045500
N, 534, 0.025500, -0.014500, 0.045500
N, 535, 0.025500, 0.005500, 0.045500
N, 536, 0.025500, 0.025500, 0.045500
N, 537, 0.025500, 0.045500, 0.045500
N, 538, 0.025500, 0.065500, 0.045500
N, 539, 0.025500, 0.085500, 0.045500
N, 540, 0.025500, 0.105500, 0.045500
N, 541, 0.025500, 0.125500, 0.045500
N, 542, 0.025500, 0.145500, 0.045500
N, 543, 0.025500, 0.165500, 0.045500
N, 544, 0.025500, 0.185500, 0.045500
N, 545, 0.025500, 0.205500, 0.045500
N, 546, 0.025500, 0.225500, 0.045500
N, 547, 0.045500, -0.014500, 0.045500
N, 548, 0.045500, 0.005500, 0.045500
N, 549, 0.045500, 0.025500, 0.045500
N, 550, 0.045500, 0.045500, 0.045500
N, 551, 0.045500, 0.065500, 0.045500
N, 552, 0.045500, 0.085500, 0.045500
N, 553, 0.045500, 0.105500, 0.045500
N, 554, 0.045500, 0.125500, 0.045500
N, 555, 0.045500, 0.145500, 0.045500
N, 556, 0.045500, 0.165500, 0.045500
N, 557, 0.045500, 0.185500, 0.045500
N, 558, 0.045500, 0.205500, 0.045500
N, 559, 0.045500, 0.225500, 0.045500
N, 560, 0.065500, -0.014500, 0.045500
N, 561, 0.065500, 0.005500, 0.045500
N, 562, 0.065500, 0.025500, 0.045500
N, 563, 0.065500, 0.045500, 0.045500
N, 564, 0.065500, 0.065500, 0.045500
N, 565, 0.065500, 0.085500, 0.045500
N, 566, 0.065500, 0.105500, 0.045500
N, 567, 0.065500, 0.125500, 0.045500
N, 568, 0.065500, 0.145500, 0.045500
N, 569, 0.065500, 0.165500, 0.045500
N, 570, 0.065500, 0.185500, 0.045500
N, 571, 0.065500, 0.205500, 0.045500
N, 572, 0.065500, 0.225500, 0.045500
N, 573, 0.085500, -0.014500, 0.045500
N, 574, 0.085500, 0.005500, 0.045500
N, 575, 0.085500, 0.025500, 0.045500
N, 576, 0.085500, 0.045500, 0.045500
N, 577, 0.085500, 0.065500, 0.045500
N, 578, 0.085500, 0.085500, 0.045500
N, 579, 0.085500, 0.105500, 0.045500
N, 580, 0.085500, 0.125500, 0.045500
N, 581, 0.085500, 0.145500, 0.045500
N, 582, 0.085500, 0.165500, 0.045500
N, 583, 0.085500, 0.185500, 0.045500
N, 584, 0.085500, 0.205500, 0.045500
N, 585, 0.085500, 0.225500, 0.045500
N, 586, 0.105500, -0.014500, 0.045500
N, 587, 0.105500, 0.005500, 0.045500
N, 588, 0.105500, 0.025500, 0.045500
N, 589, 0.105500, 0.045500, 0.045500
N, 590, 0.105500, 0.065500, 0.045500
N, 591, 0.105500, 0.085500, 0.045500
N, 592, 0.105500, 0.105500, 0.045500
N, 593, 0.105500, 0.125500, 0.045500
N, 594, 0.105500, 0.145500, 0.045500
N, 595, 0.105500, 0.165500, 0.045500
N, 596, 0.105500, 0.185500, 0.045500
N, 597, 0.105500, 0.205500, 0.045500
N, 598, 0.105500, 0.225500, 0.045500
N, 599, 0.125500, -0.014500, 0.045500
N, 600, 0.125500, 0.005500, 0.045500
N, 601, 0.125500, 0.025500, 0.045500
N, 602, 0.125500, 0.045500, 0.045500
N, 603, 0.125500, 0.065500, 0.045500
N, 604, 0.125500, 0.085500, 0.045500
N, 605, 0.125500, 0.105500, 0.045500
N, 606, 0.125500, 0.125500, 0.045500
N, 607, 0.125500, 0.145500, 0.045500
N, 608, 0.125500, 0.165500, 0.045500
N, 609, 0.125500, 0.185500, 0.045500
N, 610, 0.125500, 0.205500, 0.045500
N, 611, 0.125500, 0.225500, 0.045500
N, 612, 0.145500, -0.014500, 0.045500
N, 613, 0.145500, 0.005500, 0.045500
N, 614, 0.145500, 0.025500, 0.045500
N, 615, 0.145500, 0.045500, 0.045500
N, 616, 0.145500, 0.065500, 0.045500
N, 617, 0.145500, 0.085500, 0.045500
N, 618, 0.145500, 0.105500, 0.045500
N, 619, 0.145500, 0.125500, 0.045500
N, 620, 0.145500, 0.145500, 0.045500
N, 621, 0.145500, 0.165500, 0.045500
N, 622, 0.145500, 0.185500, 0.045500
N, 623, 0.145500, 0.205500, 0.045500
N, 624, 0.145500, 0.225500, 0.045500
N, 625, 0.165500, -0.014500, 0.045500
N, 626, 0.165500, 0.005500, 0.045500
N, 627, 0.165500, 0.025500, 0.045500
N, 628, 0.165500, 0.045500, 0.045500
N, 629, 0.165500, 0.065500, 0.045500
N, 630, 0.165500, 0.085500, 0.045500
N, 631, 0.165500, 0.105500, 0.045500
N, 632, 0.165500, 0.125500, 0.045500
N, 633, 0.165500, 0.145500, 0.045500
N, 634, 0.165500, 0.165500, 0.045500
N, 635, 0.165500, 0.185500, 0.045500
N, 636, 0.165500, 0.205500, 0.045500
N, 637, 0.165500, 0.225500, 0.045500
N, 638, 0.185500, -0.014500, 0.045500
N, 639, 0.185500, 0.005500, 0.045500
N, 640, 0.185500, 0.025500, 0.045500
N, 641, 0.185500, 0.045500, 0.045500
N, 642, 0.185500, 0.065500, 0.045500
N, 643, 0.185500, 0.085500, 0.045500
N, 644, 0.185500, 0.105500, 0.045500
N, 645, 0.185500, 0.125500, 0.045500
N, 646, 0.185500, 0.145500, 0.045500
N, 647, 0.185500, 0.165500, 0.045500
N, 648, 0.185500, 0.185500, 0.045500
N, 649, 0.185500, 0.205500, 0.045500
N, 650, 0.185500, 0.225500, 0.045500
N, 651, 0.205500, -0.014500, 0.045500
N, 652, 0.205500, 0.005500, 0.045500
N, 653, 0.205500, 0.025500, 0.045500
N, 654, 0.205500, 0.045500, 0.045500
N, 655, 0.205500, 0.065500, 0.045500
N, 656, 0.205500, 0.085500, 0.045500
N, 657, 0.205500, 0.105500, 0.045500
N, 658, 0.205500, 0.125500, 0.045500
N, 659, 0.205500, 0.145500, 0.045500
N, 660, 0.205500, 0.165500, 0.045500
N, 661, 0.205500, 0.185500, 0.045500
N, 662, 0.205500, 0.205500, 0.045500
N, 663, 0.205500, 0.225500, 0.045500
N, 664, 0.225500, -0.014500, 0.045500
N, 665, 0.225500, 0.005500, 0.045500
N, 666, 0.225500, 0.025500, 0.045500
N, 667, 0.225500, 0.045500, 0.045500
N, 668, 0.225500, 0.065500, 0.045500
N, 669, 0.225500, 0.085500, 0.045500
N, 670, 0.225500, 0.105500, 0.045500
N, 671, 0.225500, 0.125500, 0.045500
N, 672, 0.225500, 0.145500, 0.045500
N, 673, 0.225500, 0.165500, 0.045500
N, 674, 0.225500, 0.185500, 0.045500
N, 675, 0.225500, 0.205500, 0.045500
N, 676, 0.225500, 0.225500, 0.045500
N, 677, -0.014500, -0.014500, 0.065500
N, 678, -0.014500, 0.005500, 0.065500
N, 679, -0.014500, 0.025500, 0.065500
N, 680, -0.014500, 0.045500, 0.065500
N, 681, -0.014500, 0.065500, 0.065500
N, 682, -0.014500, 0.085500, 0.065500
N, 683, -0.014500, 0.105500, 0.065500
N, 684, -0.014500, 0.125500, 0.065500
N, 685, -0.014500, 0.145500, 0.065500
N, 686, -0.014500, 0.165500, 0.065500
N, 687, -0.014500, 0.185500, 0.065500
N, 688, -0.014500, 0.205500, 0.065500
N, 689, -0.014500, 0.225500, 0.065500
N, 690, 0.005500, -0.014500, 0.065500
N, 691, 0.005500, 0.005500, 0.065500
N, 692, 0.005500, 0.025500, 0.065500
N, 693, 0.005500, 0.045500, 0.065500
N, 694, 0.005500, 0.065500, 0.065500
N, 695, 0.005500, 0.085500, 0.065500
N, 696, 0.005500, 0.105500, 0.065500
N, 697, 0.005500, 0.125500, 0.065500
N, 698, 0.005500, 0.145500, 0.065500
N, 699, 0.005500, 0.165500, 0.065500
N, 700, 0.005500, 0.185500, 0.065500
N, 701, 0.005500, 0.205500, 0.065500
N, 702, 0.005500, 0.225500, 0.065500
N, 703, 0.025500, -0.014500, 0.065500
N, 704, 0.025500, 0.005500, 0.065500
N, 705, 0.025500, 0.025500, 0.065500
N, 706, 0.025500, 0.045500, 0.065500
N, 707, 0.025500, 0.065500, 0.065500
N, 708, 0.025500, 0.085500, 0.065500
N, 709, 0.025500, 0.105500, 0.065500
N, 710, 0.025500, 0.125500, 0.065500
N, 711, 0.025500, 0.145500, 0.065500
N, 712, 0.025500, 0.165500, 0.065500
N, 713, 0.025500, 0.185500, 0.065500
N, 714, 0.025500, 0.205500, 0.065500
N, 715, 0.025500, 0.225500, 0.065500
N, 716, 0.045500, -0.014500, 0.065500
N, 717, 0.045500, 0.005500, 0.065500
N, 718, 0.045500, 0.025500, 0.065500
N, 719, 0.045500, 0.045500, 0.065500
N, 720, 0.045500, 0.065500, 0.065500
N, 721, 0.045500, 0.085500, 0.065500
N, 722, 0.045500, 0.105500, 0.065500
N, 723, 0.045500, 0.125500, 0.065500
N, 724, 0.045500, 0.145500, 0.065500
N, 725, 0.045500, 0.165500, 0.065500
N, 726, 0.045500, 0.185500, 0.065500
N, 727, 0.045500, 0.205500, 0.065500
N, 728, 0.045500, 0.225500, 0.065500
N, 729, 0.065500, -0.014500, 0.065500
N, 730, 0.065500, 0.005500, 0.065500
N, 731, 0.065500, 0.025500, 0.065500
N, 732, 0.065500, 0.045500, 0.065500
N, 733, 0.065500, 0.065500, 0.065500
N, 734, 0.065500, 0.085500, 0.065500
N, 735, 0.065500, 0.105500, 0.065500
N, 736, 0.065500, 0.125500, 0.065500
N, 737, 0.065500, 0.145500, 0.065500
N, 738, 0.065500, 0.165500, 0.065500
N, 739, 0.065500, 0.185500, 0.065500
N, 740, 0.065500, 0.205500, 0.065500
N, 741, 0.065500, 0.225500, 0.065500
N, 742, 0.085500, -0.014500, 0.065500
N, 743, 0.085500, 0.005500, 0.065500
N, 744, 0.085500, 0.025500, 0.065500
N, 745, 0.085500, 0.045500, 0.065500
N, 746, 0.085500, 0.065500, 0.065500
N, 747, 0.085500, 0.085500, 0.065500
N, 748, 0.085500, 0.105500, 0.065500
N, 749, 0.085500, 0.125500, 0.065500
N, 750, 0.085500, 0.145500, 0.065500
N, 751, 0.085500, 0.165500, 0.065500
N, 752, 0.085500, 0.185500, 0.065500
N, 753, 0.085500, 0.205500, 0.065500
N, 754, 0.085500, 0.225500, 0.065500
N, 755, 0.105500, -0.014500, 0.065500
N, 756, 0.105500, 0.005500, 0.065500
N, 757, 0.105500, 0.025500, 0.065500
N, 758, 0.105500, 0.045500, 0.065500
N, 759, 0.105500, 0.065500, 0.065500
N, 760, 0.105500, 0.085500, 0.065500
N, 761, 0.105500, 0.105500, 0.065500
N, 762, 0.105500, 0.125500, 0.065500
N, 763, 0.105500, 0.145500, 0.065500
N, 764, 0.105500, 0.165500, 0.065500
N, 765, 0.105500, 0.185500, 0.065500
N, 766, 0.105500, 0.205500, 0.065500
N, 767, 0.105500, 0.225500, 0.065500
N, 768, 0.125500, -0.014500, 0.065500
N, 769, 0.125500, 0.005500, 0.065500
N, 770, 0.125500, 0.025500, 0.065500
N, 771, 0.125500, 0.045500, 0.065500
N, 772, 0.125500, 0.065500, 0.065500
N, 773, 0.125500, 0.085500, 0.065500
N, 774, 0.125500, 0.105500, 0.065500
N, 775, 0.125500, 0.125500, 0.065500
N, 776, 0.125500, 0.145500, 0.065500
N, 777, 0.125500, 0.165500, 0.065500
N, 778, 0.125500, 0.185500, 0.065500
N, 779, 0.125500, 0.205500, 0.065500
N, 780, 0.125500, 0.225500, 0.065500
N, 781, 0.145500, -0.014500, 0.065500
N, 782, 0.145500, 0.005500, 0.065500
N, 783, 0.145500, 0.025500, 0.065500
N, 784, 0.145500, 0.045500, 0.065500
N, 785, 0.145500, 0.065500, 0.065500
N, 786, 0.145500, 0.085500, 0.065500
N, 787, 0.145500, 0.105500, 0.065500
N, 788, 0.145500, 0.125500, 0.065500
N, 789, 0.145500, 0.145500, 0.065500
N, 790, 0.145500, 0.165500, 0.065500
N, 791, 0.145500, 0.185500, 0.065500
N, 792, 0.145500, 0.205500, 0.065500
N, 793, 0.145500, 0.225500, 0.065500
N, 794, 0.165500, -0.014500, 0.065500
N, 795, 0.165500, 0.005500, 0.065500
N, 796, 0.165500, 0.025500, 0.065500
N, 797, 0.165500, 0.045500, 0.065500
N, 798, 0.165500, 0.065500, 0.065500
N, 799, 0.165500, 0.085500, 0.065500
N, 800, 0.165500, 0.105500, 0.065500
N, 801, 0.165500, 0.125500, 0.065500
N, 802, 0.165500, 0.145500, 0.065500
N, 803, 0.165500, 0.165500, 0.065500
N, 804, 0.165500, 0.185500, 0.065500
N, 805, 0.165500, 0.205500, 0.065500
N, 806, 0.165500, 0.225500, 0.065500
N, 807, 0.185500, -0.014500, 0.065500
N, 808, 0.185500, 0.005500, 0.065500
N, 809, 0.185500, 0.025500, 0.065500
N, 810, 0.185500, 0.045500, 0.065500
N, 811, 0.185500, 0.065500, 0.065500
N, 812, 0.185500, 0.085500, 0.065500
N, 813, 0.185500, 0.105500, 0.065500
N, 814, 0.185500, 0.125500, 0.065500
N, 815, 0.185500, 0.145500, 0.065500
N, 816, 0.185500, 0.165500, 0.065500
N, 817, 0.185500, 0.185500, 0.065500
N, 818, 0.185500, 0.205500, 0.065500
N, 819, 0.185500, 0.225500, 0.065500
N, 820, 0.205500, -0.014500, 0.065500
N, 821, 0.205500, 0.005500, 0.065500
N, 822, 0.205500, 0.025500, 0.065500
N, 823, 0.205500, 0.045500, 0.065500
N, 824, 0.205500, 0.065500, 0.065500
N, 825, 0.205500, 0.085500, 0.065500
N, 826, 0.205500, 0.105500, 0.065500
N, 827, 0.205500, 0.125500, 0.065500
N, 828, 0.205500, 0.145500, 0.065500
N, 829, 0.205500, 0.165500, 0.065500
N, 830, 0.205500, 0.185500, 0.065500
N, 831, 0.205500, 0.205500, 0.065500
N, 832, 0.205500, 0.225500, 0.065500
N, 833, 0.225500, -0.014500, 0.065500
N, 834, 0.225500, 0.005500, 0.065500
N, 835, 0.225500, 0.025500, 0.065500
N, 836, 0.225500, 0.045500, 0.065500
N, 837, 0.225500, 0.065500, 0.065500
N, 838, 0.225500, 0.085500, 0.065500
N, 839, 0.225500, 0.105500, 0.065500
N, 840, 0.225500, 0.125500, 0.065500
N, 841, 0.225500, 0.145500, 0.065500
N, 842, 0.225500, 0.165500, 0.065500
N, 843, 0.225500, 0.185500, 0.065500
N, 844, 0.225500, 0.205500, 0.065500
N, 845, 0.225500, 0.225500, 0.065500
N, 846, -0.014500, -0.014500, 0.085500
N, 847, -0.014500, 0.005500, 0.085500
N, 848, -0.014500, 0.025500, 0.085500
N, 849, -0.014500, 0.045500, 0.085500
N, 850, -0.014500, 0.065500, 0.085500
N, 851, -0.014500, 0.085500, 0.085500
N, 852, -0.014500, 0.105500, 0.085500
N, 853, -0.014500, 0.125500, 0.085500
N, 854, -0.014500, 0.145500, 0.085500
N, 855, -0.014500, 0.165500, 0.085500
N, 856, -0.014500, 0.185500, 0.085500
N, 857, -0.014500, 0.205500, 0.085500
N, 858, -0.014500, 0.225500, 0.085500
N, 859, 0.005500, -0.014500, 0.085500
N, 860, 0.005500, 0.005500, 0.085500
N, 861, 0.005500, 0.025500, 0.085500
N, 862, 0.005500, 0.045500, 0.085500
N, 863, 0.005500, 0.065500, 0.085500
N, 864, 0.005500, 0.085500, 0.085500
N, 865, 0.005500, 0.105500, 0.085500
N, 866, 0.005500, 0.125500, 0.085500
N, 867, 0.005500, 0.145500, 0.085500
N, 868, 0.005500, 0.165500, 0.085500
N, 869, 0.005500, 0.185500, 0.085500
N, 870, 0.005500, 0.205500, 0.085500
N, 871, 0.005500, 0.225500, 0.085500
N, 872, 0.025500, -0.014500, 0.085500
N, 873, 0.025500, 0.005500, 0.085500
N, 874, 0.025500, 0.025500, 0.085500
N, 875, 0.025500, 0.045500, 0.085500
N, 876, 0.025500, 0.065500, 0.085500
N, 877, 0.025500, 0.085500, 0.085500
N, 878, 0.025500, 0.105500, 0.085500
N, 879, 0.025500, 0.125500, 0.085500
N, 880, 0.025500, 0.145500, 0.085500
N, 881, 0.025500, 0.165500, 0.085500
N, 882, 0.025500, 0.185500, 0.085500
N, 883, 0.025500, 0.205500, 0.085500
N, 884, 0.025500, 0.225500, 0.085500
N, 885, 0.045500, -0.014500, 0.085500
N, 886, 0.045500, 0.005500, 0.085500
N, 887, 0.045500, 0.025500, 0.085500
N, 888, 0.045500, 0.045500, 0.085500
N, 889, 0.045500, 0.065500, 0.085500
N, 890, 0.045500, 0.085500, 0.085500
N, 891, 0.045500, 0.105500, 0.085500
N, 892, 0.045500, 0.125500, 0.085500
N, 893, 0.045500, 0.145500, 0.085500
N, 894, 0.045500, 0.165500, 0.085500
N, 895, 0.045500, 0.185500, 0.085500
N, 896, 0.045500, 0.205500, 0.085500
N, 897, 0.045500, 0.225500, 0.085500
N, 898, 0.065500, -0.014500, 0.085500
N, 899, 0.065500, 0.005500, 0.085500
N, 900, 0.065500, 0.025500, 0.085500
N, 901, 0.065500, 0.045500, 0.085500
N, 902, 0.065500, 0.065500, 0.085500
N, 903, 0.065500, 0.085500, 0.085500
N, 904, 0.065500, 0.105500, 0.085500
N, 905, 0.065500, 0.125500, 0.085500
N, 906, 0.065500, 0.145500, 0.085500
N, 907, 0.065500, 0.165500, 0.085500
N, 908, 0.065500, 0.185500, 0.085500
N, 909, 0.065500, 0.205500, 0.085500
N, 910, 0.065500, 0.225500, 0.085500
N, 911, 0.085500, -0.014500, 0.085500
N, 912, 0.085500, 0.005500, 0.085500
N, 913, 0.085500, 0.025500, 0.085500
N, 914, 0.085500, 0.045500, 0.085500
N, 915, 0.085500, 0.065500, 0.085500
N, 916, 0.085500, 0.085500, 0.085500
N, 917, 0.085500, 0.105500, 0.085500
N, 918, 0.085500, 0.125500, 0.085500
N, 919, 0.085500, 0.145500, 0.085500
N, 920, 0.085500, 0.165500, 0.085500
N, 921, 0.085500, 0.185500, 0.085500
N, 922, 0.085500, 0.205500, 0.085500
N, 923, 0.085500, 0.225500, 0.085500
N, 924, 0.105500, -0.014500, 0.085500
N, 925, 0.105500, 0.005500, 0.085500
N, 926, 0.105500, 0.025500, 0.085500
N, 927, 0.105500, 0.045500, 0.085500
N, 928, 0.105500, 0.065500, 0.085500
N, 929, 0.105500, 0.085500, 0.085500
N, 930, 0.105500, 0.105500, 0.085500
N, 931, 0.105500, 0.125500, 0.085500
N, 932, 0.105500, 0.145500, 0.085500
N, 933, 0.105500, 0.165500, 0.085500
N, 934, 0.105500, 0.185500, 0.085500
N, 935, 0.105500, 0.205500, 0.085500
N, 936, 0.105500, 0.225500, 0.085500
N, 937, 0.125500, -0.014500, 0.085500
N, 938, 0.125500, 0.005500, 0.085500
N, 939, 0.125500, 0.025500, 0.085500
N, 940, 0.125500, 0.045500, 0.085500
N, 941, 0.125500, 0.065500, 0.085500
N, 942, 0.125500, 0.085500, 0.085500
N, 943, 0.125500, 0.105500, 0.085500
N, 944, 0.125500, 0.125500, 0.085500
N, 945, 0.125500, 0.145500, 0.085500
N, 946, 0.125500, 0.165500, 0.085500
N, 947, 0.125500, 0.185500, 0.085500
N, 948, 0.125500, 0.205500, 0.085500
N, 949, 0.125500, 0.225500, 0.085500
N, 950, 0.145500, -0.014500, 0.085500
N, 951, 0.145500, 0.005500, 0.085500
N, 952, 0.145500, 0.025500, 0.085500
N, 953, 0.145500, 0.045500, 0.085500
N, 954, 0.145500, 0.065500, 0.085500
N, 955, 0.145500, 0.085500, 0.085500
N, 956, 0.145500, 0.105500, 0.085500
N, 957, 0.145500, 0.125500, 0.085500
N, 958, 0.145500, 0.145500, 0.085500
N, 959, 0.145500, 0.165500, 0.085500
N, 960, 0.145500, 0.185500, 0.085500
N, 961, 0.145500, 0.205500, 0.085500
N, 962, 0.145500, 0.225500, 0.085500
N, 963, 0.165500, -0.014500, 0.085500
N, 964, 0.165500, 0.005500, 0.085500
N, 965, 0.165500, 0.025500, 0.085500
N, 966, 0.165500, 0.045500, 0.085500
N, 967, 0.165500, 0.065500, 0.085500
N, 968, 0.165500, 0.085500, 0.085500
N, 969, 0.165500, 0.105500, 0.085500
N, 970, 0.165500, 0.125500, 0.085500
N, 971, 0.165500, 0.145500, 0.085500
N, 972, 0.165500, 0.165500, 0.085500
N, 973, 0.165500, 0.185500, 0.085500
N, 974, 0.165500, 0.205500, 0.085500
N, 975, 0.165500, 0.225500, 0.085500
N, 976, 0.185500, -0.014500, 0.085500
N, 977, 0.185500, 0.005500, 0.085500
N, 978, 0.185500, 0.025500, 0.085500
N, 979, 0.185500, 0.045500, 0.085500
N, 980, 0.185500, 0.065500, 0.085500
N, 981, 0.185500, 0.085500, 0.085500
N, 982, 0.185500, 0.105500, 0.085500
N, 983, 0.185500, 0.125500, 0.085500
N, 984, 0.185500, 0.145500, 0.085500
N, 985, 0.185500, 0.165500, 0.085500
N, 986, 0.185500, 0.185500, 0.085500
N, 987, 0.185500, 0.205500, 0.085500
N, 988, 0.185500, 0.225500, 0.085500
N, 989, 0.205500, -0.014500, 0.085500
N, 990, 0.205500, 0.005500, 0.085500
N, 991, 0.205500, 0.025500, 0.085500
N, 992, 0.205500, 0.045500, 0.085500
N, 993, 0.205500, 0.065500, 0.085500
N, 994, 0.205500, 0.085500, 0.085500
N, 995, 0.205500, 0.105500, 0.085500
N, 996, 0.205500, 0.125500, 0.085500
N, 997, 0.205500, 0.145500, 0.085500
N, 998, 0.205500, 0.165500, 0.085500
N, 999, 0.205500, 0.185500, 0.085500
N, 1000, 0.205500, 0.205500, 0.085500
N, 1001, 0.205500, 0.225500, 0.085500
N, 1002, 0.225500, -0.014500, 0.085500
N, 1003, 0.225500, 0.005500, 0.085500
N, 1004, 0.225500, 0.025500, 0.085500
N, 1005, 0.225500, 0.045500, 0.085500
N, 1006, 0.225500, 0.065500, 0.085500
N, 1007, 0.225500, 0.085500, 0.085500
N, 1008, 0.225500, 0.105500, 0.085500
N, 1009, 0.225500, 0.125500, 0.085500
N, 1010, 0.225500, 0.145500, 0.085500
N, 1011, 0.225500, 0.165500, 0.085500
N, 1012, 0.225500, 0.185500, 0.085500
N, 1013, 0.225500, 0.205500, 0.085500
N, 1014, 0.225500, 0.225500, 0.085500
N, 1015, -0.014500, -0.014500, 0.105500
N, 1016, -0.014500, 0.005500, 0.105500
N, 1017, -0.014500, 0.025500, 0.105500
N, 1018, -0.014500, 0.045500, 0.105500
N, 1019, -0.014500, 0.065500, 0.105500
N, 1020, -0.014500, 0.085500, 0.105500
N, 1021, -0.014500, 0.105500, 0.105500
N, 1022, -0.014500, 0.125500, 0.105500
N, 1023, -0.014500, 0.145500, 0.105500
N, 1024, -0.014500, 0.165500, 0.105500
N, 1025, -0.014500, 0.185500, 0.105500
N, 1026, -0.014500, 0.205500, 0.105500
N, 1027, -0.014500, 0.225500, 0.105500
N, 1028, 0.005500, -0.014500, 0.105500
N, 1029, 0.005500, 0.005500, 0.105500
N, 1030, 0.005500, 0.025500, 0.105500
N, 1031, 0.005500, 0.045500, 0.105500
N, 1032, 0.005500, 0.065500, 0.105500
N, 1033, 0.005500, 0.085500, 0.105500
N, 1034, 0.005500, 0.105500, 0.105500
N, 1035, 0.005500, 0.125500, 0.105500
N, 1036, 0.005500, 0.145500, 0.105500
N, 1037, 0.005500, 0.165500, 0.105500
N, 1038, 0.005500, 0.185500, 0.105500
N, 1039, 0.005500, 0.205500, 0.105500
N, 1040, 0.005500, 0.225500, 0.105500
N, 1041, 0.025500, -0.014500, 0.105500
N, 1042, 0.025500, 0.005500, 0.105500
N, 1043, 0.025500, 0.025500, 0.105500
N, 1044, 0.025500, 0.045500, 0.105500
N, 1045, 0.025500, 0.065500, 0.105500
N, 1046, 0.025500, 0.085500, 0.105500
N, 1047, 0.025500, 0.105500, 0.105500
N, 1048, 0.025500, 0.125500, 0.105500
N, 1049, 0.025500, 0.145500, 0.105500
N, 1050, 0.025500, 0.165500, 0.105500
N, 1051, 0.025500, 0.185500, 0.105500
N, 1052, 0.025500, 0.205500, 0.105500
N, 1053, 0.025500, 0.225500, 0.105500
N, 1054, 0.045500, -0.014500, 0.105500
N, 1055, 0.045500, 0.005500, 0.105500
N, 1056, 0.045500, 0.025500, 0.105500
N, 1057, 0.045500, 0.045500, 0.105500
N, 1058, 0.045500, 0.065500, 0.105500
N, 1059, 0.045500, 0.085500, 0.105500
N, 1060, 0.045500, 0.105500, 0.105500
N, 1061, 0.045500, 0.125500, 0.105500
N, 1062, 0.045500, 0.145500, 0.105500
N, 1063, 0.045500, 0.165500, 0.105500
N, 1064, 0.045500, 0.185500, 0.105500
N, 1065, 0.045500, 0.205500, 0.105500
N, 1066, 0.045500, 0.225500, 0.105500
N, 1067, 0.065500, -0.014500, 0.105500
N, 1068, 0.065500, 0.005500, 0.105500
N, 1069, 0.065500, 0.025500, 0.105500
N, 1070, 0.065500, 0.045500, 0.105500
N, 1071, 0.065500, 0.065500, 0.105500
N, 1072, 0.065500, 0.085500, 0.105500
N, 1073, 0.065500, 0.105500, 0.105500
N, 1074, 0.065500, 0.125500, 0.105500
N, 1075, 0.065500, 0.145500, 0.105500
N, 1076, 0.065500, 0.165500, 0.105500
N, 1077, 0.065500, 0.185500, 0.105500
N, 1078, 0.065500, 0.205500, 0.105500
N, 1079, 0.065500, 0.225500, 0.105500
N, 1080, 0.085500, -0.014500, 0.105500
N, 1081, 0.085500, 0.005500, 0.105500
N, 1082, 0.085500, 0.025500, 0.105500
N, 1083, 0.085500, 0.045500, 0.105500
N, 1084, 0.085500, 0.065500, 0.105500
N, 1085, 0.085500, 0.085500, 0.105500
N, 1086, 0.085500, 0.105500, 0.105500
N, 1087, 0.085500, 0.125500, 0.105500
N, 1088, 0.085500, 0.145500, 0.105500
N, 1089, 0.085500, 0.165500, 0.105500
N, 1090, 0.085500, 0.185500, 0.105500
N, 1091, 0.085500, 0.205500, 0.105500
N, 1092, 0.085500, 0.225500, 0.105500
N, 1093, 0.105500, -0.014500, 0.105500
N, 1094, 0.105500, 0.005500, 0.105500
N, 1095, 0.105500, 0.025500, 0.105500
N, 1096, 0.105500, 0.045500, 0.105500
N, 1097, 0.105500, 0.065500, 0.105500
N, 1098, 0.105500, 0.085500, 0.105500
N, 1099, 0.105500, 0.105500, 0.105500
N, 1100, 0.105500, 0.125500, 0.105500
N, 1101, 0.105500, 0.145500, 0.105500
N, 1102, 0.105500, 0.165500, 0.105500
N, 1103, 0.105500, 0.185500, 0.105500
N, 1104, 0.105500, 0.205500, 0.105500
N, 1105, 0.105500, 0.225500, 0.105500
N, 1106, 0.125500, -0.014500, 0.105500
N, 1107, 0.125500, 0.005500, 0.105500
N, 1108, 0.125500, 0.025500, 0.105500
N, 1109, 0.125500, 0.045500, 0.105500
N, 1110, 0.125500, 0.065500, 0.105500
N, 1111, 0.125500, 0.085500, 0.105500
N, 1112, 0.125500, 0.105500, 0.105500
N, 1113, 0.125500, 0.125500, 0.105500
N, 1114, 0.125500, 0.145500, 0.105500
N, 1115, 0.125500, 0.165500, 0.105500
N, 1116, 0.125500, 0.185500, 0.105500
N, 1117, 0.125500, 0.205500, 0.105500
N, 1118, 0.125500, 0.225500, 0.105500
N, 1119, 0.145500, -0.014500, 0.105500
N, 1120, 0.145500, 0.005500, 0.105500
N, 1121, 0.145500, 0.025500, 0.105500
N, 1122, 0.145500, 0.045500, 0.105500
N, 1123, 0.145500, 0.065500, 0.105500
N, 1124, 0.145500, 0.085500, 0.105500
N, 1125, 0.145500, 0.105500, 0.105500
N, 1126, 0.145500, 0.125500, 0.105500
N, 1127, 0.145500, 0.145500, 0.105500
N, 1128, 0.145500, 0.165500, 0.105500
N, 1129, 0.145500, 0.185500, 0.105500
N, 1130, 0.145500, 0.205500, 0.105500
N, 1131, 0.145500, 0.225500, 0.105500
N, 1132, 0.165500, -0.014500, 0.105500
N, 1133, 0.165500, 0.005500, 0.105500
N, 1134, 0.165500, 0.025500, 0.105500
N, 1135, 0.165500, 0.045500, 0.105500
N, 1136, 0.165500, 0.065500, 0.105500
N, 1137, 0.165500, 0.085500, 0.105500
N, 1138, 0.165500, 0.105500, 0.105500
N, 1139, 0.165500, 0.125500, 0.105500
N, 1140, 0.165500, 0.145500, 0.105500
N, 1141, 0.165500, 0.165500, 0.105500
N, 1142, 0.165500, 0.185500, 0.105500
N, 1143, 0.165500, 0.205500, 0.105500
N, 1144, 0.165500, 0.225500, 0.105500
N, 1145, 0.185500, -0.014500, 0.105500
N, 1146, 0.185500, 0.005500, 0.105500
N, 1147, 0.185500, 0.025500, 0.105500
N, 1148, 0.185500, 0.045500, 0.105500
N, 1149, 0.185500, 0.065500, 0.105500
N, 1150, 0.185500, 0.085500, 0.105500
N, 1151, 0.185500, 0.105500, 0.105500
N, 1152, 0.185500, 0.125500, 0.105500
N, 1153, 0.185500, 0.145500, 0.105500
N, 1154, 0.185500, 0.165500, 0.105500
N, 1155, 0.185500, 0.185500, 0.105500
N, 1156, 0.185500, 0.205500, 0.105500
N, 1157, 0.185500, 0.225500, 0.105500
N, 1158, 0.205500, -0.014500, 0.105500
N, 1159, 0.205500, 0.005500, 0.105500
N, 1160, 0.205500, 0.025500, 0.105500
N, 1161, 0.205500, 0.045500, 0.105500
N, 1162, 0.205500, 0.065500, 0.105500
N, 1163, 0.205500, 0.085500, 0.105500
N, 1164, 0.205500, 0.105500, 0.105500
N, 1165, 0.205500, 0.125500, 0.105500
N, 1166, 0.205500, 0.145500, 0.105500
N, 1167, 0.205500, 0.165500, 0.105500
N, 1168, 0.205500, 0.185500, 0.105500
N, 1169, 0.205500, 0.205500, 0.105500
N, 1170, 0.205500, 0.225500, 0.105500
N, 1171, 0.225500, -0.014500, 0.105500
N, 1172, 0.225500, 0.005500, 0.105500
N, 1173, 0.225500, 0.025500, 0.105500
N, 1174, 0.225500, 0.045500, 0.105500
N, 1175, 0.225500, 0.065500, 0.105500
N, 1176, 0.225500, 0.085500, 0.105500
N, 1177, 0.225500, 0.105500, 0.105500
N, 1178, 0.225500, 0.125500, 0.105500
N, 1179, 0.225500, 0.145500, 0.105500
N, 1180, 0.225500, 0.165500, 0.105500
N, 1181, 0.225500, 0.185500, 0.105500
N, 1182, 0.225500, 0.205500, 0.105500
N, 1183, 0.225500, 0.225500, 0.105500
N, 1184, -0.014500, -0.014500, 0.125500
N, 1185, -0.014500, 0.005500, 0.125500
N, 1186, -0.014500, 0.025500, 0.125500
N, 1187, -0.014500, 0.045500, 0.125500
N, 1188, -0.014500, 0.065500, 0.125500
N, 1189, -0.014500, 0.085500, 0.125500
N, 1190, -0.014500, 0.105500, 0.125500
N, 1191, -0.014500, 0.125500, 0.125500
N, 1192, -0.014500, 0.145500, 0.125500
N, 1193, -0.014500, 0.165500, 0.125500
N, 1194, -0.014500, 0.185500, 0.125500
N, 1195, -0.014500, 0.205500, 0.125500
N, 1196, -0.014500, 0.225500, 0.125500
N, 1197, 0.005500, -0.014500, 0.125500
N, 1198, 0.005500, 0.005500, 0.125500
N, 1199, 0.005500, 0.025500, 0.125500
N, 1200, 0.005500, 0.045500, 0.125500
N, 1201, 0.005500, 0.065500, 0.125500
N, 1202, 0.005500, 0.085500, 0.125500
N, 1203, 0.005500, 0.105500, 0.125500
N, 1204, 0.005500, 0.125500, 0.125500
N, 1205, 0.005500, 0.145500, 0.125500
N, 1206, 0.005500, 0.165500, 0.125500
N, 1207, 0.005500, 0.185500, 0.125500
N, 1208, 0.005500, 0.205500, 0.125500
N, 1209, 0.005500, 0.225500, 0.125500
N, 1210, 0.025500, -0.014500, 0.125500
N, 1211, 0.025500, 0.005500, 0.125500
N, 1212, 0.025500, 0.025500, 0.125500
N, 1213, 0.025500, 0.045500, 0.125500
N, 1214, 0.025500, 0.065500, 0.125500
N, 1215, 0.025500, 0.085500, 0.125500
N, 1216, 0.025500, 0.105500, 0.125500
N, 1217, 0.025500, 0.125500, 0.125500
N, 1218, 0.025500, 0.145500, 0.125500
N, 1219, 0.025500, 0.165500, 0.125500
N, 1220, 0.025500, 0.185500, 0.125500
N, 1221, 0.025500, 0.205500, 0.125500
N, 1222, 0.025500, 0.225500, 0.125500
N, 1223, 0.045500, -0.014500, 0.125500
N, 1224, 0.045500, 0.005500, 0.125500
N, 1225, 0.045500, 0.025500, 0.125500
N, 1226, 0.045500, 0.045500, 0.125500
N, 1227, 0.045500, 0.065500, 0.125500
N, 1228, 0.045500, 0.085500, 0.125500
N, 1229, 0.045500, 0.105500, 0.125500
N, 1230, 0.045500, 0.125500, 0.125500
N, 1231, 0.045500, 0.145500, 0.125500
N, 1232, 0.045500, 0.165500, 0.125500
N, 1233, 0.045500, 0.185500, 0.125500
N, 1234, 0.045500, 0.205500, 0.125500
N, 1235, 0.045500, 0.225500, 0.125500
N, 1236, 0.065500, -0.014500, 0.125500
N, 1237, 0.065500, 0.005500, 0.125500
N, 1238, 0.065500, 0.025500, 0.125500
N, 1239, 0.065500, 0.045500, 0.125500
N, 1240, 0.065500, 0.065500, 0.125500
N, 1241, 0.065500, 0.085500, 0.125500
N, 1242, 0.065500, 0.105500, 0.125500
N, 1243, 0.065500, 0.125500, 0.125500
N, 1244, 0.065500, 0.145500, 0.125500
N, 1245, 0.065500, 0.165500, 0.125500
N, 1246, 0.065500, 0.185500, 0.125500
N, 1247, 0.065500, 0.205500, 0.125500
N, 1248, 0.065500, 0.225500, 0.125500
N, 1249, 0.085500, -0.014500, 0.125500
N, 1250, 0.085500, 0.005500, 0.125500
N, 1251, 0.085500, 0.025500, 0.125500
N, 1252, 0.085500, 0.045500, 0.125500
N, 1253, 0.085500, 0.065500, 0.125500
N, 1254, 0.085500, 0.085500, 0.125500
N, 1255, 0.085500, 0.105500, 0.125500
N, 1256, 0.085500, 0.125500, 0.125500
N, 1257, 0.085500, 0.145500, 0.125500
N, 1258, 0.085500, 0.165500, 0.125500
N, 1259, 0.085500, 0.185500, 0.125500
N, 1260, 0.085500, 0.205500, 0.125500
N, 1261, 0.085500, 0.225500, 0.125500
N, 1262, 0.105500, -0.014500, 0.125500
N, 1263, 0.105500, 0.005500, 0.125500
N, 1264, 0.105500, 0.025500, 0.125500
N, 1265, 0.105500, 0.045500, 0.125500
N, 1266, 0.105500, 0.065500, 0.125500
N, 1267, 0.105500, 0.085500, 0.125500
N, 1268, 0.105500, 0.105500, 0.125500
N, 1269, 0.105500, 0.125500, 0.125500
N, 1270, 0.105500, 0.145500, 0.125500
N, 1271, 0.105500, 0.165500, 0.125500
N, 1272, 0.105500, 0.185500, 0.125500
N, 1273, 0.105500, 0.205500, 0.125500
N, 1274, 0.105500, 0.225500, 0.125500
N, 1275, 0.125500, -0.014500, 0.125500
N, 1276, 0.125500, 0.005500, 0.125500
N, 1277, 0.125500, 0.025500, 0.125500
N, 1278, 0.125500, 0.045500, 0.125500
N, 1279, 0.125500, 0.065500, 0.125500
N, 1280, 0.125500, 0.085500, 0.125500
N, 1281, 0.125500, 0.105500, 0.125500
N, 1282, 0.125500, 0.125500, 0.125500
N, 1283, 0.125500, 0.145500, 0.125500
N, 1284, 0.125500, 0.165500, 0.125500
N, 1285, 0.125500, 0.185500, 0.125500
N, 1286, 0.125500, 0.205500, 0.125500
N, 1287, 0.125500, 0.225500, 0.125500
N, 1288, 0.145500, -0.014500, 0.125500
N, 1289, 0.145500, 0.005500, 0.125500
N, 1290, 0.145500, 0.025500, 0.125500
N, 1291, 0.145500, 0.045500, 0.125500
N, 1292, 0.145500, 0.065500, 0.125500
N, 1293, 0.145500, 0.085500, 0.125500
N, 1294, 0.145500, 0.105500, 0.125500
N, 1295, 0.145500, 0.125500, 0.125500
N, 1296, 0.145500, 0.145500, 0.125500
N, 1297, 0.145500, 0.165500, 0.125500
N, 1298, 0.145500, 0.185500, 0.125500
N, 1299, 0.145500, 0.205500, 0.125500
N, 1300, 0.145500, 0.225500, 0.125500
N, 1301, 0.165500, -0.014500, 0.125500
N, 1302, 0.165500, 0.005500, 0.125500
N, 1303, 0.165500, 0.025500, 0.125500
N, 1304, 0.165500, 0.045500, 0.125500
N, 1305, 0.165500, 0.065500, 0.125500
N, 1306, 0.165500, 0.085500, 0.125500
N, 1307, 0.165500, 0.105500, 0.125500
N, 1308, 0.165500, 0.125500, 0.125500
N, 1309, 0.165500, 0.145500, 0.125500
N, 1310, 0.165500, 0.165500, 0.125500
N, 1311, 0.165500, 0.185500, 0.125500
N, 1312, 0.165500, 0.205500, 0.125500
N, 1313, 0.165500, 0.225500, 0.125500
N, 1314, 0.185500, -0.014500, 0.125500
N, 1315, 0.185500, 0.005500, 0.125500
N, 1316, 0.185500, 0.025500, 0.125500
N, 1317, 0.185500, 0.045500, 0.125500
N, 1318, 0.185500, 0.065500, 0.125500
N, 1319, 0.185500, 0.085500, 0.125500
N, 1320, 0.185500, 0.105500, 0.125500
N, 1321, 0.185500, 0.125500, 0.125500
N, 1322, 0.185500, 0.145500, 0.125500
N, 1323, 0.185500, 0.165500, 0.125500
N, 1324, 0.185500, 0.185500, 0.125500
N, 1325, 0.185500, 0.205500, 0.125500
N, 1326, 0.185500, 0.225500, 0.125500
N, 1327, 0.205500, -0.014500, 0.125500
N, 1328, 0.205500, 0.005500, 0.125500
N, 1329, 0.205500, 0.025500, 0.125500
N, 1330, 0.205500, 0.045500, 0.125500
N, 1331, 0.205500, 0.065500, 0.125500
N, 1332, 0.205500, 0.085500, 0.125500
N, 1333, 0.205500, 0.105500, 0.125500
N, 1334, 0.205500, 0.125500, 0.125500
N, 1335, 0.205500, 0.145500, 0.125500
N, 1336, 0.205500, 0.165500, 0.125500
N, 1337, 0.205500, 0.185500, 0.125500
N, 1338, 0.205500, 0.205500, 0.125500
N, 1339, 0.205500, 0.225500, 0.125500
N, 1340, 0.225500, -0.014500, 0.125500
N, 1341, 0.225500, 0.005500, 0.125500
N, 1342, 0.225500, 0.025500, 0.125500
N, 1343, 0.225500, 0.045500, 0.125500
N, 1344, 0.225500, 0.065500, 0.125500
N, 1345, 0.225500, 0.085500, 0.125500
N, 1346, 0.225500, 0.105500, 0.125500
N, 1347, 0.225500, 0.125500, 0.125500
N, 1348, 0.225500, 0.145500, 0.125500
N, 1349, 0.225500, 0.165500, 0.125500
N, 1350, 0.225500, 0.185500, 0.125500
N, 1351, 0.225500, 0.205500, 0.125500
N, 1352, 0.225500, 0.225500, 0.125500
N, 1353, -0.014500, -0.014500, 0.145500
N, 1354, -0.014500, 0.005500, 0.145500
N, 1355, -0.014500, 0.025500, 0.145500
N, 1356, -0.014500, 0.045500, 0.145500
N, 1357, -0.014500, 0.065500, 0.145500
N, 1358, -0.014500, 0.085500, 0.145500
N, 1359, -0.014500, 0.105500, 0.145500
N, 1360, -0.014500, 0.125500, 0.145500
N, 1361, -0.014500, 0.145500, 0.145500
N, 1362, -0.014500, 0.165500, 0.145500
N, 1363, -0.014500, 0.185500, 0.145500
N, 1364, -0.014500, 0.205500, 0.145500
N, 1365, -0.014500, 0.225500, 0.145500
N, 1366, 0.005500, -0.014500, 0.145500
N, 1367, 0.005500, 0.005500, 0.145500
N, 1368, 0.005500, 0.025500, 0.145500
N, 1369, 0.005500, 0.045500, 0.145500
N, 1370, 0.005500, 0.065500, 0.145500
N, 1371, 0.005500, 0.085500, 0.145500
N, 1372, 0.005500, 0.105500, 0.145500
N, 1373, 0.005500, 0.125500, 0.145500
N, 1374, 0.005500, 0.145500, 0.145500
N, 1375, 0.005500, 0.165500, 0.145500
N, 1376, 0.005500, 0.185500, 0.145500
N, 1377, 0.005500, 0.205500, 0.145500
N, 1378, 0.005500, 0.225500, 0.145500
N, 1379, 0.025500, -0.014500, 0.145500
N, 1380, 0.025500, 0.005500, 0.145500
N, 1381, 0.025500, 0.025500, 0.145500
N, 1382, 0.025500, 0.045500, 0.145500
N, 1383, 0.025500, 0.065500, 0.145500
N, 1384, 0.025500, 0.085500, 0.145500
N, 1385, 0.025500, 0.105500, 0.145500
N, 1386, 0.025500, 0.125500, 0.145500
N, 1387, 0.025500, 0.145500, 0.145500
N, 1388, 0.025500, 0.165500, 0.145500
N, 1389, 0.025500, 0.185500, 0.145500
N, 1390, 0.025500, 0.205500, 0.145500
N, 1391, 0.025500, 0.225500, 0.145500
N, 1392, 0.045500, -0.014500, 0.145500
N, 1393, 0.045500, 0.005500, 0.145500
N, 1394, 0.045500, 0.025500, 0.145500
N, 1395, 0.045500, 0.045500, 0.145500
N, 1396, 0.045500, 0.065500, 0.145500
N, 1397, 0.045500, 0.085500, 0.145500
N, 1398, 0.045500, 0.105500, 0.145500
N, 1399, 0.045500, 0.125500, 0.145500
N, 1400, 0.045500, 0.145500, 0.145500
N, 1401, 0.045500, 0.165500, 0.145500
N, 1402, 0.045500, 0.185500, 0.145500
N, 1403, 0.045500, 0.205500, 0.145500
N, 1404, 0.045500, 0.225500, 0.145500
N, 1405, 0.065500, -0.014500, 0.145500
N, 1406, 0.065500, 0.005500, 0.145500
N, 1407, 0.065500, 0.025500, 0.145500
N, 1408, 0.065500, 0.045500, 0.145500
N, 1409, 0.065500, 0.065500, 0.145500
N, 1410, 0.065500, 0.085500, 0.145500
N, 1411, 0.065500, 0.105500, 0.145500
N, 1412, 0.065500, 0.125500, 0.145500
N, 1413, 0.065500, 0.145500, 0.145500
N, 1414, 0.065500, 0.165500, 0.145500
N, 1415, 0.065500, 0.185500, 0.145500
N, 1416, 0.065500, 0.205500, 0.145500
N, 1417, 0.065500, 0.225500, 0.145500
N, 1418, 0.085500, -0.014500, 0.145500
N, 1419, 0.085500, 0.005500, 0.145500
N, 1420, 0.085500, 0.025500, 0.145500
N, 1421, 0.085500, 0.045500, 0.145500
N, 1422, 0.085500, 0.065500, 0.145500
N, 1423, 0.085500, 0.085500, 0.145500
N, 1424, 0.085500, 0.105500, 0.145500
N, 1425, 0.085500, 0.125500, 0.145500
N, 1426, 0.085500, 0.145500, 0.145500
N, 1427, 0.085500, 0.165500, 0.145500
N, 1428, 0.085500, 0.185500, 0.145500
N, 1429, 0.085500, 0.205500, 0.145500
N, 1430, 0.085500, 0.225500, 0.145500
N, 1431, 0.105500, -0.014500, 0.145500
N, 1432, 0.105500, 0.005500, 0.145500
N, 1433, 0.105500, 0.025500, 0.145500
N, 1434, 0.105500, 0.045500, 0.145500
N, 1435, 0.105500, 0.065500, 0.145500
N, 1436, 0.105500, 0.085500, 0.145500
N, 1437, 0.105500, 0.105500, 0.145500
N, 1438, 0.105500, 0.125500, 0.145500
N, 1439, 0.105500, 0.145500, 0.145500
N, 1440, 0.105500, 0.165500, 0.145500
N, 1441, 0.105500, 0.185500, 0.145500
N, 1442, 0.105500, 0.205500, 0.145500
N, 1443, 0.105500, 0.225500, 0.145500
N, 1444, 0.125500, -0.014500, 0.145500
N, 1445, 0.125500, 0.005500, 0.145500
N, 1446, 0.125500, 0.025500, 0.145500
N, 1447, 0.125500, 0.045500, 0.145500
N, 1448, 0.125500, 0.065500, 0.145500
N, 1449, 0.125500, 0.085500, 0.145500
N, 1450, 0.125500, 0.105500, 0.145500
N, 1451, 0.125500, 0.125500, 0.145500
N, 1452, 0.125500, 0.145500, 0.145500
N, 1453, 0.125500, 0.165500, 0.145500
N, 1454, 0.125500, 0.185500, 0.145500
N, 1455, 0.125500, 0.205500, 0.145500
N, 1456, 0.125500, 0.225500, 0.145500
N, 1457, 0.145500, -0.014500, 0.145500
N, 1458, 0.145500, 0.005500, 0.145500
N, 1459, 0.145500, 0.025500, 0.145500
N, 1460, 0.145500, 0.045500, 0.145500
N, 1461, 0.145500, 0.065500, 0.145500
N, 1462, 0.145500, 0.085500, 0.145500
N, 1463, 0.145500, 0.105500, 0.145500
N, 1464, 0.145500, 0.125500, 0.145500
N, 1465, 0.145500, 0.145500, 0.145500
N, 1466, 0.145500, 0.165500, 0.145500
N, 1467, 0.145500, 0.185500, 0.145500
N, 1468, 0.145500, 0.205500, 0.145500
N, 1469, 0.145500, 0.225500, 0.145500
N, 1470, 0.165500, -0.014500, 0.145500
N, 1471, 0.165500, 0.005500, 0.145500
N, 1472, 0.165500, 0.025500, 0.145500
N, 1473, 0.165500, 0.045500, 0.145500
N, 1474, 0.165500, 0.065500, 0.145500
N, 1475, 0.165500, 0.085500, 0.145500
N, 1476, 0.165500, 0.105500, 0.145500
N, 1477, 0.165500, 0.125500, 0.145500
N, 1478, 0.165500, 0.145500, 0.145500
N, 1479, 0.165500, 0.165500, 0.145500
N, 1480, 0.165500, 0.185500, 0.145500
N, 1481, 0.165500, 0.205500, 0.145500
N, 1482, 0.165500, 0.225500, 0.145500
N, 1483, 0.185500, -0.014500, 0.145500
N, 1484, 0.185500, 0.005500, 0.145500
N, 1485, 0.185500, 0.025500, 0.145500
N, 1486, 0.185500, 0.045500, 0.145500
N, 1487, 0.185500, 0.065500, 0.145500
N, 1488, 0.185500, 0.085500, 0.145500
N, 1489, 0.185500, 0.105500, 0.145500
N, 1490, 0.185500, 0.125500, 0.145500
N, 1491, 0.185500, 0.145500, 0.145500
N, 1492, 0.185500, 0.165500, 0.145500
N, 1493, 0.185500, 0.185500, 0.145500
N, 1494, 0.185500, 0.205500, 0.145500
N, 1495, 0.185500, 0.225500, 0.145500
N, 1496, 0.205500, -0.014500, 0.145500
N, 1497, 0.205500, 0.005500, 0.145500
N, 1498, 0.205500, 0.025500, 0.145500
N, 1499, 0.205500, 0.045500, 0.145500
N, 1500, 0.205500, 0.065500, 0.145500
N, 1501, 0.205500, 0.085500, 0.145500
N, 1502, 0.205500, 0.105500, 0.145500
N, 1503, 0.205500, 0.125500, 0.145500
N, 1504, 0.205500, 0.145500, 0.145500
N, 1505, 0.205500, 0.165500, 0.145500
N, 1506, 0.205500, 0.185500, 0.145500
N, 1507, 0.205500, 0.205500, 0.145500
N, 1508, 0.205500, 0.225500, 0.145500
N, 1509, 0.225500, -0.014500, 0.145500
N, 1510, 0.225500, 0.005500, 0.145500
N, 1511, 0.225500, 0.025500, 0.145500
N, 1512, 0.225500, 0.045500, 0.145500
N, 1513, 0.225500, 0.065500, 0.145500
N, 1514, 0.225500, 0.085500, 0.145500
N, 1515, 0.225500, 0.105500, 0.145500
N, 1516, 0.225500, 0.125500, 0.145500
N, 1517, 0.225500, 0.145500, 0.145500
N, 1518, 0.225500, 0.165500, 0.145500
N, 1519, 0.225500, 0.185500, 0.145500
N, 1520, 0.225500, 0.205500, 0.145500
N, 1521, 0.225500, 0.225500, 0.145500
N, 1522, -0.014500, -0.014500, 0.165500
N, 1523, -0.014500, 0.005500, 0.165500
N, 1524, -0.014500, 0.025500, 0.165500
N, 1525, -0.014500, 0.045500, 0.165500
N, 1526, -0.014500, 0.065500, 0.165500
N, 1527, -0.014500, 0.085500, 0.165500
N, 1528, -0.014500, 0.105500, 0.165500
N, 1529, -0.014500, 0.125500, 0.165500
N, 1530, -0.014500, 0.145500, 0.165500
N, 1531, -0.014500, 0.165500, 0.165500
N, 1532, -0.014500, 0.185500, 0.165500
N, 1533, -0.014500, 0.205500, 0.165500
N, 1534, -0.014500, 0.225500, 0.165500
N, 1535, 0.005500, -0.014500, 0.165500
N, 1536, 0.005500, 0.005500, 0.165500
N, 1537, 0.005500, 0.025500, 0.165500
N, 1538, 0.005500, 0.045500, 0.165500
N, 1539, 0.005500, 0.065500, 0.165500
N, 1540, 0.005500, 0.085500, 0.165500
N, 1541, 0.005500, 0.105500, 0.165500
N, 1542, 0.005500, 0.125500, 0.165500
N, 1543, 0.005500, 0.145500, 0.165500
N, 1544, 0.005500, 0.165500, 0.165500
N, 1545, 0.005500, 0.185500, 0.165500
N, 1546, 0.005500, 0.205500, 0.165500
N, 1547, 0.005500, 0.225500, 0.165500
N, 1548, 0.025500, -0.014500, 0.165500
N, 1549, 0.025500, 0.005500, 0.165500
N, 1550, 0.025500, 0.025500, 0.165500
N, 1551, 0.025500, 0.045500, 0.165500
N, 1552, 0.025500, 0.065500, 0.165500
N, 1553, 0.025500, 0.085500, 0.165500
N, 1554, 0.025500, 0.105500, 0.165500
N, 1555, 0.025500, 0.125500, 0.165500
N, 1556, 0.025500, 0.145500, 0.165500
N, 1557, 0.025500, 0.165500, 0.165500
N, 1558, 0.025500, 0.185500, 0.165500
N, 1559, 0.025500, 0.205500, 0.165500
N, 1560, 0.025500, 0.225500, 0.165500
N, 1561, 0.045500, -0.014500, 0.165500
N, 1562, 0.045500, 0.005500, 0.165500
N, 1563, 0.045500, 0.025500, 0.165500
N, 1564, 0.045500, 0.045500, 0.165500
N, 1565, 0.045500, 0.065500, 0.165500
N, 1566, 0.045500, 0.085500, 0.165500
N, 1567, 0.045500, 0.105500, 0.165500
N, 1568, 0.045500, 0.125500, 0.165500
N, 1569, 0.045500, 0.145500, 0.165500
N, 1570, 0.045500, 0.165500, 0.165500
N, 1571, 0.045500, 0.185500, 0.165500
N, 1572, 0.045500, 0.205500, 0.165500
N, 1573, 0.045500, 0.225500, 0.165500
N, 1574, 0.065500, -0.014500, 0.165500
N, 1575, 0.065500, 0.005500, 0.165500
N, 1576, 0.065500, 0.025500, 0.165500
N, 1577, 0.065500, 0.045500, 0.165500
N, 1578, 0.065500, 0.065500, 0.165500
N, 1579, 0.065500, 0.085500, 0.165500
N, 1580, 0.065500, 0.105500, 0.165500
N, 1581, 0.065500, 0.125500, 0.165500
N, 1582, 0.065500, 0.145500, 0.165500
N, 1583, 0.065500, 0.165500, 0.165500
N, 1584, 0.065500, 0.185500, 0.165500
N, 1585, 0.065500, 0.205500, 0.165500
N, 1586, 0.065500, 0.225500, 0.165500
N, 1587, 0.085500, -0.014500, 0.165500
N, 1588, 0.085500, 0.005500, 0.165500
N, 1589, 0.085500, 0.025500, 0.165500
N, 1590, 0.085500, 0.045500, 0.165500
N, 1591, 0.085500, 0.065500, 0.165500
N, 1592, 0.085500, 0.085500, 0.165500
N, 1593, 0.085500, 0.105500, 0.165500
N, 1594, 0.085500, 0.125500, 0.165500
N, 1595, 0.085500, 0.145500, 0.165500
N, 1596, 0.085500, 0.165500, 0.165500
N, 1597, 0.085500, 0.185500, 0.165500
N, 1598, 0.085500, 0.205500, 0.165500
N, 1599, 0.085500, 0.225500, 0.165500
N, 1600, 0.105500, -0.014500, 0.165500
N, 1601, 0.105500, 0.005500, 0.165500
N, 1602, 0.105500, 0.025500, 0.165500
N, 1603, 0.105500, 0.045500, 0.165500
N, 1604, 0.105500, 0.065500, 0.165500
N, 1605, 0.105500, 0.085500, 0.165500
N, 1606, 0.105500, 0.105500, 0.165500
N, 1607, 0.105500, 0.125500, 0.165500
N, 1608, 0.105500, 0.145500, 0.165500
N, 1609, 0.105500, 0.165500, 0.165500
N, 1610, 0.105500, 0.185500, 0.165500
N, 1611, 0.105500, 0.205500, 0.165500
N, 1612, 0.105500, 0.225500, 0.165500
N, 1613, 0.125500, -0.014500, 0.165500
N, 1614, 0.125500, 0.005500, 0.165500
N, 1615, 0.125500, 0.025500, 0.165500
N, 1616, 0.125500, 0.045500, 0.165500
N, 1617, 0.125500, 0.065500, 0.165500
N, 1618, 0.125500, 0.085500, 0.165500
N, 1619, 0.125500, 0.105500, 0.165500
N, 1620, 0.125500, 0.125500, 0.165500
N, 1621, 0.125500, 0.145500, 0.165500
N, 1622, 0.125500, 0.165500, 0.165500
N, 1623, 0.125500, 0.185500, 0.165500
N, 1624, 0.125500, 0.205500, 0.165500
N, 1625, 0.125500, 0.225500, 0.165500
N, 1626, 0.145500, -0.014500, 0.165500
N, 1627, 0.145500, 0.005500, 0.165500
N, 1628, 0.145500, 0.025500, 0.165500
N, 1629, 0.145500, 0.045500, 0.165500
N, 1630, 0.145500, 0.065500, 0.165500
N, 1631, 0.145500, 0.085500, 0.165500
N, 1632, 0.145500, 0.105500, 0.165500
N, 1633, 0.145500, 0.125500, 0.165500
N, 1634, 0.145500, 0.145500, 0.165500
N, 1635, 0.145500, 0.165500, 0.165500
N, 1636, 0.145500, 0.185500, 0.165500
N, 1637, 0.145500, 0.205500, 0.165500
N, 1638, 0.145500, 0.225500, 0.165500
N, 1639, 0.165500, -0.014500, 0.165500
N, 1640, 0.165500, 0.005500, 0.165500
N, 1641, 0.165500, 0.025500, 0.165500
N, 1642, 0.165500, 0.045500, 0.165500
N, 1643, 0.165500, 0.065500, 0.165500
N, 1644, 0.165500, 0.085500, 0.165500
N, 1645, 0.165500, 0.105500, 0.165500
N, 1646, 0.165500, 0.125500, 0.165500
N, 1647, 0.165500, 0.145500, 0.165500
N, 1648, 0.165500, 0.165500, 0.165500
N, 1649, 0.165500, 0.185500, 0.165500
N, 1650, 0.165500, 0.205500, 0.165500
N, 1651, 0.165500, 0.225500, 0.165500
N, 1652, 0.185500, -0.014500, 0.165500
N, 1653, 0.185500, 0.005500, 0.165500
N, 1654, 0.185500, 0.025500, 0.165500
N, 1655, 0.185500, 0.045500, 0.165500
N, 1656, 0.185500, 0.065500, 0.165500
N, 1657, 0.185500, 0.085500, 0.165500
N, 1658, 0.185500, 0.105500, 0.165500
N, 1659, 0.185500, 0.125500, 0.165500
N, 1660, 0.185500, 0.145500, 0.165500
N, 1661, 0.185500, 0.165500, 0.165500
N, 1662, 0.185500, 0.185500, 0.165500
N, 1663, 0.185500, 0.205500, 0.165500
N, 1664, 0.185500, 0.225500, 0.165500
N, 1665, 0.205500, -0.014500, 0.165500
N, 1666, 0.205500, 0.005500, 0.165500
N, 1667, 0.205500, 0.025500, 0.165500
N, 1668, 0.205500, 0.045500, 0.165500
N, 1669, 0.205500, 0.065500, 0.165500
N, 1670, 0.205500, 0.085500, 0.165500
N, 1671, 0.205500, 0.105500, 0.165500
N, 1672, 0.205500, 0.125500, 0.165500
N, 1673, 0.205500, 0.145500, 0.165500
N, 1674, 0.205500, 0.165500, 0.165500
N, 1675, 0.205500, 0.185500, 0.165500
N, 1676, 0.205500, 0.205500, 0.165500
N, 1677, 0.205500, 0.225500, 0.165500
N, 1678, 0.225500, -0.014500, 0.165500
N, 1679, 0.225500, 0.005500, 0.165500
N, 1680, 0.225500, 0.025500, 0.165500
N, 1681, 0.225500, 0.045500, 0.165500
N, 1682, 0.225500, 0.065500, 0.165500
N, 1683, 0.225500, 0.085500, 0.165500
N, 1684, 0.225500, 0.105500, 0.165500
N, 1685, 0.225500, 0.125500, 0.165500
N, 1686, 0.225500, 0.145500, 0.165500
N, 1687, 0.225500, 0.165500, 0.165500
N, 1688, 0.225500, 0.185500, 0.165500
N, 1689, 0.225500, 0.205500, 0.165500
N, 1690, 0.225500, 0.225500, 0.165500
N, 1691, -0.014500, -0.014500, 0.185500
N, 1692, -0.014500, 0.005500, 0.185500
N, 1693, -0.014500, 0.025500, 0.185500
N, 1694, -0.014500, 0.045500, 0.185500
N, 1695, -0.014500, 0.065500, 0.185500
N, 1696, -0.014500, 0.085500, 0.185500
N, 1697, -0.014500, 0.105500, 0.185500
N, 1698, -0.014500, 0.125500, 0.185500
N, 1699, -0.014500, 0.145500, 0.185500
N, 1700, -0.014500, 0.165500, 0.185500
N, 1701, -0.014500, 0.185500, 0.185500
N, 1702, -0.014500, 0.205500, 0.185500
N, 1703, -0.014500, 0.225500, 0.185500
N, 1704, 0.005500, -0.014500, 0.185500
N, 1705, 0.005500, 0.005500, 0.185500
N, 1706, 0.005500, 0.025500, 0.185500
N, 1707, 0.005500, 0.045500, 0.185500
N, 1708, 0.005500, 0.065500, 0.185500
N, 1709, 0.005500, 0.085500, 0.185500
N, 1710, 0.005500, 0.105500, 0.185500
N, 1711, 0.005500, 0.125500, 0.185500
N, 1712, 0.005500, 0.145500, 0.185500
N, 1713, 0.005500, 0.165500, 0.185500
N, 1714, 0.005500, 0.185500, 0.185500
N, 1715, 0.005500, 0.205500, 0.185500
N, 1716, 0.005500, 0.225500, 0.185500
N, 1717, 0.025500, -0.014500, 0.185500
N, 1718, 0.025500, 0.005500, 0.185500
N, 1719, 0.025500, 0.025500, 0.185500
N, 1720, 0.025500, 0.045500, 0.185500
N, 1721, 0.025500, 0.065500, 0.185500
N, 1722, 0.025500, 0.085500, 0.185500
N, 1723, 0.025500, 0.105500, 0.185500
N, 1724, 0.025500, 0.125500, 0.185500
N, 1725, 0.025500, 0.145500, 0.185500
N, 1726, 0.025500, 0.165500, 0.185500
N, 1727, 0.025500, 0.185500, 0.185500
N, 1728, 0.025500, 0.205500, 0.185500
N, 1729, 0.025500, 0.225500, 0.185500
N, 1730, 0.045500, -0.014500, 0.185500
N, 1731, 0.045500, 0.005500, 0.185500
N, 1732, 0.045500, 0.025500, 0.185500
N, 1733, 0.045500, 0.045500, 0.185500
N, 1734, 0.045500, 0.065500, 0.185500
N, 1735, 0.045500, 0.085500, 0.185500
N, 1736, 0.045500, 0.105500, 0.185500
N, 1737, 0.045500, 0.125500, 0.185500
N, 1738, 0.045500, 0.145500, 0.185500
N, 1739, 0.045500, 0.165500, 0.185500
N, 1740, 0.045500, 0.185500, 0.185500
N, 1741, 0.045500, 0.205500, 0.185500
N, 1742, 0.045500, 0.225500, 0.185500
N, 1743, 0.065500, -0.014500, 0.185500
N, 1744, 0.065500, 0.005500, 0.185500
N, 1745, 0.065500, 0.025500, 0.185500
N, 1746, 0.065500, 0.045500, 0.185500
N, 1747, 0.065500, 0.065500, 0.185500
N, 1748, 0.065500, 0.085500, 0.185500
N, 1749, 0.065500, 0.105500, 0.185500
N, 1750, 0.065500, 0.125500, 0.185500
N, 1751, 0.065500, 0.145500, 0.185500
N, 1752, 0.065500, 0.165500, 0.185500
N, 1753, 0.065500, 0.185500, 0.185500
N, 1754, 0.065500, 0.205500, 0.185500
N, 1755, 0.065500, 0.225500, 0.185500
N, 1756, 0.085500, -0.014500, 0.185500
N, 1757, 0.085500, 0.005500, 0.185500
N, 1758, 0.085500, 0.025500, 0.185500
N, 1759, 0.085500, 0.045500, 0.185500
N, 1760, 0.085500, 0.065500, 0.185500
N, 1761, 0.085500, 0.085500, 0.185500
N, 1762, 0.085500, 0.105500, 0.185500
N, 1763, 0.085500, 0.125500, 0.185500
N, 1764, 0.085500, 0.145500, 0.185500
N, 1765, 0.085500, 0.165500, 0.185500
N, 1766, 0.085500, 0.185500, 0.185500
N, 1767, 0.085500, 0.205500, 0.185500
N, 1768, 0.085500, 0.225500, 0.185500
N, 1769, 0.105500, -0.014500, 0.185500
N, 1770, 0.105500, 0.005500, 0.185500
N, 1771, 0.105500, 0.025500, 0.185500
N, 1772, 0.105500, 0.045500, 0.185500
N, 1773, 0.105500, 0.065500, 0.185500
N, 1774, 0.105500, 0.085500, 0.185500
N, 1775, 0.105500, 0.105500, 0.185500
N, 1776, 0.105500, 0.125500, 0.185500
N, 1777, 0.105500, 0.145500, 0.185500
N, 1778, 0.105500, 0.165500, 0.185500
N, 1779, 0.105500, 0.185500, 0.185500
N, 1780, 0.105500, 0.205500, 0.185500
N, 1781, 0.105500, 0.225500, 0.185500
N, 1782, 0.125500, -0.014500, 0.185500
N, 1783, 0.125500, 0.005500, 0.185500
N, 1784, 0.125500, 0.025500, 0.185500
N, 1785, 0.125500, 0.045500, 0.185500
N, 1786, 0.125500, 0.065500, 0.185500
N, 1787, 0.125500, 0.085500, 0.185500
N, 1788, 0.125500, 0.105500, 0.185500
N, 1789, 0.125500, 0.125500, 0.185500
N, 1790, 0.125500, 0.145500, 0.185500
N, 1791, 0.125500, 0.165500, 0.185500
N, 1792, 0.125500, 0.185500, 0.185500
N, 1793, 0.125500, 0.205500, 0.185500
N, 1794, 0.125500, 0.225500, 0.185500
N, 1795, 0.145500, -0.014500, 0.185500
N, 1796, 0.145500, 0.005500, 0.185500
N, 1797, 0.145500, 0.025500, 0.185500
N, 1798, 0.145500, 0.045500, 0.185500
N, 1799, 0.145500, 0.065500, 0.185500
N, 1800, 0.145500, 0.085500, 0.185500
N, 1801, 0.145500, 0.105500, 0.185500
N, 1802, 0.145500, 0.125500, 0.185500
N, 1803, 0.145500, 0.145500, 0.185500
N, 1804, 0.145500, 0.165500, 0.185500
N, 1805, 0.145500, 0.185500, 0.185500
N, 1806, 0.145500, 0.205500, 0.185500
N, 1807, 0.145500, 0.225500, 0.185500
N, 1808, 0.165500, -0.014500, 0.185500
N, 1809, 0.165500, 0.005500, 0.185500
N, 1810, 0.165500, 0.025500, 0.185500
N, 1811, 0.165500, 0.045500, 0.185500
N, 1812, 0.165500, 0.065500, 0.185500
N, 1813, 0.165500, 0.085500, 0.185500
N, 1814, 0.165500, 0.105500, 0.185500
N, 1815, 0.165500, 0.125500, 0.185500
N, 1816, 0.165500, 0.145500, 0.185500
N, 1817, 0.165500, 0.165500, 0.185500
N, 1818, 0.165500, 0.185500, 0.185500
N, 1819, 0.165500, 0.205500, 0.185500
N, 1820, 0.165500, 0.225500, 0.185500
N, 1821, 0.185500, -0.014500, 0.185500
N, 1822, 0.185500, 0.005500, 0.185500
N, 1823, 0.185500, 0.025500, 0.185500
N, 1824, 0.185500, 0.045500, 0.185500
N, 1825, 0.185500, 0.065500, 0.185500
N, 1826, 0.185500, 0.085500, 0.185500
N, 1827, 0.185500, 0.105500, 0.185500
N, 1828, 0.185500, 0.125500, 0.185500
N, 1829, 0.185500, 0.145500, 0.185500
N, 1830, 0.185500, 0.165500, 0.185500
N, 1831, 0.185500, 0.185500, 0.185500
N, 1832, 0.185500, 0.205500, 0.185500
N, 1833, 0.185500, 0.225500, 0.185500
N, 1834, 0.205500, -0.014500, 0.185500
N, 1835, 0.205500, 0.005500, 0.185500
N, 1836, 0.205500, 0.025500, 0.185500
N, 1837, 0.205500, 0.045500, 0.185500
N, 1838, 0.205500, 0.065500, 0.185500
N, 1839, 0.205500, 0.085500, 0.185500
N, 1840, 0.205500, 0.105500, 0.185500
N, 1841, 0.205500, 0.125500, 0.185500
N, 1842, 0.205500, 0.145500, 0.185500
N, 1843, 0.205500, 0.165500, 0.185500
N, 1844, 0.205500, 0.185500, 0.185500
N, 1845, 0.205500, 0.205500, 0.185500
N, 1846, 0.205500, 0.225500, 0.185500
N, 1847, 0.225500, -0.014500, 0.185500
N, 1848, 0.225500, 0.005500, 0.185500
N, 1849, 0.225500, 0.025500, 0.185500
N, 1850, 0.225500, 0.045500, 0.185500
N, 1851, 0.225500, 0.065500, 0.185500
N, 1852, 0.225500, 0.085500, 0.185500
N, 1853, 0.225500, 0.105500, 0.185500
N, 1854, 0.225500, 0.125500, 0.185500
N, 1855, 0.225500, 0.145500, 0.185500
N, 1856, 0.225500, 0.165500, 0.185500
N, 1857, 0.225500, 0.185500, 0.185500
N, 1858, 0.225500, 0.205500, 0.185500
N, 1859, 0.225500, 0.225500, 0.185500
N, 1860, -0.014500, -0.014500, 0.205500
N, 1861, -0.014500, 0.005500, 0.205500
N, 1862, -0.014500, 0.025500, 0.205500
N, 1863, -0.014500, 0.045500, 0.205500
N, 1864, -0.014500, 0.065500, 0.205500
N, 1865, -0.014500, 0.085500, 0.205500
N, 1866, -0.014500, 0.105500, 0.205500
N, 1867, -0.014500, 0.125500, 0.205500
N, 1868, -0.014500, 0.145500, 0.205500
N, 1869, -0.014500, 0.165500, 0.205500
N, 1870, -0.014500, 0.185500, 0.205500
N, 1871, -0.014500, 0.205500, 0.205500
N, 1872, -0.014500, 0.225500, 0.205500
N, 1873, 0.005500, -0.014500, 0.205500
N, 1874, 0.005500, 0.005500, 0.205500
N, 1875, 0.005500, 0.025500, 0.205500
N, 1876, 0.005500, 0.045500, 0.205500
N, 1877, 0.005500, 0.065500, 0.205500
N, 1878, 0.005500, 0.085500, 0.205500
N, 1879, 0.005500, 0.105500, 0.205500
N, 1880, 0.005500, 0.125500, 0.205500
N, 1881, 0.005500, 0.145500, 0.205500
N, 1882, 0.005500, 0.165500, 0.205500
N, 1883, 0.005500, 0.185500, 0.205500
N, 1884, 0.005500, 0.205500, 0.205500
N, 1885, 0.005500, 0.225500, 0.205500
N, 1886, 0.025500, -0.014500, 0.205500
N, 1887, 0.025500, 0.005500, 0.205500
N, 1888, 0.025500, 0.025500, 0.205500
N, 1889, 0.025500, 0.045500, 0.205500
N, 1890, 0.025500, 0.065500, 0.205500
N, 1891, 0.025500, 0.085500, 0.205500
N, 1892, 0.025500, 0.105500, 0.205500
N, 1893, 0.025500, 0.125500, 0.205500
N, 1894, 0.025500, 0.145500, 0.205500
N, 1895, 0.025500, 0.165500, 0.205500
N, 1896, 0.025500, 0.185500, 0.205500
N, 1897, 0.025500, 0.205500, 0.205500
N, 1898, 0.025500, 0.225500, 0.205500
N, 1899, 0.045500, -0.014500, 0.205500
N, 1900, 0.045500, 0.005500, 0.205500
N, 1901, 0.045500, 0.025500, 0.205500
N, 1902, 0.045500, 0.045500, 0.205500
N, 1903, 0.045500, 0.065500, 0.205500
N, 1904, 0.045500, 0.085500, 0.205500
N, 1905, 0.045500, 0.105500, 0.205500
N, 1906, 0.045500, 0.125500, 0.205500
N, 1907, 0.045500, 0.145500, 0.205500
N, 1908, 0.045500, 0.165500, 0.205500
N, 1909, 0.045500, 0.185500, 0.205500
N, 1910, 0.045500, 0.205500, 0.205500
N, 1911, 0.045500, 0.225500, 0.205500
N, 1912, 0.065500, -0.014500, 0.205500
N, 1913, 0.065500, 0.005500, 0.205500
N, 1914, 0.065500, 0.025500, 0.205500
N, 1915, 0.065500, 0.045500, 0.205500
N, 1916, 0.065500, 0.065500, 0.205500
N, 1917, 0.065500, 0.085500, 0.205500
N, 1918, 0.065500, 0.105500, 0.205500
N, 1919, 0.065500, 0.125500, 0.205500
N, 1920, 0.065500, 0.145500, 0.205500
N, 1921, 0.065500, 0.165500, 0.205500
N, 1922, 0.065500, 0.185500, 0.205500
N, 1923, 0.065500, 0.205500, 0.205500
N, 1924, 0.065500, 0.225500, 0.205500
N, 1925, 0.085500, -0.014500, 0.205500
N, 1926, 0.085500, 0.005500, 0.205500
N, 1927, 0.085500, 0.025500, 0.205500
N, 1928, 0.085500, 0.045500, 0.205500
N, 1929, 0.085500, 0.065500, 0.205500
N, 1930, 0.085500, 0.085500, 0.205500
N, 1931, 0.085500, 0.105500, 0.205500
N, 1932, 0.085500, 0.125500, 0.205500
N, 1933, 0.085500, 0.145500, 0.205500
N, 1934, 0.085500, 0.165500, 0.205500
N, 1935, 0.085500, 0.185500, 0.205500
N, 1936, 0.085500, 0.205500, 0.205500
N, 1937, 0.085500, 0.225500, 0.205500
N, 1938, 0.105500, -0.014500, 0.205500
N, 1939, 0.105500, 0.005500, 0.205500
N, 1940, 0.105500, 0.025500, 0.205500
N, 1941, 0.105500, 0.045500, 0.205500
N, 1942, 0.105500, 0.065500, 0.205500
N, 1943, 0.105500, 0.085500, 0.205500
N, 1944, 0.105500, 0.105500, 0.205500
N, 1945, 0.105500, 0.125500, 0.205500
N, 1946, 0.105500, 0.145500, 0.205500
N, 1947, 0.105500, 0.165500, 0.205500
N, 1948, 0.105500, 0.185500, 0.205500
N, 1949, 0.105500, 0.205500, 0.205500
N, 1950, 0.105500, 0.225500, 0.205500
N, 1951, 0.125500, -0.014500, 0.205500
N, 1952, 0.125500, 0.005500, 0.205500
N, 1953, 0.125500, 0.025500, 0.205500
N, 1954, 0.125500, 0.045500, 0.205500
N, 1955, 0.125500, 0.065500, 0.205500
N, 1956, 0.125500, 0.085500, 0.205500
N, 1957, 0.125500, 0.105500, 0.205500
N, 1958, 0.125500, 0.125500, 0.205500
N, 1959, 0.125500, 0.145500, 0.205500
N, 1960, 0.125500, 0.165500, 0.205500
N, 1961, 0.125500, 0.185500, 0.205500
N, 1962, 0.125500, 0.205500, 0.205500
N, 1963, 0.125500, 0.225500, 0.205500
N, 1964, 0.145500, -0.014500, 0.205500
N, 1965, 0.145500, 0.005500, 0.205500
N, 1966, 0.145500, 0.025500, 0.205500
N, 1967, 0.145500, 0.045500, 0.205500
N, 1968, 0.145500, 0.065500, 0.205500
N, 1969, 0.145500, 0.085500, 0.205500
N, 1970, 0.145500, 0.105500, 0.205500
N, 1971, 0.145500, 0.125500, 0.205500
N, 1972, 0.145500, 0.145500, 0.205500
N, 1973, 0.145500, 0.165500, 0.205500
N, 1974, 0.145500, 0.185500, 0.205500
N, 1975, 0.145500, 0.205500, 0.205500
N, 1976, 0.145500, 0.225500, 0.205500
N, 1977, 0.165500, -0.014500, 0.205500
N, 1978, 0.165500, 0.005500, 0.205500
N, 1979, 0.165500, 0.025500, 0.205500
N, 1980, 0.165500, 0.045500, 0.205500
N, 1981, 0.165500, 0.065500, 0.205500
N, 1982, 0.165500, 0.085500, 0.205500
N, 1983, 0.165500, 0.105500, 0.205500
N, 1984, 0.165500, 0.125500, 0.205500
N, 1985, 0.165500, 0.145500, 0.205500
N, 1986, 0.165500, 0.165500, 0.205500
N, 1987, 0.165500, 0.185500, 0.205500
N, 1988, 0.165500, 0.205500, 0.205500
N, 1989, 0.165500, 0.225500, 0.205500
N, 1990, 0.185500, -0.014500, 0.205500
N, 1991, 0.185500, 0.005500, 0.205500
N, 1992, 0.185500, 0.025500, 0.205500
N, 1993, 0.185500, 0.045500, 0.205500
N, 1994, 0.185500, 0.065500, 0.205500
N, 1995, 0.185500, 0.085500, 0.205500
N, 1996, 0.185500, 0.105500, 0.205500
N, 1997, 0.185500, 0.125500, 0.205500
N, 1998, 0.185500, 0.145500, 0.205500
N, 1999, 0.185500, 0.165500, 0.205500
N, 2000, 0.185500, 0.185500, 0.205500
N, 2001, 0.185500, 0.205500, 0.205500
N, 2002, 0.185500, 0.225500, 0.205500
N, 2003, 0.205500, -0.014500, 0.205500
N, 2004, 0.205500, 0.005500, 0.205500
N, 2005, 0.205500, 0.025500, 0.205500
N, 2006, 0.205500, 0.045500, 0.205500
N, 2007, 0.205500, 0.065500, 0.205500
N, 2008, 0.205500, 0.085500, 0.205500
N, 2009, 0.205500, 0.105500, 0.205500
N, 2010, 0.205500, 0.125500, 0.205500
N, 2011, 0.205500, 0.145500, 0.205500
N, 2012, 0.205500, 0.165500, 0.205500
N, 2013, 0.205500, 0.185500, 0.205500
N, 2014, 0.205500, 0.205500, 0.205500
N, 2015, 0.205500, 0.225500, 0.205500
N, 2016, 0.225500, -0.014500, 0.205500
N, 2017, 0.225500, 0.005500, 0.205500
N, 2018, 0.225500, 0.025500, 0.205500
N, 2019, 0.225500, 0.045500, 0.205500
N, 2020, 0.225500, 0.065500, 0.205500
N, 2021, 0.225500, 0.085500, 0.205500
N, 2022, 0.225500, 0.105500, 0.205500
N, 2023, 0.225500, 0.125500, 0.205500
N, 2024, 0.225500, 0.145500, 0.205500
N, 2025, 0.225500, 0.165500, 0.205500
N, 2026, 0.225500, 0.185500, 0.205500
N, 2027, 0.225500, 0.205500, 0.205500
N, 2028, 0.225500, 0.225500, 0.205500
N, 2029, -0.014500, -0.014500, 0.225500
N, 2030, -0.014500, 0.005500, 0.225500
N, 2031, -0.014500, 0.025500, 0.225500
N, 2032, -0.014500, 0.045500, 0.225500
N, 2033, -0.014500, 0.065500, 0.225500
N, 2034, -0.014500, 0.085500, 0.225500
N, 2035, -0.014500, 0.105500, 0.225500
N, 2036, -0.014500, 0.125500, 0.225500
N, 2037, -0.014500, 0.145500, 0.225500
N, 2038, -0.014500, 0.165500, 0.225500
N, 2039, -0.014500, 0.185500, 0.225500
N, 2040, -0.014500, 0.205500, 0.225500
N, 2041, -0.014500, 0.225500, 0.225500
N, 2042, 0.005500, -0.014500, 0.225500
N, 2043, 0.005500, 0.005500, 0.225500
N, 2044, 0.005500, 0.025500, 0.225500
N, 2045, 0.005500, 0.045500, 0.225500
N, 2046, 0.005500, 0.065500, 0.225500
N, 2047, 0.005500, 0.085500, 0.225500
N, 2048, 0.005500, 0.105500, 0.225500
N, 2049, 0.005500, 0.125500, 0.225500
N, 2050, 0.005500, 0.145500, 0.225500
N, 2051, 0.005500, 0.165500, 0.225500
N, 2052, 0.005500, 0.185500, 0.225500
N, 2053, 0.005500, 0.205500, 0.225500
N, 2054, 0.005500, 0.225500, 0.225500
N, 2055, 0.025500, -0.014500, 0.225500
N, 2056, 0.025500, 0.005500, 0.225500
N, 2057, 0.025500, 0.025500, 0.225500
N, 2058, 0.025500, 0.045500, 0.225500
N, 2059, 0.025500, 0.065500, 0.225500
N, 2060, 0.025500, 0.085500, 0.225500
N, 2061, 0.025500, 0.105500, 0.225500
N, 2062, 0.025500, 0.125500, 0.225500
N, 2063, 0.025500, 0.145500, 0.225500
N, 2064, 0.025500, 0.165500, 0.225500
N, 2065, 0.025500, 0.185500, 0.225500
N, 2066, 0.025500, 0.205500, 0.225500
N, 2067, 0.025500, 0.225500, 0.225500
N, 2068, 0.045500, -0.014500, 0.225500
N, 2069, 0.045500, 0.005500, 0.225500
N, 2070, 0.045500, 0.025500, 0.225500
N, 2071, 0.045500, 0.045500, 0.225500
N, 2072, 0.045500, 0.065500, 0.225500
N, 2073, 0.045500, 0.085500, 0.225500
N, 2074, 0.045500, 0.105500, 0.225500
N, 2075, 0.045500, 0.125500, 0.225500
N, 2076, 0.045500, 0.145500, 0.225500
N, 2077, 0.045500, 0.165500, 0.225500
N, 2078, 0.045500, 0.185500, 0.225500
N, 2079, 0.045500, 0.205500, 0.225500
N, 2080, 0.045500, 0.225500, 0.225500
N, 2081, 0.065500, -0.014500, 0.225500
N, 2082, 0.065500, 0.005500, 0.225500
N, 2083, 0.065500, 0.025500, 0.225500
N, 2084, 0.065500, 0.045500, 0.225500
N, 2085, 0.065500, 0.065500, 0.225500
N, 2086, 0.065500, 0.085500, 0.225500
N, 2087, 0.065500, 0.105500, 0.225500
N, 2088, 0.065500, 0.125500, 0.225500
N, 2089, 0.065500, 0.145500, 0.225500
N, 2090, 0.065500, 0.165500, 0.225500
N, 2091, 0.065500, 0.185500, 0.225500
N, 2092, 0.065500, 0.205500, 0.225500
N, 2093, 0.065500, 0.225500, 0.225500
N, 2094, 0.085500, -0.014500, 0.225500
N, 2095, 0.085500, 0.005500, 0.225500
N, 2096, 0.085500, 0.025500, 0.225500
N, 2097, 0.085500, 0.045500, 0.225500
N, 2098, 0.085500, 0.065500, 0.225500
N, 2099, 0.085500, 0.085500, 0.225500
N, 2100, 0.085500, 0.105500, 0.225500
N, 2101, 0.085500, 0.125500, 0.225500
N, 2102, 0.085500, 0.145500, 0.225500
N, 2103, 0.085500, 0.165500, 0.225500
N, 2104, 0.085500, 0.185500, 0.225500
N, 2105, 0.085500, 0.205500, 0.225500
N, 2106, 0.085500, 0.225500, 0.225500
N, 2107, 0.105500, -0.014500, 0.225500
N, 2108, 0.105500, 0.005500, 0.225500
N, 2109, 0.105500, 0.025500, 0.225500
N, 2110, 0.105500, 0.045500, 0.225500
N, 2111, 0.105500, 0.065500, 0.225500
N, 2112, 0.105500, 0.085500, 0.225500
N, 2113, 0.105500, 0.105500, 0.225500
N, 2114, 0.105500, 0.125500, 0.225500
N, 2115, 0.105500, 0.145500, 0.225500
N, 2116, 0.105500, 0.165500, 0.225500
N, 2117, 0.105500, 0.185500, 0.225500
N, 2118, 0.105500, 0.205500, 0.225500
N, 2119, 0.105500, 0.225500, 0.225500
N, 2120, 0.125500, -0.014500, 0.225500
N, 2121, 0.125500, 0.005500, 0.225500
N, 2122, 0.125500, 0.025500, 0.225500
N, 2123, 0.125500, 0.045500, 0.225500
N, 2124, 0.125500, 0.065500, 0.225500
N, 2125, 0.125500, 0.085500, 0.225500
N, 2126, 0.125500, 0.105500, 0.225500
N, 2127, 0.125500, 0.125500, 0.225500
N, 2128, 0.125500, 0.145500, 0.225500
N, 2129, 0.125500, 0.165500, 0.225500
N, 2130, 0.125500, 0.185500, 0.225500
N, 2131, 0.125500, 0.205500, 0.225500
N, 2132, 0.125500, 0.225500, 0.225500
N, 2133, 0.145500, -0.014500, 0.225500
N, 2134, 0.145500, 0.005500, 0.225500
N, 2135, 0.145500, 0.025500, 0.225500
N, 2136, 0.145500, 0.045500, 0.225500
N, 2137, 0.145500, 0.065500, 0.225500
N, 2138, 0.145500, 0.085500, 0.225500
N, 2139, 0.145500, 0.105500, 0.225500
N, 2140, 0.145500, 0.125500, 0.225500
N, 2141, 0.145500, 0.145500, 0.225500
N, 2142, 0.145500, 0.165500, 0.225500
N, 2143, 0.145500, 0.185500, 0.225500
N, 2144, 0.145500, 0.205500, 0.225500
N, 2145, 0.145500, 0.225500, 0.225500
N, 2146, 0.165500, -0.014500, 0.225500
N, 2147, 0.165500, 0.005500, 0.225500
N, 2148, 0.165500, 0.025500, 0.225500
N, 2149, 0.165500, 0.045500, 0.225500
N, 2150, 0.165500, 0.065500, 0.225500
N, 2151, 0.165500, 0.085500, 0.225500
N, 2152, 0.165500, 0.105500, 0.225500
N, 2153, 0.165500, 0.125500, 0.225500
N, 2154, 0.165500, 0.145500, 0.225500
N, 2155, 0.165500, 0.165500, 0.225500
N, 2156, 0.165500, 0.185500, 0.225500
N, 2157, 0.165500, 0.205500, 0.225500
N, 2158, 0.165500, 0.225500, 0.225500
N, 2159, 0.185500, -0.014500, 0.225500
N, 2160, 0.185500, 0.005500, 0.225500
N, 2161, 0.185500, 0.025500, 0.225500
N, 2162, 0.185500, 0.045500, 0.225500
N, 2163, 0.185500, 0.065500, 0.225500
N, 2164, 0.185500, 0.085500, 0.225500
N, 2165, 0.185500, 0.105500, 0.225500
N, 2166, 0.185500, 0.125500, 0.225500
N, 2167, 0.185500, 0.145500, 0.225500
N, 2168, 0.185500, 0.165500, 0.225500
N, 2169, 0.185500, 0.185500, 0.225500
N, 2170, 0.185500, 0.205500, 0.225500
N, 2171, 0.185500, 0.225500, 0.225500
N, 2172, 0.205500, -0.014500, 0.225500
N, 2173, 0.205500, 0.005500, 0.225500
N, 2174, 0.205500, 0.025500, 0.225500
N, 2175, 0.205500, 0.045500, 0.225500
N, 2176, 0.205500, 0.065500, 0.225500
N, 2177, 0.205500, 0.085500, 0.225500
N, 2178, 0.205500, 0.105500, 0.225500
N, 2179, 0.205500, 0.125500, 0.225500
N, 2180, 0.205500, 0.145500, 0.225500
N, 2181, 0.205500, 0.165500, 0.225500
N, 2182, 0.205500, 0.185500, 0.225500
N, 2183, 0.205500, 0.205500, 0.225500
N, 2184, 0.205500, 0.225500, 0.225500
N, 2185, 0.225500, -0.014500, 0.225500
N, 2186, 0.225500, 0.005500, 0.225500
N, 2187, 0.225500, 0.025500, 0.225500
N, 2188, 0.225500, 0.045500, 0.225500
N, 2189, 0.225500, 0.065500, 0.225500
N, 2190, 0.225500, 0.085500, 0.225500
N, 2191, 0.225500, 0.105500, 0.225500
N, 2192, 0.225500, 0.125500, 0.225500
N, 2193, 0.225500, 0.145500, 0.225500
N, 2194, 0.225500, 0.165500, 0.225500
N, 2195, 0.225500, 0.185500, 0.225500
N, 2196, 0.225500, 0.205500, 0.225500
N, 2197, 0.225500, 0.225500, 0.225500
