N, 1, -0.000500, -0.000500, -0.000500
N, 2, -0.000500, 0.019500, -0.000500
N, 3, -0.000500, 0.039500, -0.000500
N, 4, -0.000500, 0.059500, -0.000500
N, 5, -0.000500, 0.079500, -0.000500
N, 6, -0.000500, 0.099500, -0.000500
N, 7, -0.000500, 0.119500, -0.000500
N, 8, -0.000500, 0.139500, -0.000500
N, 9, -0.000500, 0.159500, -0.000500
N, 10, -0.000500, 0.179500, -0.000500
N, 11, -0.000500, 0.199500, -0.000500
N, 12, 0.019500, -0.000500, -0.000500
N, 13, 0.019500, 0.019500, -0.000500
N, 14, 0.019500, 0.039500, -0.000500
N, 15, 0.019500, 0.059500, -0.000500
N, 16, 0.019500, 0.079500, -0.000500
N, 17, 0.019500, 0.099500, -0.000500
N, 18, 0.019500, 0.119500, -0.000500
N, 19, 0.019500, 0.139500, -0.000500
N, 20, 0.019500, 0.159500, -0.000500
N, 21, 0.019500, 0.179500, -0.000500
N, 22, 0.019500, 0.199500, -0.000500
N, 23, 0.039500, -0.000500, -0.000500
N, 24, 0.039500, 0.019500, -0.000500
N, 25, 0.039500, 0.039500, -0.000500
N, 26, 0.039500, 0.059500, -0.000500
N, 27, 0.039500, 0.079500, -0.000500
N, 28, 0.039500, 0.099500, -0.000500
N, 29, 0.039500, 0.119500, -0.000500
N, 30, 0.039500, 0.139500, -0.000500
N, 31, 0.039500, 0.159500, -0.000500
N, 32, 0.039500, 0.179500, -0.000500
N, 33, 0.039500, 0.199500, -0.000500
N, 34, 0.059500, -0.000500, -0.000500
N, 35, 0.059500, 0.019500, -0.000500
N, 36, 0.059500, 0.039500, -0.000500
N, 37, 0.059500, 0.059500, -0.000500
N, 38, 0.059500, 0.079500, -0.000500
N, 39, 0.059500, 0.099500, -0.000500
N, 40, 0.059500, 0.119500, -0.000500
N, 41, 0.059500, 0.139500, -0.000500
N, 42, 0.059500, 0.159500, -0.000500
N, 43, 0.059500, 0.179500, -0.000500
N, 44, 0.059500, 0.199500, -0.000500
N, 45, 0.079500, -0.000500, -0.000500
N, 46, 0.079500, 0.019500, -0.000500
N, 47, 0.079500, 0.039500, -0.000500
N, 48, 0.079500, 0.059500, -0.000500
N, 49, 0.079500, 0.079500, -0.000500
N, 50, 0.079500, 0.099500, -0.000500
N, 51, 0.079500, 0.119500, -0.000500
N, 52, 0.079500, 0.139500, -0.000500
N, 53, 0.079500, 0.159500, -0.000500
N, 54, 0.079500, 0.179500, -0.000500
N, 55, 0.079500, 0.199500, -0.000500
N, 56, 0.099500, -0.000500, -0.000500
N, 57, 0.099500, 0.019500, -0.000500
N, 58, 0.099500, 0.039500, -0.000500
N, 59, 0.099500, 0.059500, -0.000500
N, 60, 0.099500, 0.079500, -0.000500
N, 61, 0.099500, 0.099500, -0.000500
N, 62, 0.099500, 0.119500, -0.000500
N, 63, 0.099500, 0.139500, -0.000500
N, 64, 0.099500, 0.159500, -0.000500
N, 65, 0.099500, 0.179500, -0.000500
N, 66, 0.099500, 0.199500, -0.000500
N, 67, 0.119500, -0.000500, -0.000500
N, 68, 0.119500, 0.019500, -0.000500
N, 69, 0.119500, 0.039500, -0.000500
N, 70, 0.119500, 0.059500, -0.000500
N, 71, 0.119500, 0.079500, -0.000500
N, 72, 0.119500, 0.099500, -0.000500
N, 73, 0.119500, 0.119500, -0.000500
N, 74, 0.119500, 0.139500, -0.000500
N, 75, 0.119500, 0.159500, -0.000500
N, 76, 0.119500, 0.179500, -0.000500
N, 77, 0.119500, 0.199500, -0.000500
N, 78, 0.139500, -0.000500, -0.000500
N, 79, 0.139500, 0.019500, -0.000500
N, 80, 0.139500, 0.039500, -0.000500
N, 81, 0.139500, 0.059500, -0.000500
N, 82, 0.139500, 0.079500, -0.000500
N, 83, 0.139500, 0.099500, -0.000500
N, 84, 0.139500, 0.119500, -0.000500
N, 85, 0.139500, 0.139500, -0.000500
N, 86, 0.139500, 0.159500, -0.000500
N, 87, 0.139500, 0.179500, -0.000500
N, 88, 0.139500, 0.199500, -0.000500
N, 89, 0.159500, -0.000500, -0.000500
N, 90, 0.159500, 0.019500, -0.000500
N, 91, 0.159500, 0.039500, -0.000500
N, 92, 0.159500, 0.059500, -0.000500
N, 93, 0.159500, 0.079500, -0.000500
N, 94, 0.159500, 0.099500, -0.000500
N, 95, 0.159500, 0.119500, -0.000500
N, 96, 0.159500, 0.139500, -0.000500
N, 97, 0.159500, 0.159500, -0.000500
N, 98, 0.159500, 0.179500, -0.000500
N, 99, 0.159500, 0.199500, -0.000500
N, 100, 0.179500, -0.000500, -0.000500
N, 101, 0.179500, 0.019500, -0.000500
N, 102, 0.179500, 0.039500, -0.000500
N, 103, 0.179500, 0.059500, -0.000500
N, 104, 0.179500, 0.079500, -0.000500
N, 105, 0.179500, 0.099500, -0.000500
N, 106, 0.179500, 0.119500, -0.000500
N, 107, 0.179500, 0.139500, -0.000500
N, 108, 0.179500, 0.159500, -0.000500
N, 109, 0.179500, 0.179500, -0.000500
N, 110, 0.179500, 0.199500, -0.000500
N, 111, 0.199500, -0.000500, -0.000500
N, 112, 0.199500, 0.019500, -0.000500
N, 113, 0.199500, 0.039500, -0.000500
N, 114, 0.199500, 0.059500, -0.000500
N, 115, 0.199500, 0.079500, -0.000500
N, 116, 0.199500, 0.099500, -0.000500
N, 117, 0.199500, 0.119500, -0.000500
N, 118, 0.199500, 0.139500, -0.000500
N, 119, 0.199500, 0.159500, -0.000500
N, 120, 0.199500, 0.179500, -0.000500
N, 121, 0.199500, 0.199500, -0.000500
N, 122, -0.000500, -0.000500, 0.019500
N, 123, -0.000500, 0.019500, 0.019500
N, 124, -0.000500, 0.039500, 0.019500
N, 125, -0.000500, 0.059500, 0.019500
N, 126, -0.000500, 0.079500, 0.019500
N, 127, -0.000500, 0.099500, 0.019500
N, 128, -0.000500, 0.119500, 0.019500
N, 129, -0.000500, 0.139500, 0.019500
N, 130, -0.000500, 0.159500, 0.019500
N, 131, -0.000500, 0.179500, 0.019500
N, 132, -0.000500, 0.199500, 0.019500
N, 133, 0.019500, -0.000500, 0.019500
N, 134, 0.019500, 0.019500, 0.019500
N, 135, 0.019500, 0.039500, 0.019500
N, 136, 0.019500, 0.059500, 0.019500
N, 137, 0.019500, 0.079500, 0.019500
N, 138, 0.019500, 0.099500, 0.019500
N, 139, 0.019500, 0.119500, 0.019500
N, 140, 0.019500, 0.139500, 0.019500
N, 141, 0.019500, 0.159500, 0.019500
N, 142, 0.019500, 0.179500, 0.019500
N, 143, 0.019500, 0.199500, 0.019500
N, 144, 0.039500, -0.000500, 0.019500
N, 145, 0.039500, 0.019500, 0.019500
N, 146, 0.039500, 0.039500, 0.019500
N, 147, 0.039500, 0.059500, 0.019500
N, 148, 0.039500, 0.079500, 0.019500
N, 149, 0.039500, 0.099500, 0.019500
N, 150, 0.039500, 0.119500, 0.019500
N, 151, 0.039500, 0.139500, 0.019500
N, 152, 0.039500, 0.159500, 0.019500
N, 153, 0.039500, 0.179500, 0.019500
N, 154, 0.039500, 0.199500, 0.019500
N, 155, 0.059500, -0.000500, 0.019500
N, 156, 0.059500, 0.019500, 0.019500
N, 157, 0.059500, 0.039500, 0.019500
N, 158, 0.059500, 0.059500, 0.019500
N, 159, 0.059500, 0.079500, 0.019500
N, 160, 0.059500, 0.099500, 0.019500
N, 161, 0.059500, 0.119500, 0.019500
N, 162, 0.059500, 0.139500, 0.019500
N, 163, 0.059500, 0.159500, 0.019500
N, 164, 0.059500, 0.179500, 0.019500
N, 165, 0.059500, 0.199500, 0.019500
N, 166, 0.079500, -0.000500, 0.019500
N, 167, 0.079500, 0.019500, 0.019500
N, 168, 0.079500, 0.039500, 0.019500
N, 169, 0.079500, 0.059500, 0.019500
N, 170, 0.079500, 0.079500, 0.019500
N, 171, 0.079500, 0.099500, 0.019500
N, 172, 0.079500, 0.119500, 0.019500
N, 173, 0.079500, 0.139500, 0.019500
N, 174, 0.079500, 0.159500, 0.019500
N, 175, 0.079500, 0.179500, 0.019500
N, 176, 0.079500, 0.199500, 0.019500
N, 177, 0.099500, -0.000500, 0.019500
N, 178, 0.099500, 0.019500, 0.019500
N, 179, 0.099500, 0.039500, 0.019500
N, 180, 0.099500, 0.059500, 0.019500
N, 181, 0.099500, 0.079500, 0.019500
N, 182, 0.099500, 0.099500, 0.019500
N, 183, 0.099500, 0.119500, 0.019500
N, 184, 0.099500, 0.139500, 0.019500
N, 185, 0.099500, 0.159500, 0.019500
N, 186, 0.099500, 0.179500, 0.019500
N, 187, 0.099500, 0.199500, 0.019500
N, 188, 0.119500, -0.000500, 0.019500
N, 189, 0.119500, 0.019500, 0.019500
N, 190, 0.119500, 0.039500, 0.019500
N, 191, 0.119500, 0.059500, 0.019500
N, 192, 0.119500, 0.079500, 0.019500
N, 193, 0.119500, 0.099500, 0.019500
N, 194, 0.119500, 0.119500, 0.019500
N, 195, 0.119500, 0.139500, 0.019500
N, 196, 0.119500, 0.159500, 0.019500
N, 197, 0.119500, 0.179500, 0.019500
N, 198, 0.119500, 0.199500, 0.019500
N, 199, 0.139500, -0.000500, 0.019500
N, 200, 0.139500, 0.019500, 0.019500
N, 201, 0.139500, 0.039500, 0.019500
N, 202, 0.139500, 0.059500, 0.019500
N, 203, 0.139500, 0.079500, 0.019500
N, 204, 0.139500, 0.099500, 0.019500
N, 205, 0.139500, 0.119500, 0.019500
N, 206, 0.139500, 0.139500, 0.019500
N, 207, 0.139500, 0.159500, 0.019500
N, 208, 0.139500, 0.179500, 0.019500
N, 209, 0.139500, 0.199500, 0.019500
N, 210, 0.159500, -0.000500, 0.019500
N, 211, 0.159500, 0.019500, 0.019500
N, 212, 0.159500, 0.039500, 0.019500
N, 213, 0.159500, 0.059500, 0.019500
N, 214, 0.159500, 0.079500, 0.019500
N, 215, 0.159500, 0.099500, 0.019500
N, 216, 0.159500, 0.119500, 0.019500
N, 217, 0.159500, 0.139500, 0.019500
N, 218, 0.159500, 0.159500, 0.019500
N, 219, 0.159500, 0.179500, 0.019500
N, 220, 0.159500, 0.199500, 0.019500
N, 221, 0.179500, -0.000500, 0.019500
N, 222, 0.179500, 0.019500, 0.019500
N, 223, 0.179500, 0.039500, 0.019500
N, 224, 0.179500, 0.059500, 0.019500
N, 225, 0.179500, 0.079500, 0.019500
N, 226, 0.179500, 0.099500, 0.019500
N, 227, 0.179500, 0.119500, 0.019500
N, 228, 0.179500, 0.139500, 0.019500
N, 229, 0.179500, 0.159500, 0.019500
N, 230, 0.179500, 0.179500, 0.019500
N, 231, 0.179500, 0.199500, 0.019500
N, 232, 0.199500, -0.000500, 0.019500
N, 233, 0.199500, 0.019500, 0.019500
N, 234, 0.199500, 0.039500, 0.019500
N, 235, 0.199500, 0.059500, 0.019500
N, 236, 0.199500, 0.079500, 0.019500
N, 237, 0.199500, 0.099500, 0.019500
N, 238, 0.199500, 0.119500, 0.019500
N, 239, 0.199500, 0.139500, 0.019500
N, 240, 0.199500, 0.159500, 0.019500
N, 241, 0.199500, 0.179500, 0.019500
N, 242, 0.199500, 0.199500, 0.019500
N, 243, -0.000500, -0.000500, 0.039500
N, 244, -0.000500, 0.019500, 0.039500
N, 245, -0.000500, 0.039500, 0.039500
N, 246, -0.000500, 0.059500, 0.039500
N, 247, -0.000500, 0.079500, 0.039500
N, 248, -0.000500, 0.099500, 0.039500
N, 249, -0.000500, 0.119500, 0.039500
N, 250, -0.000500, 0.139500, 0.039500
N, 251, -0.000500, 0.159500, 0.039500
N, 252, -0.000500, 0.179500, 0.039500
N, 253, -0.000500, 0.199500, 0.039500
N, 254, 0.019500, -0.000500, 0.039500
N, 255, 0.019500, 0.019500, 0.039500
N, 256, 0.019500, 0.039500, 0.039500
N, 257, 0.019500, 0.059500, 0.039500
N, 258, 0.019500, 0.079500, 0.039500
N, 259, 0.019500, 0.099500, 0.039500
N, 260, 0.019500, 0.119500, 0.039500
N, 261, 0.019500, 0.139500, 0.039500
N, 262, 0.019500, 0.159500, 0.039500
N, 263, 0.019500, 0.179500, 0.039500
N, 264, 0.019500, 0.199500, 0.039500
N, 265, 0.039500, -0.000500, 0.039500
N, 266, 0.039500, 0.019500, 0.039500
N, 267, 0.039500, 0.039500, 0.039500
N, 268, 0.039500, 0.059500, 0.039500
N, 269, 0.039500, 0.079500, 0.039500
N, 270, 0.039500, 0.099500, 0.039500
N, 271, 0.039500, 0.119500, 0.039500
N, 272, 0.039500, 0.139500, 0.039500
N, 273, 0.039500, 0.159500, 0.039500
N, 274, 0.039500, 0.179500, 0.039500
N, 275, 0.039500, 0.199500, 0.039500
N, 276, 0.059500, -0.000500, 0.039500
N, 277, 0.059500, 0.019500, 0.039500
N, 278, 0.059500, 0.039500, 0.039500
N, 279, 0.059500, 0.059500, 0.039500
N, 280, 0.059500, 0.079500, 0.039500
N, 281, 0.059500, 0.099500, 0.039500
N, 282, 0.059500, 0.119500, 0.039500
N, 283, 0.059500, 0.139500, 0.039500
N, 284, 0.059500, 0.159500, 0.039500
N, 285, 0.059500, 0.179500, 0.039500
N, 286, 0.059500, 0.199500, 0.039500
N, 287, 0.079500, -0.000500, 0.039500
N, 288, 0.079500, 0.019500, 0.039500
N, 289, 0.079500, 0.039500, 0.039500
N, 290, 0.079500, 0.059500, 0.039500
N, 291, 0.079500, 0.079500, 0.039500
N, 292, 0.079500, 0.099500, 0.039500
N, 293, 0.079500, 0.119500, 0.039500
N, 294, 0.079500, 0.139500, 0.039500
N, 295, 0.079500, 0.159500, 0.039500
N, 296, 0.079500, 0.179500, 0.039500
N, 297, 0.079500, 0.199500, 0.039500
N, 298, 0.099500, -0.000500, 0.039500
N, 299, 0.099500, 0.019500, 0.039500
N, 300, 0.099500, 0.039500, 0.039500
N, 301, 0.099500, 0.059500, 0.039500
N, 302, 0.099500, 0.079500, 0.039500
N, 303, 0.099500, 0.099500, 0.039500
N, 304, 0.099500, 0.119500, 0.039500
N, 305, 0.099500, 0.139500, 0.039500
N, 306, 0.099500, 0.159500, 0.039500
N, 307, 0.099500, 0.179500, 0.039500
N, 308, 0.099500, 0.199500, 0.039500
N, 309, 0.119500, -0.000500, 0.039500
N, 310, 0.119500, 0.019500, 0.039500
N, 311, 0.119500, 0.039500, 0.039500
N, 312, 0.119500, 0.059500, 0.039500
N, 313, 0.119500, 0.079500, 0.039500
N, 314, 0.119500, 0.099500, 0.039500
N, 315, 0.119500, 0.119500, 0.039500
N, 316, 0.119500, 0.139500, 0.039500
N, 317, 0.119500, 0.159500, 0.039500
N, 318, 0.119500, 0.179500, 0.039500
N, 319, 0.119500, 0.199500, 0.039500
N, 320, 0.139500, -0.000500, 0.039500
N, 321, 0.139500, 0.019500, 0.039500
N, 322, 0.139500, 0.039500, 0.039500
N, 323, 0.139500, 0.059500, 0.039500
N, 324, 0.139500, 0.079500, 0.039500
N, 325, 0.139500, 0.099500, 0.039500
N, 326, 0.139500, 0.119500, 0.039500
N, 327, 0.139500, 0.139500, 0.039500
N, 328, 0.139500, 0.159500, 0.039500
N, 329, 0.139500, 0.179500, 0.039500
N, 330, 0.139500, 0.199500, 0.039500
N, 331, 0.159500, -0.000500, 0.039500
N, 332, 0.159500, 0.019500, 0.039500
N, 333, 0.159500, 0.039500, 0.039500
N, 334, 0.159500, 0.059500, 0.039500
N, 335, 0.159500, 0.079500, 0.039500
N, 336, 0.159500, 0.099500, 0.039500
N, 337, 0.159500, 0.119500, 0.039500
N, 338, 0.159500, 0.139500, 0.039500
N, 339, 0.159500, 0.159500, 0.039500
N, 340, 0.159500, 0.179500, 0.039500
N, 341, 0.159500, 0.199500, 0.039500
N, 342, 0.179500, -0.000500, 0.039500
N, 343, 0.179500, 0.019500, 0.039500
N, 344, 0.179500, 0.039500, 0.039500
N, 345, 0.179500, 0.059500, 0.039500
N, 346, 0.179500, 0.079500, 0.039500
N, 347, 0.179500, 0.099500, 0.039500
N, 348, 0.179500, 0.119500, 0.039500
N, 349, 0.179500, 0.139500, 0.039500
N, 350, 0.179500, 0.159500, 0.039500
N, 351, 0.179500, 0.179500, 0.039500
N, 352, 0.179500, 0.199500, 0.039500
N, 353, 0.199500, -0.000500, 0.039500
N, 354, 0.199500, 0.019500, 0.039500
N, 355, 0.199500, 0.039500, 0.039500
N, 356, 0.199500, 0.059500, 0.039500
N, 357, 0.199500, 0.079500, 0.039500
N, 358, 0.199500, 0.099500, 0.039500
N, 359, 0.199500, 0.119500, 0.039500
N, 360, 0.199500, 0.139500, 0.039500
N, 361, 0.199500, 0.159500, 0.039500
N, 362, 0.199500, 0.179500, 0.039500
N, 363, 0.199500, 0.199500, 0.039500
N, 364, -0.000500, -0.000500, 0.059500
N, 365, -0.000500, 0.019500, 0.059500
N, 366, -0.000500, 0.039500, 0.059500
N, 367, -0.000500, 0.059500, 0.059500
N, 368, -0.000500, 0.079500, 0.059500
N, 369, -0.000500, 0.099500, 0.059500
N, 370, -0.000500, 0.119500, 0.059500
N, 371, -0.000500, 0.139500, 0.059500
N, 372, -0.000500, 0.159500, 0.059500
N, 373, -0.000500, 0.179500, 0.059500
N, 374, -0.000500, 0.199500, 0.059500
N, 375, 0.019500, -0.000500, 0.059500
N, 376, 0.019500, 0.019500, 0.059500
N, 377, 0.019500, 0.039500, 0.059500
N, 378, 0.019500, 0.059500, 0.059500
N, 379, 0.019500, 0.079500, 0.059500
N, 380, 0.019500, 0.099500, 0.059500
N, 381, 0.019500, 0.119500, 0.059500
N, 382, 0.019500, 0.139500, 0.059500
N, 383, 0.019500, 0.159500, 0.059500
N, 384, 0.019500, 0.179500, 0.059500
N, 385, 0.019500, 0.199500, 0.059500
N, 386, 0.039500, -0.000500, 0.059500
N, 387, 0.039500, 0.019500, 0.059500
N, 388, 0.039500, 0.039500, 0.059500
N, 389, 0.039500, 0.059500, 0.059500
N, 390, 0.039500, 0.079500, 0.059500
N, 391, 0.039500, 0.099500, 0.059500
N, 392, 0.039500, 0.119500, 0.059500
N, 393, 0.039500, 0.139500, 0.059500
N, 394, 0.039500, 0.159500, 0.059500
N, 395, 0.039500, 0.179500, 0.059500
N, 396, 0.039500, 0.199500, 0.059500
N, 397, 0.059500, -0.000500, 0.059500
N, 398, 0.059500, 0.019500, 0.059500
N, 399, 0.059500, 0.039500, 0.059500
N, 400, 0.059500, 0.059500, 0.059500
N, 401, 0.059500, 0.079500, 0.059500
N, 402, 0.059500, 0.099500, 0.059500
N, 403, 0.059500, 0.119500, 0.059500
N, 404, 0.059500, 0.139500, 0.059500
N, 405, 0.059500, 0.159500, 0.059500
N, 406, 0.059500, 0.179500, 0.059500
N, 407, 0.059500, 0.199500, 0.059500
N, 408, 0.079500, -0.000500, 0.059500
N, 409, 0.079500, 0.019500, 0.059500
N, 410, 0.079500, 0.039500, 0.059500
N, 411, 0.079500, 0.059500, 0.059500
N, 412, 0.079500, 0.079500, 0.059500
N, 413, 0.079500, 0.099500, 0.059500
N, 414, 0.079500, 0.119500, 0.059500
N, 415, 0.079500, 0.139500, 0.059500
N, 416, 0.079500, 0.159500, 0.059500
N, 417, 0.079500, 0.179500, 0.059500
N, 418, 0.079500, 0.199500, 0.059500
N, 419, 0.099500, -0.000500, 0.059500
N, 420, 0.099500, 0.019500, 0.059500
N, 421, 0.099500, 0.039500, 0.059500
N, 422, 0.099500, 0.059500, 0.059500
N, 423, 0.099500, 0.079500, 0.059500
N, 424, 0.099500, 0.099500, 0.059500
N, 425, 0.099500, 0.119500, 0.059500
N, 426, 0.099500, 0.139500, 0.059500
N, 427, 0.099500, 0.159500, 0.059500
N, 428, 0.099500, 0.179500, 0.059500
N, 429, 0.099500, 0.199500, 0.059500
N, 430, 0.119500, -0.000500, 0.059500
N, 431, 0.119500, 0.019500, 0.059500
N, 432, 0.119500, 0.039500, 0.059500
N, 433, 0.119500, 0.059500, 0.059500
N, 434, 0.119500, 0.079500, 0.059500
N, 435, 0.119500, 0.099500, 0.059500
N, 436, 0.119500, 0.119500, 0.059500
N, 437, 0.119500, 0.139500, 0.059500
N, 438, 0.119500, 0.159500, 0.059500
N, 439, 0.119500, 0.179500, 0.059500
N, 440, 0.119500, 0.199500, 0.059500
N, 441, 0.139500, -0.000500, 0.059500
N, 442, 0.139500, 0.019500, 0.059500
N, 443, 0.139500, 0.039500, 0.059500
N, 444, 0.139500, 0.059500, 0.059500
N, 445, 0.139500, 0.079500, 0.059500
N, 446, 0.139500, 0.099500, 0.059500
N, 447, 0.139500, 0.119500, 0.059500
N, 448, 0.139500, 0.139500, 0.059500
N, 449, 0.139500, 0.159500, 0.059500
N, 450, 0.139500, 0.179500, 0.059500
N, 451, 0.139500, 0.199500, 0.059500
N, 452, 0.159500, -0.000500, 0.059500
N, 453, 0.159500, 0.019500, 0.059500
N, 454, 0.159500, 0.039500, 0.059500
N, 455, 0.159500, 0.059500, 0.059500
N, 456, 0.159500, 0.079500, 0.059500
N, 457, 0.159500, 0.099500, 0.059500
N, 458, 0.159500, 0.119500, 0.059500
N, 459, 0.159500, 0.139500, 0.059500
N, 460, 0.159500, 0.159500, 0.059500
N, 461, 0.159500, 0.179500, 0.059500
N, 462, 0.159500, 0.199500, 0.059500
N, 463, 0.179500, -0.000500, 0.059500
N, 464, 0.179500, 0.019500, 0.059500
N, 465, 0.179500, 0.039500, 0.059500
N, 466, 0.179500, 0.059500, 0.059500
N, 467, 0.179500, 0.079500, 0.059500
N, 468, 0.179500, 0.099500, 0.059500
N, 469, 0.179500, 0.119500, 0.059500
N, 470, 0.179500, 0.139500, 0.059500
N, 471, 0.179500, 0.159500, 0.059500
N, 472, 0.179500, 0.179500, 0.059500
N, 473, 0.179500, 0.199500, 0.059500
N, 474, 0.199500, -0.000500, 0.059500
N, 475, 0.199500, 0.019500, 0.059500
N, 476, 0.199500, 0.039500, 0.059500
N, 477, 0.199500, 0.059500, 0.059500
N, 478, 0.199500, 0.079500, 0.059500
N, 479, 0.199500, 0.099500, 0.059500
N, 480, 0.199500, 0.119500, 0.059500
N, 481, 0.199500, 0.139500, 0.059500
N, 482, 0.199500, 0.159500, 0.059500
N, 483, 0.199500, 0.179500, 0.059500
N, 484, 0.199500, 0.199500, 0.059500
N, 485, -0.000500, -0.000500, 0.079500
N, 486, -0.000500, 0.019500, 0.079500
N, 487, -0.000500, 0.039500, 0.079500
N, 488, -0.000500, 0.059500, 0.079500
N, 489, -0.000500, 0.079500, 0.079500
N, 490, -0.000500, 0.099500, 0.079500
N, 491, -0.000500, 0.119500, 0.079500
N, 492, -0.000500, 0.139500, 0.079500
N, 493, -0.000500, 0.159500, 0.079500
N, 494, -0.000500, 0.179500, 0.079500
N, 495, -0.000500, 0.199500, 0.079500
N, 496, 0.019500, -0.000500, 0.079500
N, 497, 0.019500, 0.019500, 0.079500
N, 498, 0.019500, 0.039500, 0.079500
N, 499, 0.019500, 0.059500, 0.079500
N, 500, 0.019500, 0.079500, 0.079500
N, 501, 0.019500, 0.099500, 0.079500
N, 502, 0.019500, 0.119500, 0.079500
N, 503, 0.019500, 0.139500, 0.079500
N, 504, 0.019500, 0.159500, 0.079500
N, 505, 0.019500, 0.179500, 0.079500
N, 506, 0.019500, 0.199500, 0.079500
N, 507, 0.039500, -0.000500, 0.079500
N, 508, 0.039500, 0.019500, 0.079500
N, 509, 0.039500, 0.039500, 0.079500
N, 510, 0.039500, 0.059500, 0.079500
N, 511, 0.039500, 0.079500, 0.079500
N, 512, 0.039500, 0.099500, 0.079500
N, 513, 0.039500, 0.119500, 0.079500
N, 514, 0.039500, 0.139500, 0.079500
N, 515, 0.039500, 0.159500, 0.079500
N, 516, 0.039500, 0.179500, 0.079500
N, 517, 0.039500, 0.199500, 0.079500
N, 518, 0.059500, -0.000500, 0.079500
N, 519, 0.059500, 0.019500, 0.079500
N, 520, 0.059500, 0.039500, 0.079500
N, 521, 0.059500, 0.059500, 0.079500
N, 522, 0.059500, 0.079500, 0.079500
N, 523, 0.059500, 0.099500, 0.079500
N, 524, 0.059500, 0.119500, 0.079500
N, 525, 0.059500, 0.139500, 0.079500
N, 526, 0.059500, 0.159500, 0.079500
N, 527, 0.059500, 0.179500, 0.079500
N, 528, 0.059500, 0.199500, 0.079500
N, 529, 0.079500, -0.000500, 0.079500
N, 530, 0.079500, 0.019500, 0.079500
N, 531, 0.079500, 0.039500, 0.079500
N, 532, 0.079500, 0.059500, 0.079500
N, 533, 0.079500, 0.079500, 0.079500
N, 534, 0.079500, 0.099500, 0.079500
N, 535, 0.079500, 0.119500, 0.079500
N, 536, 0.079500, 0.139500, 0.079500
N, 537, 0.079500, 0.159500, 0.079500
N, 538, 0.079500, 0.179500, 0.079500
N, 539, 0.079500, 0.199500, 0.079500
N, 540, 0.099500, -0.000500, 0.079500
N, 541, 0.099500, 0.019500, 0.079500
N, 542, 0.099500, 0.039500, 0.079500
N, 543, 0.099500, 0.059500, 0.079500
N, 544, 0.099500, 0.079500, 0.079500
N, 545, 0.099500, 0.099500, 0.079500
N, 546, 0.099500, 0.119500, 0.079500
N, 547, 0.099500, 0.139500, 0.079500
N, 548, 0.099500, 0.159500, 0.079500
N, 549, 0.099500, 0.179500, 0.079500
N, 550, 0.099500, 0.199500, 0.079500
N, 551, 0.119500, -0.000500, 0.079500
N, 552, 0.119500, 0.019500, 0.079500
N, 553, 0.119500, 0.039500, 0.079500
N, 554, 0.119500, 0.059500, 0.079500
N, 555, 0.119500, 0.079500, 0.079500
N, 556, 0.119500, 0.099500, 0.079500
N, 557, 0.119500, 0.119500, 0.079500
N, 558, 0.119500, 0.139500, 0.079500
N, 559, 0.119500, 0.159500, 0.079500
N, 560, 0.119500, 0.179500, 0.079500
N, 561, 0.119500, 0.199500, 0.079500
N, 562, 0.139500, -0.000500, 0.079500
N, 563, 0.139500, 0.019500, 0.079500
N, 564, 0.139500, 0.039500, 0.079500
N, 565, 0.139500, 0.059500, 0.079500
N, 566, 0.139500, 0.079500, 0.079500
N, 567, 0.139500, 0.099500, 0.079500
N, 568, 0.139500, 0.119500, 0.079500
N, 569, 0.139500, 0.139500, 0.079500
N, 570, 0.139500, 0.159500, 0.079500
N, 571, 0.139500, 0.179500, 0.079500
N, 572, 0.139500, 0.199500, 0.079500
N, 573, 0.159500, -0.000500, 0.079500
N, 574, 0.159500, 0.019500, 0.079500
N, 575, 0.159500, 0.039500, 0.079500
N, 576, 0.159500, 0.059500, 0.079500
N, 577, 0.159500, 0.079500, 0.079500
N, 578, 0.159500, 0.099500, 0.079500
N, 579, 0.159500, 0.119500, 0.079500
N, 580, 0.159500, 0.139500, 0.079500
N, 581, 0.159500, 0.159500, 0.079500
N, 582, 0.159500, 0.179500, 0.079500
N, 583, 0.159500, 0.199500, 0.079500
N, 584, 0.179500, -0.000500, 0.079500
N, 585, 0.179500, 0.019500, 0.079500
N, 586, 0.179500, 0.039500, 0.079500
N, 587, 0.179500, 0.059500, 0.079500
N, 588, 0.179500, 0.079500, 0.079500
N, 589, 0.179500, 0.099500, 0.079500
N, 590, 0.179500, 0.119500, 0.079500
N, 591, 0.179500, 0.139500, 0.079500
N, 592, 0.179500, 0.159500, 0.079500
N, 593, 0.179500, 0.179500, 0.079500
N, 594, 0.179500, 0.199500, 0.079500
N, 595, 0.199500, -0.000500, 0.079500
N, 596, 0.199500, 0.019500, 0.079500
N, 597, 0.199500, 0.039500, 0.079500
N, 598, 0.199500, 0.059500, 0.079500
N, 599, 0.199500, 0.079500, 0.079500
N, 600, 0.199500, 0.099500, 0.079500
N, 601, 0.199500, 0.119500, 0.079500
N, 602, 0.199500, 0.139500, 0.079500
N, 603, 0.199500, 0.159500, 0.079500
N, 604, 0.199500, 0.179500, 0.079500
N, 605, 0.199500, 0.199500, 0.079500
N, 606, -0.000500, -0.000500, 0.099500
N, 607, -0.000500, 0.019500, 0.099500
N, 608, -0.000500, 0.039500, 0.099500
N, 609, -0.000500, 0.059500, 0.099500
N, 610, -0.000500, 0.079500, 0.099500
N, 611, -0.000500, 0.099500, 0.099500
N, 612, -0.000500, 0.119500, 0.099500
N, 613, -0.000500, 0.139500, 0.099500
N, 614, -0.000500, 0.159500, 0.099500
N, 615, -0.000500, 0.179500, 0.099500
N, 616, -0.000500, 0.199500, 0.099500
N, 617, 0.019500, -0.000500, 0.099500
N, 618, 0.019500, 0.019500, 0.099500
N, 619, 0.019500, 0.039500, 0.099500
N, 620, 0.019500, 0.059500, 0.099500
N, 621, 0.019500, 0.079500, 0.099500
N, 622, 0.019500, 0.099500, 0.099500
N, 623, 0.019500, 0.119500, 0.099500
N, 624, 0.019500, 0.139500, 0.099500
N, 625, 0.019500, 0.159500, 0.099500
N, 626, 0.019500, 0.179500, 0.099500
N, 627, 0.019500, 0.199500, 0.099500
N, 628, 0.039500, -0.000500, 0.099500
N, 629, 0.039500, 0.019500, 0.099500
N, 630, 0.039500, 0.039500, 0.099500
N, 631, 0.039500, 0.059500, 0.099500
N, 632, 0.039500, 0.079500, 0.099500
N, 633, 0.039500, 0.099500, 0.099500
N, 634, 0.039500, 0.119500, 0.099500
N, 635, 0.039500, 0.139500, 0.099500
N, 636, 0.039500, 0.159500, 0.099500
N, 637, 0.039500, 0.179500, 0.099500
N, 638, 0.039500, 0.199500, 0.099500
N, 639, 0.059500, -0.000500, 0.099500
N, 640, 0.059500, 0.019500, 0.099500
N, 641, 0.059500, 0.039500, 0.099500
N, 642, 0.059500, 0.059500, 0.099500
N, 643, 0.059500, 0.079500, 0.099500
N, 644, 0.059500, 0.099500, 0.099500
N, 645, 0.059500, 0.119500, 0.099500
N, 646, 0.059500, 0.139500, 0.099500
N, 647, 0.059500, 0.159500, 0.099500
N, 648, 0.059500, 0.179500, 0.099500
N, 649, 0.059500, 0.199500, 0.099500
N, 650, 0.079500, -0.000500, 0.099500
N, 651, 0.079500, 0.019500, 0.099500
N, 652, 0.079500, 0.039500, 0.099500
N, 653, 0.079500, 0.059500, 0.099500
N, 654, 0.079500, 0.079500, 0.099500
N, 655, 0.079500, 0.099500, 0.099500
N, 656, 0.079500, 0.119500, 0.099500
N, 657, 0.079500, 0.139500, 0.099500
N, 658, 0.079500, 0.159500, 0.099500
N, 659, 0.079500, 0.179500, 0.099500
N, 660, 0.079500, 0.199500, 0.099500
N, 661, 0.099500, -0.000500, 0.099500
N, 662, 0.099500, 0.019500, 0.099500
N, 663, 0.099500, 0.039500, 0.099500
N, 664, 0.099500, 0.059500, 0.099500
N, 665, 0.099500, 0.079500, 0.099500
N, 666, 0.099500, 0.099500, 0.099500
N, 667, 0.099500, 0.119500, 0.099500
N, 668, 0.099500, 0.139500, 0.099500
N, 669, 0.099500, 0.159500, 0.099500
N, 670, 0.099500, 0.179500, 0.099500
N, 671, 0.099500, 0.199500, 0.099500
N, 672, 0.119500, -0.000500, 0.099500
N, 673, 0.119500, 0.019500, 0.099500
N, 674, 0.119500, 0.039500, 0.099500
N, 675, 0.119500, 0.059500, 0.099500
N, 676, 0.119500, 0.079500, 0.099500
N, 677, 0.119500, 0.099500, 0.099500
N, 678, 0.119500, 0.119500, 0.099500
N, 679, 0.119500, 0.139500, 0.099500
N, 680, 0.119500, 0.159500, 0.099500
N, 681, 0.119500, 0.179500, 0.099500
N, 682, 0.119500, 0.199500, 0.099500
N, 683, 0.139500, -0.000500, 0.099500
N, 684, 0.139500, 0.019500, 0.099500
N, 685, 0.139500, 0.039500, 0.099500
N, 686, 0.139500, 0.059500, 0.099500
N, 687, 0.139500, 0.079500, 0.099500
N, 688, 0.139500, 0.099500, 0.099500
N, 689, 0.139500, 0.119500, 0.099500
N, 690, 0.139500, 0.139500, 0.099500
N, 691, 0.139500, 0.159500, 0.099500
N, 692, 0.139500, 0.179500, 0.099500
N, 693, 0.139500, 0.199500, 0.099500
N, 694, 0.159500, -0.000500, 0.099500
N, 695, 0.159500, 0.019500, 0.099500
N, 696, 0.159500, 0.039500, 0.099500
N, 697, 0.159500, 0.059500, 0.099500
N, 698, 0.159500, 0.079500, 0.099500
N, 699, 0.159500, 0.099500, 0.099500
N, 700, 0.159500, 0.119500, 0.099500
N, 701, 0.159500, 0.139500, 0.099500
N, 702, 0.159500, 0.159500, 0.099500
N, 703, 0.159500, 0.179500, 0.099500
N, 704, 0.159500, 0.199500, 0.099500
N, 705, 0.179500, -0.000500, 0.099500
N, 706, 0.179500, 0.019500, 0.099500
N, 707, 0.179500, 0.039500, 0.099500
N, 708, 0.179500, 0.059500, 0.099500
N, 709, 0.179500, 0.079500, 0.099500
N, 710, 0.179500, 0.099500, 0.099500
N, 711, 0.179500, 0.119500, 0.099500
N, 712, 0.179500, 0.139500, 0.099500
N, 713, 0.179500, 0.159500, 0.099500
N, 714, 0.179500, 0.179500, 0.099500
N, 715, 0.179500, 0.199500, 0.099500
N, 716, 0.199500, -0.000500, 0.099500
N, 717, 0.199500, 0.019500, 0.099500
N, 718, 0.199500, 0.039500, 0.099500
N, 719, 0.199500, 0.059500, 0.099500
N, 720, 0.199500, 0.079500, 0.099500
N, 721, 0.199500, 0.099500, 0.099500
N, 722, 0.199500, 0.119500, 0.099500
N, 723, 0.199500, 0.139500, 0.099500
N, 724, 0.199500, 0.159500, 0.099500
N, 725, 0.199500, 0.179500, 0.099500
N, 726, 0.199500, 0.199500, 0.099500
