        1      0.0035933042     0.0001151080    -0.0006275433
        2      0.0019515874     0.0010559463    -0.0014350809
        3      0.0012999138     0.0004888709    -0.0012938073
        4      0.0004284361    -0.0007256145    -0.0012046151
        5      0.0001597128    -0.0009297377    -0.0011787058
        6      0.0001158249    -0.0005272476    -0.0008860093
        7      0.0006830127    -0.0004980149    -0.0006698550
        8      0.0003160289    -0.0005444064    -0.0007931383
        9      0.0004442606    -0.0002060832    -0.0009625294
       10      0.0010757404     0.0004085827    -0.0004569487
       11      0.0016869824     0.0001268228    -0.0000354673
       12      0.0013037773    -0.0000414667    -0.0004994887
       13      0.0008933248     0.0000903640    -0.0005894376
       14      0.0005031453    -0.0005693327    -0.0009486226
       15      0.0002981991    -0.0005626167    -0.0007523302
       16      0.0001611778    -0.0003098080    -0.0005175952
       17      0.0002394464    -0.0003895614    -0.0006036344
       18      0.0003487163    -0.0002019183    -0.0007898671
       19      0.0007995687     0.0000041023    -0.0004004221
       20      0.0008006948     0.0000083732    -0.0006963379
       21      0.0006601922    -0.0004355747    -0.0008830755
       22      0.0006866798    -0.0003146747    -0.0008647288
       23      0.0009288933    -0.0006166334    -0.0010142132
       24      0.0009104962    -0.0004768301    -0.0013791840
       25      0.0007741590    -0.0002585843    -0.0011885507
       26      0.0001740544    -0.0005385946    -0.0008786668
       27      0.0000605927    -0.0005170939    -0.0012688877
       28      0.0001450917    -0.0005344436    -0.0013044999
       29      0.0003799643    -0.0004588708    -0.0009875987
       30     -0.0000832834    -0.0002219987    -0.0006221102
       31      0.0008187871    -0.0002804056    -0.0008138520
       32      0.0008884885    -0.0003031804    -0.0006000074
       33      0.0009255455    -0.0008274141    -0.0013597888
       34      0.0005425175    -0.0009604443    -0.0013592159
       35      0.0003898471    -0.0001299625    -0.0015328654
       36      0.0006033319    -0.0009603638    -0.0015966803
       37      0.0001639218    -0.0008679268    -0.0015347465
       38      0.0002455481    -0.0002742609    -0.0007721046
       39      0.0006535720    -0.0003446617    -0.0004802370
       40      0.0007053680    -0.0003839816    -0.0013704926
       41      0.0012998422     0.0003441047    -0.0004215613
       42      0.0008296349    -0.0004271332    -0.0010005400
       43      0.0007474086    -0.0007168051    -0.0012740122
       44      0.0004596470    -0.0007818823    -0.0010674424
       45      0.0000884640    -0.0004612368    -0.0013863879
       46      0.0006768219    -0.0012669298    -0.0014044120
       47      0.0005409411    -0.0006038637    -0.0014998396
       48      0.0004391249    -0.0001520243    -0.0011137510
       49      0.0002126077    -0.0001011293    -0.0007471478
       50      0.0004272122     0.0000477078    -0.0004302583
       51      0.0012095792     0.0000427443    -0.0002070215
       52      0.0004766520    -0.0004541068    -0.0011239939
       53      0.0005166834    -0.0006088594    -0.0013182525
       54      0.0006708251    -0.0004963128    -0.0007372349
       55      0.0007707823    -0.0003637059    -0.0006670398
       56      0.0005117945    -0.0000847384    -0.0016199092
       57      0.0007593583     0.0000013867    -0.0011840007
       58      0.0006721901     0.0000074803    -0.0008896628
       59      0.0004050915    -0.0001087368    -0.0009384247
       60      0.0005767022    -0.0002363739    -0.0003919164
       61      0.0009636098     0.0000628905    -0.0012217540
       62      0.0007295063     0.0001433731    -0.0010088832
       63      0.0003104203    -0.0004222860    -0.0008118772
       64      0.0005167962    -0.0003181531    -0.0011395861
       65      0.0011768692    -0.0004718171    -0.0013941263
       66      0.0012982850    -0.0006361904    -0.0012639759
       67      0.0009488921    -0.0003557675    -0.0012166969
       68      0.0006068654    -0.0003460625    -0.0007833977
       69      0.0007427762    -0.0003548622    -0.0006376883
       70      0.0016140747    -0.0002135993    -0.0007741852
       71      0.0004960315    -0.0002845366    -0.0015883987
       72      0.0007721840    -0.0003458129    -0.0006340255
       73      0.0011563070    -0.0004456606    -0.0008239119
       74      0.0008781707    -0.0003885769    -0.0007307090
       75      0.0008127982    -0.0002470764    -0.0012580935
       76      0.0004586874    -0.0004326553    -0.0014206709
       77      0.0000037208    -0.0005595916    -0.0012203152
       78      0.0000850189    -0.0007400900    -0.0010057654
       79      0.0008154303    -0.0004872599    -0.0012347475
       80      0.0016713953    -0.0002899688    -0.0008532776
       81      0.0010670382     0.0002903056    -0.0005696750
       82      0.0005718731     0.0002408064    -0.0004953237
       83      0.0001425757    -0.0003284984    -0.0008787521
       84     -0.0000197676    -0.0000348209    -0.0006902239
       85      0.0001691163     0.0000235302    -0.0009383252
       86      0.0003766909    -0.0006355859    -0.0012100908
       87     -0.0000001104    -0.0005506600    -0.0010098647
       88      0.0003509423    -0.0006542162    -0.0012593089
       89      0.0014965422    -0.0003874065    -0.0014780684
       90      0.0018991200    -0.0003203889    -0.0024431208
       91      0.0018521135     0.0002514058    -0.0017238214
       92      0.0014815462     0.0002405330    -0.0007734738
       93      0.0005229099    -0.0004055310    -0.0012575111
       94     -0.0001961766    -0.0004381546    -0.0012041661
       95      0.0005039186    -0.0000593961    -0.0004614663
       96      0.0004821886    -0.0000620056    -0.0007440296
       97      0.0006865299    -0.0006201214    -0.0009495789
       98      0.0009187394     0.0000379543    -0.0010940830
       99      0.0010681946     0.0000539753    -0.0012021636
      100      0.0017788452     0.0004898248    -0.0010134410
      101      0.0032953207     0.0013310254    -0.0006824046
      102      0.0016881364     0.0009015211    -0.0011865812
      103      0.0013589652     0.0003051614    -0.0004613375
      104      0.0008967973     0.0001476956    -0.0014428158
      105      0.0003535225    -0.0004506833    -0.0007739923
      106      0.0008328185     0.0002622846    -0.0011264705
      107      0.0009942885    -0.0002610843    -0.0014920536
      108      0.0000611021    -0.0007485251    -0.0015435834
      109      0.0003489417    -0.0004865216    -0.0012481637
      110      0.0012475983    -0.0002306492    -0.0019865183
      111      0.0013761317     0.0005759732    -0.0010022588
      112      0.0011279561     0.0004659727    -0.0008160249
      113      0.0010442577     0.0002177843    -0.0008539861
      114      0.0009543115    -0.0000599830    -0.0006438212
      115      0.0008366423    -0.0003665246    -0.0009872577
      116      0.0004212503     0.0001604221    -0.0007994073
      117      0.0009272939    -0.0007680051    -0.0011687122
      118      0.0006175836    -0.0007530729    -0.0010155645
      119      0.0007917846    -0.0000501606    -0.0010304231
      120      0.0010677853     0.0000448314    -0.0006387710
      121      0.0008178829    -0.0001924570    -0.0010361163
      122      0.0010085224    -0.0003756664    -0.0007897589
      123      0.0012478467    -0.0004662191    -0.0011885658
      124      0.0013280955    -0.0008283229    -0.0012539326
      125      0.0014447154    -0.0004563601    -0.0012812709
      126      0.0013095923    -0.0011057598    -0.0013884339
      127      0.0008875824    -0.0010345270    -0.0013723227
      128      0.0006208961    -0.0007092789    -0.0009059084
      129      0.0008724463    -0.0005612768    -0.0008476489
      130      0.0000603758    -0.0006381805    -0.0010374330
      131      0.0011065652     0.0001011582    -0.0014051326
      132      0.0009952000    -0.0002893936    -0.0006946201
      133      0.0013740145    -0.0009354614    -0.0014495771
      134      0.0014386901    -0.0015271639    -0.0022151143
      135      0.0013761918    -0.0007366147    -0.0022796141
      136      0.0020119557    -0.0016648411    -0.0021742689
      137      0.0018351475    -0.0010025090    -0.0018508485
      138      0.0009276786    -0.0002617884    -0.0010581887
      139      0.0008325425    -0.0004997142    -0.0006602495
      140      0.0000293946    -0.0000096366    -0.0015050112
      141      0.0007390502     0.0004390803    -0.0008051258
      142      0.0006999628    -0.0002964285    -0.0009290321
      143      0.0011850819    -0.0009149970    -0.0013978346
      144      0.0018276411    -0.0013723426    -0.0016236584
      145      0.0018225041    -0.0014471972    -0.0021212629
      146      0.0024267280    -0.0021517925    -0.0024417798
      147      0.0023535075    -0.0012632816    -0.0020284823
      148      0.0015043790    -0.0005636558    -0.0011082607
      149      0.0004935452    -0.0002451122    -0.0006978747
      150      0.0006322714    -0.0001326982    -0.0004339383
      151      0.0005869795     0.0000393038    -0.0003049242
      152      0.0004977342    -0.0002501076    -0.0011737846
      153      0.0015624614    -0.0009114139    -0.0015987583
      154      0.0023389554    -0.0009184409    -0.0017507282
      155      0.0023740849    -0.0016172515    -0.0017373112
      156      0.0021740996    -0.0012582346    -0.0023134498
      157      0.0022068423    -0.0008610974    -0.0016799092
      158      0.0016354943    -0.0004206607    -0.0012779296
      159      0.0004437357    -0.0003764855    -0.0007389414
      160      0.0002716418    -0.0001433405    -0.0004911010
      161      0.0011898379     0.0005705256    -0.0008167674
      162      0.0006324823    -0.0005089912    -0.0008899975
      163      0.0012196711    -0.0006341215    -0.0010460611
      164      0.0023329539    -0.0007492511    -0.0015917307
      165      0.0028048915    -0.0011837900    -0.0020364041
      166      0.0023956717    -0.0013830508    -0.0019760706
      167      0.0020562460    -0.0007663078    -0.0019694241
      168      0.0015229625    -0.0006051176    -0.0015289194
      169      0.0008306533    -0.0004852212    -0.0005163304
      170      0.0011180539     0.0004511370    -0.0006350696
      171      0.0006996770     0.0002572287    -0.0008171156
      172      0.0009995116    -0.0000534155    -0.0007935444
      173      0.0016257322    -0.0006301203    -0.0009472644
      174      0.0016591594    -0.0003507589    -0.0008603819
      175      0.0017152122    -0.0007093001    -0.0014216067
      176      0.0015146570    -0.0010619599    -0.0019658682
      177      0.0005674228    -0.0008595972    -0.0018438714
      178      0.0008555815    -0.0007272354    -0.0013504900
      179      0.0004811620    -0.0002705373    -0.0015607904
      180      0.0010523991    -0.0005084229    -0.0013591297
      181      0.0003580822    -0.0001189412    -0.0008941845
      182      0.0005053197    -0.0000909555    -0.0008056708
      183      0.0003539095    -0.0004608385    -0.0006994164
      184      0.0005949051    -0.0002637447    -0.0006825462
      185      0.0007229313     0.0000085694    -0.0007814269
      186      0.0002167041    -0.0003903051    -0.0006477755
      187      0.0003509592    -0.0007659011    -0.0011981861
      188      0.0006951362    -0.0003742892    -0.0011986686
      189      0.0008590812    -0.0000188320    -0.0012631255
      190      0.0012929315    -0.0006594767    -0.0016834288
      191      0.0013406626     0.0001227851    -0.0022591346
      192      0.0008301193     0.0003261219    -0.0016703547
      193      0.0004103631    -0.0004961231    -0.0006117203
      194      0.0006617208    -0.0000104263    -0.0007599265
      195      0.0003040816    -0.0006457752    -0.0007843016
      196      0.0009011371    -0.0002335777    -0.0005300824
      197      0.0013646873    -0.0005260692    -0.0009837210
      198      0.0011009596    -0.0001354279    -0.0012230995
      199      0.0008648624     0.0004695215    -0.0006171130
      200      0.0018515990     0.0010306977    -0.0014811910
      201      0.0021516398     0.0020214702     0.0001806714
      202      0.0013249524     0.0004218627    -0.0003830874
      203      0.0009757880     0.0002954400    -0.0004368696
      204      0.0008684295     0.0002575435    -0.0011182898
      205      0.0003602198     0.0002075846    -0.0006752174
      206      0.0007171610     0.0002452832    -0.0013726482
      207      0.0002705781    -0.0001684106    -0.0018374358
      208      0.0003057274    -0.0005393985    -0.0011484529
      209      0.0004837355    -0.0005077824    -0.0011892634
      210      0.0025571112    -0.0001781515    -0.0003271116
      211      0.0015661049     0.0003423844    -0.0007996796
      212      0.0010895924     0.0006874643    -0.0004165450
      213      0.0008703427    -0.0000752513    -0.0010536715
      214      0.0010605455    -0.0006921604    -0.0012053273
      215      0.0013358224    -0.0006930663    -0.0011409899
      216      0.0015204322    -0.0003973584    -0.0012603292
      217      0.0015079275    -0.0003666874    -0.0015860469
      218      0.0006600409    -0.0005761772    -0.0018399266
      219      0.0005730133    -0.0006707487    -0.0014801885
      220      0.0005490694    -0.0001426425    -0.0012625925
      221      0.0009425920    -0.0004942931    -0.0013103055
      222      0.0010918840    -0.0002561078    -0.0008330260
      223      0.0015814662    -0.0007444181    -0.0011989111
      224      0.0019563200    -0.0011425200    -0.0025583349
      225      0.0014274572    -0.0013064222    -0.0029848690
      226      0.0018644943    -0.0018138722    -0.0025648426
      227      0.0027236912    -0.0014798596    -0.0020677352
      228      0.0017979631    -0.0007071489    -0.0016624281
      229      0.0008955429    -0.0005629341    -0.0009794273
      230      0.0000263828    -0.0007412765    -0.0014518326
      231      0.0005736361    -0.0002784164    -0.0016621074
      232      0.0008330969    -0.0005691880    -0.0009501052
      233      0.0021291995    -0.0013563344    -0.0018377696
      234     -0.0006864486    -0.0024045700    -0.0039355072
      235     -0.0014436280    -0.0029491264    -0.0048259353
      236     -0.0021992424    -0.0025220293    -0.0046684932
      237     -0.0003274703    -0.0020295643    -0.0035443137
      238      0.0024741246    -0.0006954056    -0.0018372076
      239      0.0011063410    -0.0006687558    -0.0006921995
      240      0.0002703817    -0.0000345133    -0.0013037915
      241      0.0002945521    -0.0009872043    -0.0012427599
      242      0.0010494874    -0.0006549660    -0.0009709491
      243      0.0016597086    -0.0015743927    -0.0027762618
      244     -0.0019468923    -0.0021154791    -0.0047981937
      245     -0.0014240975    -0.0019206834    -0.0061010380
      246     -0.0017532915    -0.0021169543    -0.0057237128
      247     -0.0018469373    -0.0022769672    -0.0043825891
      248      0.0022487905    -0.0019250493    -0.0022296800
      249      0.0008708514    -0.0006249355    -0.0010851888
      250      0.0005218954    -0.0004647943    -0.0007295371
      251      0.0005322852    -0.0002321392    -0.0006745436
      252      0.0010509808    -0.0005932739    -0.0007896745
      253      0.0019890492    -0.0021687637    -0.0024577109
      254     -0.0017544997    -0.0026640217    -0.0049023038
      255     -0.0014585182    -0.0019329611    -0.0061257181
      256     -0.0016010977    -0.0018935365    -0.0055776952
      257     -0.0018245046    -0.0019732536    -0.0046401727
      258      0.0020493992    -0.0011079067    -0.0028317279
      259      0.0006931653    -0.0001663195    -0.0012540434
      260      0.0010719068    -0.0003798927    -0.0012206125
      261      0.0006802546     0.0001276443    -0.0001923846
      262      0.0008207156    -0.0002007962    -0.0011334212
      263      0.0026965662    -0.0010311387    -0.0016915639
      264      0.0000715500    -0.0016684203    -0.0038573157
      265     -0.0016675429    -0.0022408792    -0.0048496443
      266     -0.0014987584    -0.0021747621    -0.0046823085
      267      0.0007535425    -0.0016962798    -0.0039829209
      268      0.0027791677    -0.0007633720    -0.0021746317
      269      0.0009629186    -0.0004379944    -0.0011811992
      270      0.0007098713    -0.0009296786    -0.0017604041
      271      0.0008317471     0.0000545675    -0.0007670097
      272      0.0011675713     0.0004436389    -0.0006273135
      273      0.0021870996     0.0000459735    -0.0006393680
      274      0.0029358238    -0.0007780688    -0.0014407763
      275      0.0020495722    -0.0017289645    -0.0023978217
      276      0.0019966648    -0.0017196880    -0.0024580169
      277      0.0020657136    -0.0011873080    -0.0017845727
      278      0.0013983074    -0.0006366347    -0.0008255451
      279      0.0004122899    -0.0001654529    -0.0013407599
      280     -0.0000884008    -0.0008459793    -0.0013930720
      281      0.0010889474     0.0002612066    -0.0013464658
      282      0.0008941691    -0.0000484901    -0.0007066094
      283      0.0007625151    -0.0003286495    -0.0005782292
      284      0.0013741751    -0.0003533807    -0.0006202380
      285      0.0017486312    -0.0003452834    -0.0009979717
      286      0.0012950633    -0.0002267897    -0.0006032319
      287      0.0011822912    -0.0002839206    -0.0011013882
      288      0.0012020942     0.0001244380    -0.0009302438
      289      0.0007195037     0.0004213848    -0.0012980908
      290      0.0014129287     0.0000726208    -0.0012188878
      291      0.0011307917    -0.0003310110    -0.0016645466
      292      0.0010064955     0.0000305149    -0.0005632150
      293      0.0007521636    -0.0000031284    -0.0009633520
      294      0.0009694892    -0.0001565094    -0.0009012687
      295      0.0008432430     0.0000326712    -0.0009716820
      296      0.0008358031     0.0002826128    -0.0008925490
      297      0.0012616463     0.0000384105    -0.0013881706
      298      0.0013401375     0.0003557392    -0.0012572703
      299      0.0007662170     0.0001782704    -0.0006824952
      300      0.0013263046     0.0003194227    -0.0006039152
      301      0.0007821015     0.0004737000    -0.0008594454
      302      0.0005491191    -0.0001304705    -0.0011089380
      303      0.0015023584     0.0000399537    -0.0007513511
      304      0.0009979562     0.0004515778    -0.0009366982
      305      0.0002208680    -0.0004336773    -0.0017894527
      306      0.0003323562    -0.0004776238    -0.0020731557
      307      0.0004160747    -0.0000960467    -0.0009846647
      308      0.0007615850     0.0002728745    -0.0014217442
      309      0.0005082804    -0.0002753367    -0.0012707527
      310      0.0017976412     0.0003993336    -0.0008940556
      311      0.0009889154    -0.0001003913    -0.0003638881
      312      0.0007859904    -0.0000357704    -0.0003826638
      313      0.0011958865    -0.0003441165    -0.0010119519
      314      0.0014140192    -0.0004630967    -0.0010956176
      315      0.0016947339    -0.0003273345    -0.0016037978
      316      0.0014574922    -0.0002983983    -0.0011898110
      317      0.0013339789    -0.0000841259    -0.0007227149
      318      0.0008762086    -0.0000690380    -0.0007145880
      319      0.0006780411    -0.0004179434    -0.0008951645
      320      0.0003821684    -0.0009054585    -0.0010629995
      321      0.0010152481    -0.0001853555    -0.0010067705
      322      0.0004007283    -0.0001203366    -0.0009871802
      323      0.0015344647    -0.0008548636    -0.0015413362
      324      0.0022147973    -0.0010885260    -0.0022333248
      325      0.0020322980    -0.0012304428    -0.0031206850
      326      0.0024180019    -0.0017054422    -0.0027114833
      327      0.0027210151    -0.0010418523    -0.0016278650
      328      0.0018028411    -0.0006603978    -0.0009001738
      329      0.0009815109    -0.0008437800    -0.0009213635
      330      0.0002260404    -0.0007718180    -0.0014910048
      331      0.0006232358    -0.0001724238    -0.0012694943
      332      0.0006167838    -0.0003254367    -0.0008717212
      333      0.0018742171    -0.0014038217    -0.0021663636
      334     -0.0007208262    -0.0021120932    -0.0040900752
      335     -0.0016577187    -0.0026465159    -0.0045207842
      336     -0.0016795716    -0.0024626912    -0.0045542132
      337     -0.0001678173    -0.0019896602    -0.0040931579
      338      0.0024433910    -0.0012331741    -0.0019700693
      339      0.0009116375    -0.0004178516    -0.0010546813
      340      0.0001649625    -0.0004629127    -0.0006542467
      341      0.0003002135    -0.0005720415    -0.0008999260
      342      0.0012202405    -0.0004522241    -0.0013793278
      343      0.0017314040    -0.0017189706    -0.0030584875
      344     -0.0021596119    -0.0025205783    -0.0050860833
      345     -0.0016989550    -0.0023310759    -0.0059858444
      346     -0.0012598347    -0.0023228454    -0.0056678656
      347     -0.0022029791    -0.0024598383    -0.0044647135
      348      0.0023121796    -0.0016430746    -0.0027042067
      349      0.0010908011    -0.0006065839    -0.0010070706
      350      0.0006638276     0.0000041845    -0.0002239548
      351      0.0004546827    -0.0006470625    -0.0008441435
      352      0.0011932079    -0.0009970707    -0.0013687054
      353      0.0024642682    -0.0021236859    -0.0032059188
      354     -0.0021403574    -0.0023421323    -0.0052615465
      355     -0.0016692821    -0.0018473361    -0.0062928322
      356     -0.0015971876    -0.0017695950    -0.0058103170
      357     -0.0018764484    -0.0022553705    -0.0039809185
      358      0.0019015036    -0.0015655788    -0.0019571889
      359      0.0012991681    -0.0001734696    -0.0008429228
      360      0.0012375434     0.0006474898    -0.0006894709
      361      0.0004943247    -0.0000038087    -0.0008662994
      362      0.0011496940    -0.0008702031    -0.0012856427
      363      0.0033542418    -0.0011477943    -0.0025893424
      364      0.0000875235    -0.0021046383    -0.0044405320
      365     -0.0019053318    -0.0024061951    -0.0046282798
      366     -0.0018338556    -0.0022661389    -0.0041667493
      367      0.0002446239    -0.0017087176    -0.0029578148
      368      0.0023792492    -0.0007124213    -0.0012504995
      369      0.0010582463    -0.0001837482    -0.0006378234
      370      0.0002566607    -0.0002709870    -0.0010513189
      371      0.0007308263    -0.0004809192    -0.0011256514
      372      0.0009626127    -0.0001474089    -0.0009879871
      373      0.0017965877     0.0001820584    -0.0013473432
      374      0.0030129612    -0.0008692206    -0.0023141821
      375      0.0021536236    -0.0017124302    -0.0024747398
      376      0.0015875580    -0.0014408687    -0.0018640045
      377      0.0021605630    -0.0008253890    -0.0013985693
      378      0.0015033467    -0.0000741890    -0.0007076444
      379      0.0005631450    -0.0003567255    -0.0007013707
      380     -0.0001626413    -0.0009627516    -0.0013406583
      381      0.0008716270     0.0001833173    -0.0012592919
      382      0.0009334643     0.0001347828    -0.0007056704
      383      0.0004866994    -0.0002092628    -0.0007175180
      384      0.0010937163    -0.0004661315    -0.0011165261
      385      0.0017786882    -0.0006805182    -0.0008782131
      386      0.0015279184     0.0000777249    -0.0005497747
      387      0.0012823363    -0.0000755631    -0.0011619972
      388      0.0012278222    -0.0000099068    -0.0012410060
      389      0.0007561858     0.0000752285    -0.0012857461
      390      0.0001131658    -0.0003126882    -0.0011539817
      391      0.0018692370     0.0004292167    -0.0002996209
      392      0.0007552892     0.0003836706    -0.0005722701
      393      0.0007029757    -0.0000376791    -0.0007124309
      394      0.0007070901    -0.0006643469    -0.0009326184
      395      0.0007218605     0.0002362556    -0.0000747173
      396      0.0011842970     0.0001162211    -0.0002183495
      397      0.0010192257     0.0002173925    -0.0009627343
      398      0.0014853468    -0.0002824484    -0.0005479410
      399      0.0010545801     0.0000301692    -0.0008448239
      400      0.0013702115     0.0002263025     0.0000586010
      401      0.0019846992     0.0001047034    -0.0011457245
      402      0.0005899704    -0.0005720635    -0.0015204458
      403      0.0008294939    -0.0004538497    -0.0009501548
      404      0.0016829681     0.0006607669    -0.0008803614
      405      0.0006129015     0.0003367561    -0.0011063040
      406      0.0001580276    -0.0000016545    -0.0010261681
      407      0.0006716235     0.0003149246    -0.0000609963
      408      0.0010673554     0.0000609823    -0.0001848603
      409     -0.0000816763    -0.0005344767    -0.0010628425
      410      0.0009856037    -0.0006520711    -0.0014066439
      411      0.0011229033     0.0002080048    -0.0005248042
      412      0.0009790957    -0.0002903283    -0.0006668735
      413      0.0012126145    -0.0006138160    -0.0009558811
      414      0.0014872953    -0.0000495521    -0.0012432600
      415      0.0006325609     0.0003429748    -0.0009592718
      416      0.0006489899    -0.0003234768    -0.0006849722
      417      0.0008373870    -0.0002762361    -0.0004537089
      418      0.0008302829    -0.0002580054    -0.0004114917
      419      0.0008072160    -0.0006551662    -0.0010021025
      420      0.0006520262    -0.0006732129    -0.0015538719
      421      0.0009854280    -0.0003690941    -0.0007583300
      422      0.0007374256    -0.0004910453    -0.0007510065
      423      0.0014579068    -0.0010348608    -0.0013290060
      424      0.0018518061    -0.0009172488    -0.0013424068
      425      0.0019866087    -0.0003220944    -0.0011482572
      426      0.0017828384    -0.0008352154    -0.0012760930
      427      0.0013637715    -0.0002669659    -0.0012061393
      428      0.0008118786    -0.0004721685    -0.0007472823
      429      0.0008998992    -0.0004854258    -0.0009807603
      430      0.0007383981    -0.0002106649    -0.0015107784
      431      0.0002772904    -0.0003663238    -0.0012789310
      432      0.0006280023    -0.0005689369    -0.0008465589
      433      0.0010767471    -0.0009297803    -0.0016764889
      434      0.0020205928    -0.0013243433    -0.0020274223
      435      0.0025915747    -0.0011096269    -0.0022231377
      436      0.0024701335    -0.0013283474    -0.0020055008
      437      0.0015531279    -0.0005608577    -0.0017348348
      438      0.0011220917    -0.0008513350    -0.0013225741
      439      0.0010127503    -0.0002117035    -0.0004565285
      440      0.0012698801     0.0002022067    -0.0009597803
      441      0.0003036626    -0.0001879918    -0.0013883708
      442      0.0011923943    -0.0004021301    -0.0012607012
      443      0.0015617604    -0.0006573426    -0.0015917392
      444      0.0020196249    -0.0014295230    -0.0018058224
      445      0.0022356118    -0.0016517976    -0.0025133495
      446      0.0022156023    -0.0016334709    -0.0025919102
      447      0.0017449059    -0.0009057670    -0.0019393323
      448      0.0014483457    -0.0006147618    -0.0009849630
      449      0.0014898377    -0.0000009495    -0.0006272617
      450      0.0014840260     0.0007366446    -0.0000145644
      451      0.0008621597    -0.0000324103    -0.0015448195
      452      0.0011263906    -0.0008874452    -0.0016231257
      453      0.0022412481    -0.0014381499    -0.0017152648
      454      0.0025963842    -0.0015536003    -0.0020454374
      455      0.0020351100    -0.0014469194    -0.0020046605
      456      0.0022703288    -0.0016316206    -0.0019172126
      457      0.0022586811    -0.0009088851    -0.0020116370
      458      0.0016220208    -0.0007360106    -0.0010014455
      459      0.0013334007    -0.0001952830    -0.0003723216
      460      0.0010744650     0.0004871882    -0.0000980790
      461      0.0006632327     0.0000216055    -0.0015510834
      462      0.0011553439    -0.0004829959    -0.0012081513
      463      0.0024218239    -0.0006952066    -0.0018073626
      464      0.0026893326    -0.0011620195    -0.0018681906
      465      0.0024605366    -0.0009028069    -0.0016267647
      466      0.0025049823    -0.0011323071    -0.0012568459
      467      0.0021901595    -0.0007737498    -0.0012281879
      468      0.0014289553    -0.0003340849    -0.0010250689
      469      0.0007133855    -0.0000726371    -0.0004726273
      470      0.0006952776    -0.0000102444    -0.0015075219
      471      0.0001758224     0.0000160722    -0.0015767081
      472      0.0002647461    -0.0001336342    -0.0011126176
      473      0.0012473106    -0.0000849888    -0.0012327940
      474      0.0018818418    -0.0003506414    -0.0011769014
      475      0.0018764359    -0.0005045760    -0.0013860641
      476      0.0017274332    -0.0007697700    -0.0012784414
      477      0.0014388991    -0.0004283914    -0.0008605336
      478      0.0010643867    -0.0001024771    -0.0007907922
      479      0.0003743180    -0.0002935066    -0.0009639173
      480      0.0001438891    -0.0002236586    -0.0013466428
      481      0.0003122602    -0.0005037605    -0.0013410176
      482      0.0003508690    -0.0001661336    -0.0008878623
      483      0.0002385867    -0.0000863040    -0.0006306410
      484      0.0006135731     0.0000856922    -0.0005816327
      485      0.0010542920     0.0000082623    -0.0007483805
      486      0.0013117556    -0.0003808992    -0.0006197996
      487      0.0011244839    -0.0001371095    -0.0009704768
      488      0.0009462814    -0.0004866052    -0.0009239501
      489      0.0006053723    -0.0003654425    -0.0008162226
      490      0.0003074700    -0.0005119919    -0.0016652309
      491      0.0003841603    -0.0007179436    -0.0015091385
      492      0.0006462835     0.0000408587    -0.0007351365
      493      0.0005969433     0.0001060815    -0.0004670576
      494      0.0008715135     0.0000658001    -0.0005594901
      495      0.0009954588     0.0002710846    -0.0007228685
      496      0.0011641046    -0.0003640244    -0.0013764957
      497      0.0012422482    -0.0001925506    -0.0008716188
      498      0.0010920955     0.0001802580    -0.0005824736
      499      0.0008216766    -0.0000216737    -0.0012388673
      500      0.0011173971     0.0001833489    -0.0019823444
      501      0.0015338988     0.0009046731    -0.0006383891
      502      0.0011922952    -0.0000718279    -0.0014722472
      503      0.0008281236    -0.0002653228    -0.0017422404
      504      0.0014972868     0.0000645988    -0.0008353643
      505      0.0014259221     0.0002104613    -0.0008533979
      506      0.0013301471    -0.0001567831    -0.0005039086
      507      0.0005592744     0.0001501569    -0.0005249671
      508      0.0009598931    -0.0001469491    -0.0002098497
      509      0.0005730010    -0.0002537190    -0.0006342344
      510      0.0004017096    -0.0012820365    -0.0014441697
      511      0.0013191973     0.0003961290    -0.0009016223
      512      0.0006314171    -0.0004352836    -0.0009786801
      513      0.0009658878    -0.0005321855    -0.0015869558
      514      0.0011649668    -0.0004352996    -0.0007459544
      515      0.0009034435     0.0003438367    -0.0006395106
      516      0.0007446091    -0.0000394495    -0.0008813063
      517      0.0007488827     0.0002321645    -0.0008665864
      518      0.0006767839     0.0003585095    -0.0005917302
      519      0.0010391959     0.0000723321    -0.0010929096
      520      0.0005439569    -0.0004900465    -0.0014265724
      521      0.0006931341    -0.0001321446    -0.0010987075
      522      0.0007723999    -0.0004378700    -0.0009690824
      523      0.0010471259    -0.0007414960    -0.0010923763
      524      0.0008373717    -0.0005069990    -0.0013492151
      525      0.0003998506    -0.0002118913    -0.0008210793
      526      0.0003403228    -0.0004046184    -0.0009195065
      527      0.0006937481    -0.0001702473    -0.0009226304
      528      0.0007016712    -0.0000218787    -0.0006376044
      529      0.0008764192     0.0001157891    -0.0010354748
      530      0.0005702854     0.0001672384    -0.0011416868
      531      0.0005916685    -0.0000871635    -0.0015305152
      532      0.0006809006    -0.0005665189    -0.0007689302
      533      0.0005711376    -0.0001505969    -0.0011537281
      534      0.0009300062    -0.0009257396    -0.0014699065
      535      0.0009016183    -0.0006202544    -0.0018918044
      536      0.0006215213    -0.0010239375    -0.0020473959
      537      0.0003219797    -0.0001829868    -0.0014109472
      538      0.0007822906    -0.0003526258    -0.0009025935
      539      0.0011117788     0.0001633827    -0.0003177663
      540      0.0014720046     0.0007418099    -0.0003032539
      541      0.0006499802    -0.0001380776    -0.0006855680
      542      0.0010107024    -0.0004938420    -0.0006815447
      543      0.0009476776    -0.0003137036    -0.0014229112
      544      0.0004137545    -0.0001249663    -0.0012336271
      545      0.0006554156    -0.0005538746    -0.0013059959
      546      0.0005119756    -0.0011219902    -0.0016375230
      547      0.0005774539    -0.0002496674    -0.0014488278
      548      0.0009062110    -0.0002186625    -0.0008972202
      549      0.0016911718     0.0000744588    -0.0003824409
      550      0.0015026731     0.0008223779    -0.0003200976
      551      0.0013329781     0.0001524594    -0.0001936746
      552      0.0010164469    -0.0004138795    -0.0008308211
      553      0.0010901461    -0.0007701046    -0.0013960386
      554      0.0008117353    -0.0004893033    -0.0013176272
      555      0.0005720055    -0.0001820480    -0.0011767188
      556      0.0004735874    -0.0007520053    -0.0011807768
      557      0.0009906836    -0.0003590769    -0.0014788856
      558      0.0012479988     0.0000567680    -0.0009021389
      559      0.0011977021    -0.0000052550    -0.0002713657
      560      0.0010392516     0.0005226576    -0.0002445633
      561      0.0011750239     0.0009822364    -0.0000334227
      562      0.0006814634    -0.0001168011    -0.0009492089
      563      0.0009895890    -0.0006088500    -0.0014002697
      564      0.0014638363    -0.0004558341    -0.0009866667
      565      0.0015277766     0.0000662908    -0.0010867258
      566      0.0010732581    -0.0000962810    -0.0011262125
      567      0.0009461536    -0.0002743939    -0.0007649495
      568      0.0009499539    -0.0002825920    -0.0007919783
      569      0.0005712345    -0.0004726407    -0.0006330610
      570      0.0002292226     0.0001272280    -0.0018318199
      571      0.0003748561    -0.0003791689    -0.0012892911
      572      0.0000880792    -0.0002454855    -0.0007958901
      573      0.0002959334    -0.0001459835    -0.0010624311
      574      0.0007807514     0.0000792135    -0.0010792404
      575      0.0011239752     0.0002607730    -0.0007730571
      576      0.0010258893    -0.0005915942    -0.0007882111
      577      0.0008936803    -0.0003627242    -0.0004368369
      578      0.0006449928    -0.0000889099    -0.0007442623
      579      0.0003039497    -0.0002729439    -0.0011937316
      580     -0.0001144865    -0.0004660024    -0.0008991124
      581      0.0003381462    -0.0007806226    -0.0017080118
      582      0.0002542863    -0.0003261266    -0.0009953714
      583      0.0004884494     0.0000985953    -0.0003550546
      584      0.0005104544    -0.0000520630    -0.0003813009
      585      0.0005312374    -0.0002479728    -0.0008046915
      586      0.0010822416    -0.0005275769    -0.0011254203
      587      0.0010169125    -0.0002566308    -0.0007362423
      588      0.0004230652     0.0000004458    -0.0004834295
      589      0.0003828796    -0.0001349663    -0.0009607699
      590      0.0011020857     0.0002534013    -0.0011976553
      591      0.0004250547    -0.0005510420    -0.0013468407
      592      0.0007246730    -0.0003680945    -0.0008870733
      593      0.0011859649     0.0000566962    -0.0004717523
      594      0.0016925998    -0.0000548038    -0.0002118343
      595      0.0007259894    -0.0001495271    -0.0009441380
      596      0.0006042246    -0.0003779849    -0.0017761268
      597      0.0007616853    -0.0003789877    -0.0007103330
      598      0.0009190412     0.0006517289    -0.0006942334
      599      0.0009550437     0.0000882122    -0.0009690042
      600      0.0005090567    -0.0003749666    -0.0021559253
