
 PRINT EPEL NODAL SOLUTION PER NODE

 *** ANSYS - ENGINEERING ANALYSIS SYSTEM  RELEASE Release 17.2     17.2     ***
 ANSYS Academic Research                           
 00210476  VERSION=LINUX x64     17:59:09  JUL 26, 2019 CP=      0.606

                                                                               


 
  ***** POST1 NODAL ELASTIC STRAIN LISTING *****                               
 
  LOAD STEP=     1  SUBSTEP=     1                                             
   TIME=    1.0000      LOAD CASE=   0                                         
 
  THE FOLLOWING X,Y,Z VALUES ARE IN GLOBAL COORDINATES                         
 
    NODE       EPELX          EPELY          EPELZ          EPELXY         EPELYZ         EPELXZ  
       1   -0.0001220907   0.0060308885  -0.0028279289   0.0053850037   0.0034131965  -0.0020459418
       2   -0.0000364278   0.0020969015   0.0002661872   0.0020809687  -0.0003708949   0.0010090498
       3   -0.0019290886   0.0004829272   0.0024798765   0.0029117098   0.0008258784   0.0004435646
       4   -0.0014678615   0.0003820650   0.0005823885   0.0010442852   0.0021691925  -0.0014478703
       5   -0.0014489004  -0.0006307076   0.0003543460  -0.0016536318   0.0005595081   0.0001646897
       6   -0.0002540024  -0.0003242615  -0.0010448173  -0.0002644457   0.0016632497  -0.0008896530
       7   -0.0006569060   0.0002329128  -0.0004671514  -0.0008701390  -0.0006309322  -0.0007917624
       8   -0.0005160827   0.0000235290  -0.0002606328  -0.0006436542   0.0012968980   0.0002624296
       9    0.0002206084   0.0005640806  -0.0016576230  -0.0012085428   0.0000978736  -0.0021137984
      10    0.0008070968   0.0015392505  -0.0021948361   0.0000710660  -0.0006369498   0.0003530110
      11   -0.0015569685   0.0025202628   0.0000640801  -0.0035409475  -0.0063001633   0.0001301220
      12    0.0009741851   0.0003599621   0.0010954562   0.0055466738   0.0008798371   0.0016701771
      13    0.0004452518   0.0009820999   0.0003712686   0.0022377530   0.0022102338   0.0003324285
      14   -0.0012193335   0.0014143518   0.0006111076   0.0010945783   0.0004404644   0.0005224065
      15   -0.0009906683  -0.0001327717   0.0007165963   0.0004172191   0.0005528244   0.0002196242
      16   -0.0008656740  -0.0004420551  -0.0000627915  -0.0003001328   0.0011682481  -0.0001336076
      17   -0.0006522343  -0.0005051926  -0.0000748571  -0.0001745668   0.0001394657  -0.0006021186
      18   -0.0004151601   0.0000406162  -0.0004260221  -0.0004553878   0.0012777172   0.0000445811
      19   -0.0003689051   0.0002317695  -0.0005886623  -0.0004111424   0.0007506896  -0.0006524275
      20   -0.0003682098   0.0000507639  -0.0001789762  -0.0008848183  -0.0009531412  -0.0007676251
      21    0.0002266621  -0.0004170892   0.0003951774  -0.0004212392  -0.0003037248  -0.0009007148
      22    0.0012299400   0.0003061022  -0.0009659900  -0.0025278319   0.0012504709  -0.0000844424
      23    0.0007015422  -0.0002134415   0.0000718392   0.0005927748  -0.0002892999   0.0007579339
      24    0.0002118664   0.0001325472   0.0000030809   0.0011544857   0.0006580924   0.0008052295
      25   -0.0006731686   0.0001855482   0.0004782193   0.0006083270   0.0011317366   0.0009797116
      26   -0.0008833304   0.0002826107   0.0000337122  -0.0002732494   0.0010607123   0.0013183731
      27   -0.0009449535  -0.0005519706   0.0005844111   0.0002186470   0.0005292550   0.0022615793
      28   -0.0004389763  -0.0002647627  -0.0001960500   0.0005804200   0.0004304713   0.0005157153
      29   -0.0005598923  -0.0003021700  -0.0002350804  -0.0001444950   0.0001720733   0.0002223644
      30   -0.0005542510  -0.0004440717  -0.0002056920  -0.0007598118  -0.0009779408  -0.0001825550
      31   -0.0004361772   0.0000141809  -0.0003280481  -0.0006557770   0.0003409049   0.0001052080
      32   -0.0000573552   0.0003993740  -0.0007114985  -0.0005438390   0.0002334827   0.0002307567
      33    0.0002285295   0.0001404086  -0.0007762692   0.0000259025  -0.0013633353  -0.0007217175
      34   -0.0008044873   0.0004496978  -0.0001121747   0.0012787471   0.0017197597   0.0020504609
      35   -0.0004113657  -0.0000666358   0.0001176636   0.0009726902   0.0003078103   0.0003760667
      36   -0.0004454036   0.0001584960  -0.0003308508   0.0008564958   0.0013503302   0.0006284469
      37   -0.0007757679  -0.0003810513  -0.0000147486   0.0002448415   0.0011569230   0.0013520605
      38   -0.0007492773  -0.0001797042  -0.0002381728   0.0002925945   0.0012527960   0.0019762052
      39   -0.0010677385  -0.0002495343   0.0000315538   0.0002416546  -0.0004578584   0.0020114469
      40   -0.0007187294  -0.0008837935  -0.0001877420  -0.0001066577  -0.0012026644   0.0007585594
      41   -0.0008503136  -0.0008455403   0.0000811514  -0.0006865554  -0.0002429155   0.0001028045
      42   -0.0006600343  -0.0000699867  -0.0002031044   0.0002200791  -0.0008251563   0.0006652130
      43   -0.0004837416  -0.0000733074  -0.0002465336   0.0012953617   0.0004927037  -0.0010516062
      44   -0.0007465677  -0.0002412098  -0.0000004717   0.0004664836  -0.0001395015  -0.0019749799
      45   -0.0002508576  -0.0008119764   0.0015362916   0.0012888510  -0.0003590771  -0.0000268548
      46   -0.0003474018  -0.0000742826   0.0005052288   0.0005710342   0.0015815384   0.0006298784
      47   -0.0007478708   0.0000478937  -0.0000794738   0.0001079971   0.0020096851   0.0010146502
      48   -0.0008092902  -0.0001372733  -0.0004714082   0.0002177065   0.0021339072   0.0004720268
      49   -0.0009460683  -0.0002365674  -0.0003671048   0.0008863447  -0.0000156522   0.0005805096
      50   -0.0010069337  -0.0005419871  -0.0001961725  -0.0001725266  -0.0007337899   0.0012748869
      51   -0.0010389824  -0.0004166599  -0.0004817942  -0.0001855723  -0.0012038465   0.0011535992
      52   -0.0003385316  -0.0007623362  -0.0002563777   0.0005352185  -0.0023323620   0.0006943443
      53   -0.0001132316  -0.0004733352  -0.0000220492   0.0005907468  -0.0007403081  -0.0001203938
      54   -0.0003185376  -0.0000465593  -0.0000877633   0.0005282977  -0.0017760177  -0.0002480213
      55    0.0000136202  -0.0006891356   0.0001732931   0.0004161395  -0.0009679951  -0.0019219860
      56   -0.0002239290  -0.0006696258   0.0020273986   0.0001752850   0.0015169047   0.0007901693
      57   -0.0003397864   0.0002607797   0.0002210568   0.0001348909   0.0019625083   0.0002904702
      58   -0.0009486520   0.0001534088  -0.0002930879  -0.0002416694   0.0014015902   0.0007756255
      59   -0.0008279480  -0.0000039665  -0.0003196448  -0.0002400838   0.0015251825   0.0001280811
      60   -0.0007555215  -0.0005094770   0.0002721174  -0.0003492068   0.0007696570  -0.0001752512
      61   -0.0004334242  -0.0008618681  -0.0000063319   0.0000947836  -0.0007755962  -0.0002865213
      62   -0.0003422856  -0.0010750028   0.0001239407  -0.0002198098  -0.0024864290  -0.0001034887
      63   -0.0001185949  -0.0006150593  -0.0000220110   0.0000463791  -0.0011672299   0.0002524675
      64    0.0003925819  -0.0004742978  -0.0004968796   0.0003988164  -0.0014770915  -0.0000245906
      65    0.0002621376  -0.0008205787   0.0002372746   0.0005434994  -0.0007387375   0.0004359076
      66   -0.0002933719  -0.0005827221   0.0008726308   0.0013279368   0.0000370898  -0.0011467688
      67    0.0001427944  -0.0005884283   0.0008706580  -0.0002438857   0.0022794524   0.0011921267
      68   -0.0001669703  -0.0000355374   0.0001056567  -0.0013195194   0.0012480486  -0.0002332271
      69   -0.0005832627  -0.0004394260   0.0001297827  -0.0006797242   0.0004219021   0.0003275436
      70   -0.0004996212  -0.0005848870   0.0001250489  -0.0002351194   0.0012527715  -0.0010825514
      71   -0.0000278973  -0.0003373054  -0.0002479730  -0.0004242857   0.0012560884  -0.0004346753
      72   -0.0000028660  -0.0006939166   0.0000108397  -0.0009657213   0.0001220403  -0.0025704458
      73    0.0003401020  -0.0005980407  -0.0004524520  -0.0003958561  -0.0009201449  -0.0011283182
      74   -0.0002004424  -0.0004373701   0.0001929587   0.0001715854  -0.0020679619  -0.0006040232
      75   -0.0000585884  -0.0006015157   0.0002539963   0.0002995744  -0.0008381355  -0.0006460855
      76    0.0007175683  -0.0004881508  -0.0003087031   0.0008187478  -0.0007133037  -0.0009637765
      77    0.0001562108  -0.0006848732   0.0008160134   0.0016111929  -0.0010093085  -0.0006518518
      78    0.0006888036  -0.0008065204  -0.0006683620  -0.0023665292  -0.0033386140   0.0004916818
      79   -0.0002334747  -0.0008861410   0.0006406618  -0.0017741095   0.0005793718   0.0005969643
      80    0.0005420868  -0.0005342838  -0.0003529696  -0.0015058246   0.0005422617  -0.0001506697
      81    0.0000660418  -0.0006737765   0.0000529681   0.0002025748   0.0003653530  -0.0010790552
      82   -0.0000070109  -0.0001803085  -0.0004535566  -0.0000463074   0.0001160083  -0.0027143377
      83   -0.0006047537  -0.0002064201  -0.0000333177  -0.0008259838   0.0002369986  -0.0021516906
      84   -0.0005746589  -0.0006616614   0.0001372507  -0.0003088266  -0.0007857100  -0.0014760337
      85   -0.0005794664  -0.0004840075  -0.0000823235  -0.0002205280   0.0000150546  -0.0010455353
      86   -0.0004886883   0.0005107784  -0.0008570357   0.0003496899  -0.0007865174  -0.0000478071
      87   -0.0007654615   0.0007688072  -0.0000038238   0.0014195317  -0.0011784478  -0.0013409796
      88    0.0004628092   0.0012346567  -0.0011202464   0.0016596374  -0.0032010423  -0.0013339772
      89   -0.0012053200   0.0003050313   0.0006056713  -0.0035166652   0.0021885527  -0.0002413631
      90    0.0005655118   0.0001933212  -0.0008787164  -0.0009019622   0.0000377839   0.0005853950
      91    0.0005921454  -0.0004300980  -0.0004291071  -0.0000443447   0.0003519645  -0.0004456883
      92    0.0003708817  -0.0004281097  -0.0004837390  -0.0005123299  -0.0009508562  -0.0002752406
      93   -0.0006638114  -0.0005746100   0.0006324269  -0.0001986616   0.0004349831  -0.0010447556
      94   -0.0007612649  -0.0000715549  -0.0002425989  -0.0004586766   0.0011493754  -0.0011861008
      95   -0.0010018321   0.0000373091  -0.0005855885  -0.0008456538   0.0007395123  -0.0011810235
      96   -0.0009323334  -0.0002621917  -0.0004455350  -0.0000507919  -0.0005214039   0.0000595087
      97   -0.0009520337   0.0003215618  -0.0004942604   0.0008308625  -0.0006512446  -0.0001706488
      98   -0.0010122706   0.0005692274   0.0000401055   0.0026005206  -0.0013100349  -0.0006369203
      99   -0.0013285373   0.0003251649   0.0008352519   0.0033344620  -0.0000374077  -0.0027782553
     100    0.0012971179   0.0016147458  -0.0023281803   0.0005466790  -0.0003096221   0.0028977085
     101    0.0003972328   0.0007295279  -0.0005184287  -0.0006828736  -0.0014997004  -0.0004515000
     102    0.0003593683  -0.0003879607  -0.0002061190  -0.0005720072  -0.0012649997   0.0000258299
     103   -0.0000636674  -0.0007275858  -0.0004057760  -0.0002226791   0.0002174981   0.0000523966
     104   -0.0004795018  -0.0006214632   0.0002644820  -0.0013279961  -0.0007760976   0.0005005051
     105   -0.0002079699  -0.0002013331  -0.0002295608  -0.0008045140   0.0006049751  -0.0004270121
     106   -0.0012243679  -0.0001191713   0.0002843797  -0.0000329056   0.0011404275   0.0016953546
     107   -0.0010203112   0.0005273209  -0.0005429541   0.0005924223   0.0000007410  -0.0004781962
     108   -0.0006779281   0.0006002073  -0.0004595039   0.0021653097  -0.0010896813   0.0002098921
     109   -0.0010873456   0.0012950544  -0.0002222306   0.0011619848  -0.0018522983  -0.0004870053
     110   -0.0018081334   0.0019971709   0.0000063820   0.0000887626  -0.0033680835  -0.0008198964
     111    0.0032276969   0.0000305620  -0.0028785610  -0.0006895545  -0.0026072245   0.0001209928
     112    0.0008556897   0.0006631029  -0.0008546410  -0.0018030520  -0.0029883132   0.0013493412
     113    0.0003312615  -0.0000946615  -0.0003323634  -0.0019476015  -0.0013900223  -0.0004480970
     114   -0.0000878792  -0.0009752544  -0.0004261812  -0.0001451643  -0.0015422530   0.0006375840
     115   -0.0004524213  -0.0006133876   0.0001380883  -0.0018498802   0.0010163636   0.0004328900
     116   -0.0006855340  -0.0000312889   0.0005464276   0.0001222531  -0.0002162967  -0.0004566858
     117    0.0010301403   0.0008646880  -0.0024983367  -0.0001274401   0.0011108576   0.0018849849
     118   -0.0018401429   0.0003269950   0.0010028680   0.0003329161   0.0010339470   0.0008390494
     119    0.0000168982   0.0010945013  -0.0012200910   0.0027248802  -0.0016949379   0.0015722547
     120   -0.0006682030   0.0001136939   0.0011421267   0.0003921189  -0.0025098277   0.0010495752
     121   -0.0013349506  -0.0009468851   0.0035370647  -0.0017603119  -0.0006075422  -0.0003855744
     122    0.0021138309   0.0013455582   0.0000530160   0.0028826640   0.0074061891   0.0025796529
     123    0.0003266299   0.0011124295   0.0010610254   0.0034732054   0.0029248042  -0.0000596565
     124   -0.0013300878   0.0008280698   0.0016703420   0.0015302830   0.0012566286  -0.0022062216
     125   -0.0001940923  -0.0003719233   0.0005154281   0.0002578293   0.0007354181  -0.0015230662
     126   -0.0012525803  -0.0005074292   0.0005800095   0.0013266907  -0.0002193927  -0.0013177582
     127   -0.0008118022   0.0002652198  -0.0004905883  -0.0010568397   0.0005242322  -0.0010489342
     128   -0.0002527060   0.0001402614  -0.0005306819   0.0001518100   0.0009173023  -0.0008848014
     129   -0.0007523198   0.0007879088  -0.0011596463  -0.0008477232   0.0007726127  -0.0009081498
     130    0.0005063200  -0.0002312019  -0.0016157726  -0.0012703423  -0.0008924552   0.0007507998
     131   -0.0000373560  -0.0001233809  -0.0003523357  -0.0006885291   0.0011464228   0.0021632438
     132    0.0016211568  -0.0007885088  -0.0008037454   0.0002659564   0.0012258320  -0.0044651768
     133    0.0010367075   0.0012365272   0.0001650139   0.0009094978   0.0015854979   0.0028398305
     134    0.0004606775   0.0008191007   0.0005038779   0.0011033415   0.0016223951  -0.0002721371
     135   -0.0004229246   0.0005447814   0.0007551843   0.0012367008   0.0010265480  -0.0004775350
     136   -0.0003295917  -0.0001802731   0.0004893217   0.0001177800   0.0002145869  -0.0000395087
     137   -0.0002515986  -0.0007981202   0.0001724450   0.0004064046   0.0008989197   0.0004046300
     138   -0.0007745858  -0.0001240310   0.0000778003   0.0002037822   0.0003016057  -0.0001225875
     139   -0.0003191782   0.0005401291  -0.0008734058  -0.0000433046   0.0010568442  -0.0002261000
     140   -0.0002114731  -0.0000918807  -0.0007033367  -0.0012537221   0.0008434454  -0.0007017425
     141    0.0002324121  -0.0004314015  -0.0006812969  -0.0009984180   0.0002692263  -0.0000868369
     142    0.0000667075   0.0002824409  -0.0005180565  -0.0005274374  -0.0010759716   0.0001551602
     143    0.0009313421   0.0004571863  -0.0012274332   0.0004619838  -0.0013523542  -0.0015845961
     144    0.0005202742   0.0005565203  -0.0006620357   0.0018105394   0.0010637388   0.0002103329
     145    0.0000980977   0.0004684828  -0.0002478136   0.0005704723   0.0013296984   0.0007938880
     146   -0.0003699720   0.0004107855   0.0000322509   0.0007446062   0.0016461830  -0.0002988190
     147   -0.0006092913   0.0000266897   0.0002362809   0.0002296515   0.0012303877   0.0009952968
     148   -0.0003269995  -0.0006307437   0.0003372731   0.0001571734   0.0003991385   0.0019310157
     149   -0.0000765918  -0.0003095580  -0.0003402938   0.0002825328   0.0000357491   0.0012952473
     150   -0.0002537497  -0.0003670682  -0.0004191318  -0.0003568102  -0.0001659188   0.0005419515
     151   -0.0003455883  -0.0003499268  -0.0004907467  -0.0009012147  -0.0005962749   0.0000145307
     152   -0.0004376432   0.0002422599  -0.0005509668  -0.0007445922  -0.0003780299  -0.0003926059
     153    0.0001693259  -0.0000529708  -0.0005469288  -0.0001794002   0.0001126623  -0.0003158250
     154    0.0000612829  -0.0006957439   0.0001454475  -0.0005913228  -0.0001558171   0.0000909710
     155    0.0000010997  -0.0008895424   0.0005029357  -0.0007381231   0.0006866574   0.0019671174
     156   -0.0000608083  -0.0004105156   0.0001969278   0.0000695662   0.0005961687   0.0010432138
     157   -0.0005909437   0.0000455708   0.0000410338   0.0009023648   0.0015122736   0.0004460278
     158   -0.0008069104   0.0001126171  -0.0004509544   0.0007843379   0.0021690578   0.0016445230
     159   -0.0011602429  -0.0000885279   0.0000413560   0.0004115897   0.0009891890   0.0022398725
     160   -0.0005598600  -0.0008231075   0.0001220195   0.0000692256  -0.0007401095   0.0025306109
     161   -0.0006431942  -0.0010311799   0.0000855875  -0.0005844917  -0.0015045731   0.0009763829
     162   -0.0005931071  -0.0006815712  -0.0000231813  -0.0005744990  -0.0010161338   0.0007042813
     163   -0.0007860272   0.0002904516  -0.0002522984  -0.0001821073  -0.0006514862   0.0009512501
     164   -0.0006192383   0.0002504777  -0.0005285797  -0.0003142067   0.0002446862  -0.0005465405
     165   -0.0007299785  -0.0004139280  -0.0001253408   0.0004167613   0.0006413043  -0.0015565340
     166   -0.0014532476   0.0003907159   0.0013431594  -0.0002019569  -0.0000820334   0.0016769751
     167   -0.0007313340   0.0005158013   0.0002149654   0.0007462347   0.0008381746   0.0003972045
     168   -0.0004842396   0.0001541092  -0.0003912308   0.0001173386   0.0015653569   0.0009564941
     169   -0.0005813206  -0.0004775203  -0.0003514851   0.0005135377   0.0020211414   0.0009207438
     170   -0.0010408372  -0.0006628481   0.0000715724   0.0006862196   0.0011623614   0.0013825869
     171   -0.0015893700  -0.0004981515   0.0002924758   0.0000269732  -0.0006392068   0.0016643858
     172   -0.0013044434  -0.0009875114   0.0005794284  -0.0004572702  -0.0028081996   0.0018362671
     173   -0.0002408369  -0.0008414258   0.0000891022  -0.0000103347  -0.0019929820   0.0007376659
     174   -0.0003125707  -0.0000518770  -0.0001069478   0.0003850964  -0.0011038267   0.0002190093
     175   -0.0001482833  -0.0001141493  -0.0002385576  -0.0005212766  -0.0013085966  -0.0004699744
     176   -0.0005546243   0.0001917710  -0.0002431625  -0.0005361553  -0.0009281421  -0.0012400217
     177   -0.0003941125   0.0003678249   0.0007668005   0.0006838760  -0.0003264087  -0.0001303269
     178   -0.0007692907   0.0005569044   0.0001887499  -0.0000482143   0.0001359872   0.0001840878
     179   -0.0010490974   0.0003074445  -0.0002434021  -0.0004264464   0.0015693345   0.0004764445
     180   -0.0011206791  -0.0000612633   0.0001594084  -0.0003483540   0.0020595119   0.0001782760
     181   -0.0007668447  -0.0010645914   0.0008068696   0.0002337163   0.0015364873  -0.0002084398
     182   -0.0011616885  -0.0014327596   0.0011572781  -0.0002209214  -0.0010464077  -0.0003019923
     183   -0.0009554519  -0.0011065076   0.0008106794  -0.0000556275  -0.0025664414   0.0004395583
     184   -0.0004159143  -0.0003530473   0.0002032472   0.0006813808  -0.0026428077   0.0002096597
     185   -0.0000975781  -0.0004792085   0.0001185180   0.0003239991  -0.0014091693   0.0000601532
     186   -0.0001083536  -0.0000023924  -0.0002271245   0.0000391580  -0.0001726008  -0.0001878856
     187   -0.0002571462   0.0000314395   0.0001496838  -0.0009083952   0.0002792804  -0.0003155525
     188    0.0003576175  -0.0010153542   0.0011864876  -0.0020244339  -0.0004912736  -0.0014276620
     189    0.0000619292  -0.0005592179   0.0003953995  -0.0013047819   0.0005369708   0.0005426702
     190   -0.0007342522   0.0000631618  -0.0001629735  -0.0007140753   0.0009075247   0.0002985677
     191   -0.0009682767   0.0000686951   0.0002015439  -0.0001090284   0.0016446639  -0.0007753781
     192   -0.0007901823  -0.0006380215   0.0009048631  -0.0004959019   0.0015420484  -0.0028446071
     193   -0.0003227864  -0.0010664577   0.0005766708  -0.0006868301  -0.0002159186  -0.0026260748
     194    0.0001587732  -0.0011551890   0.0002193849   0.0004679471  -0.0017076677  -0.0017677152
     195   -0.0005256778  -0.0003076192   0.0003998925   0.0001265499  -0.0020185209  -0.0009548574
     196    0.0001355344  -0.0002762723  -0.0002519110   0.0002230320  -0.0016845096  -0.0005809479
     197    0.0002237083  -0.0005191595   0.0002219000   0.0003855777  -0.0004329332  -0.0009097323
     198    0.0006143443  -0.0006490372   0.0003211987  -0.0004685301   0.0004434885  -0.0011624433
     199   -0.0013260419   0.0013444350  -0.0001405859  -0.0025320978   0.0010037204  -0.0002655001
     200   -0.0002019480   0.0004646736  -0.0004435236  -0.0021356807   0.0010179417  -0.0000561884
     201    0.0005346625  -0.0002674543  -0.0005680564  -0.0010273387   0.0002629277  -0.0004662795
     202    0.0004838688  -0.0005087892  -0.0002489846  -0.0006640903   0.0007111101  -0.0014409649
     203   -0.0004295165  -0.0001127600   0.0001729626  -0.0001366119   0.0006887183  -0.0024078077
     204   -0.0003268392  -0.0006367160   0.0001278572   0.0000808906   0.0003718499  -0.0032887236
     205   -0.0006455765  -0.0007146359   0.0001491586  -0.0001879888  -0.0010562009  -0.0023827429
     206   -0.0004583387  -0.0002649717  -0.0004306821   0.0002279690  -0.0014537101  -0.0013212522
     207   -0.0001566367   0.0000366480  -0.0007167694   0.0008165540  -0.0003556255  -0.0009715441
     208    0.0000128661  -0.0003210225   0.0001326553   0.0008739482  -0.0010508713  -0.0005946273
     209    0.0006069193  -0.0009422267   0.0006536591   0.0018692791  -0.0027233768  -0.0012393793
     210   -0.0004252945  -0.0003613834   0.0005105557   0.0011390080  -0.0007797453   0.0012394180
     211    0.0000496913   0.0001996195  -0.0004035036  -0.0001881280  -0.0003340956   0.0001188539
     212    0.0007243161  -0.0001659005  -0.0008165396  -0.0006760164   0.0002803205  -0.0002007378
     213    0.0004690423  -0.0003669135  -0.0004552830  -0.0005268077  -0.0001298308  -0.0009036530
     214   -0.0001033033  -0.0001802071  -0.0000656104  -0.0008544338   0.0003490619  -0.0008502207
     215   -0.0005010856  -0.0003346461  -0.0000519987  -0.0008365398  -0.0001889358  -0.0020453286
     216   -0.0004782405  -0.0004951130  -0.0005621674  -0.0000680874   0.0002100587  -0.0008886105
     217   -0.0005335611  -0.0001688523  -0.0008487590   0.0006944466  -0.0004585552  -0.0005671194
     218   -0.0009459572   0.0003149899  -0.0004155248   0.0011887666  -0.0003701118  -0.0001175343
     219   -0.0010214452   0.0004966225  -0.0001314174   0.0019186375  -0.0000195291  -0.0008829577
     220   -0.0011876415   0.0007761841  -0.0001388848   0.0026541291  -0.0009728385  -0.0026830029
     221    0.0017454437  -0.0001871542  -0.0016291304  -0.0010262977   0.0007128876   0.0002185574
     222    0.0008457897  -0.0001628650  -0.0006732775  -0.0008405246  -0.0006875353  -0.0004154265
     223    0.0000629159  -0.0000005656  -0.0004808617  -0.0008480716  -0.0012138970  -0.0001237333
     224   -0.0001520742  -0.0004867430  -0.0002051778  -0.0009645457   0.0001192144   0.0001089106
     225   -0.0002888176  -0.0004935035   0.0001595872  -0.0007384021  -0.0002105554   0.0000310535
     226   -0.0002676043  -0.0001230356  -0.0001612695  -0.0010290403   0.0007586040   0.0005579963
     227   -0.0002839992   0.0001083002  -0.0006591471   0.0001025603   0.0010704848  -0.0004428495
     228   -0.0003765249   0.0001041903  -0.0006073402   0.0008615909  -0.0002534783   0.0012082709
     229   -0.0004273270   0.0004155036  -0.0003619132   0.0012352842  -0.0007124800   0.0002581304
     230   -0.0007576913   0.0003570576   0.0004740636   0.0016282190  -0.0017733582   0.0003432030
     231   -0.0011312103   0.0003817646   0.0009349384   0.0019582145  -0.0032329210   0.0003406486
     232    0.0019643048  -0.0003523517  -0.0018199476  -0.0011536374  -0.0025667839  -0.0013523601
     233    0.0015012268  -0.0000383411  -0.0014582600  -0.0020613909  -0.0012668804  -0.0013008178
     234    0.0001087529   0.0002070732  -0.0006666062  -0.0015817828  -0.0010892961  -0.0003746894
     235   -0.0003310686  -0.0001787052  -0.0004364117  -0.0019972654  -0.0007975799   0.0009918120
     236   -0.0004568079  -0.0001245807  -0.0001911285   0.0004256862   0.0013080286   0.0010556914
     237    0.0001310690  -0.0000465162  -0.0004168800  -0.0010591815  -0.0013678380   0.0009277022
     238   -0.0009563363   0.0009551574  -0.0003024818   0.0007674876   0.0010387283  -0.0025091977
     239    0.0002003491  -0.0003650825  -0.0001910741   0.0019227442   0.0016154979   0.0024601918
     240    0.0003903954  -0.0002348226  -0.0000949927   0.0007941861  -0.0011633661   0.0004564808
     241   -0.0003309011   0.0010283508   0.0001259533   0.0004494792   0.0007087961   0.0009409878
     242   -0.0015215441   0.0012627182   0.0015869932   0.0021192424   0.0016853348   0.0049574446
     243    0.0028059633  -0.0013511960   0.0026940941   0.0033027013   0.0015244487   0.0004585526
     244    0.0006359879   0.0007095694   0.0014205744   0.0024495674   0.0023888539  -0.0001076644
     245    0.0003435147   0.0000771326   0.0007803407  -0.0001277173   0.0008603268  -0.0016847101
     246    0.0013176074  -0.0015351622   0.0006291818   0.0008325326   0.0001714681  -0.0002931751
     247    0.0002477662  -0.0009848342   0.0003947666   0.0020856782   0.0007883352  -0.0003561447
     248    0.0003101951   0.0000266996  -0.0006919291   0.0000442169   0.0005632480  -0.0004061344
     249   -0.0002503952   0.0013077436  -0.0017912706   0.0004821545   0.0005632712  -0.0020863901
     250   -0.0001820711  -0.0001533172  -0.0011914237  -0.0013301338  -0.0012944525   0.0003172284
     251   -0.0000184485  -0.0010184042  -0.0005161933  -0.0000428205  -0.0002190813   0.0008304361
     252   -0.0002210990   0.0001980142  -0.0003561090  -0.0024492914  -0.0012953196  -0.0005715529
     253    0.0027986727   0.0005534853  -0.0028110185  -0.0046273191   0.0004160575   0.0007780822
     254    0.0017004434  -0.0002646590   0.0011533103  -0.0002456383   0.0023413614  -0.0004061078
     255    0.0009261229   0.0001817571   0.0007998198   0.0002759194   0.0012777328  -0.0003479485
     256    0.0001324807   0.0000003717   0.0007536280   0.0007023586   0.0013849935  -0.0012094513
     257    0.0006769153  -0.0004703846  -0.0000553371   0.0008090210   0.0002665041   0.0001002239
     258    0.0003535369  -0.0010241734   0.0002992597   0.0010382319  -0.0000380917   0.0006378645
     259    0.0007491243  -0.0001621822  -0.0009357547   0.0001743226   0.0004689334   0.0001663176
     260    0.0001997959   0.0006453763  -0.0014382859  -0.0010314545  -0.0001356109  -0.0013115485
     261    0.0002761979  -0.0001642469  -0.0014205254  -0.0013039183   0.0003495075  -0.0000199028
     262    0.0002684597  -0.0002574538  -0.0013842589  -0.0009266260   0.0003236063   0.0000372349
     263    0.0006042270   0.0001898375  -0.0012647917  -0.0007426131  -0.0006881356   0.0003011953
     264    0.0012750852  -0.0001820515  -0.0009180440  -0.0011256302  -0.0017928896   0.0012095371
     265    0.0006284200  -0.0002604480  -0.0001714823   0.0000411157   0.0028170700   0.0007253065
     266    0.0003419707  -0.0000856959   0.0000900029  -0.0001654943   0.0020474979   0.0003064269
     267   -0.0000280262   0.0001970818   0.0000015616   0.0005636436   0.0019813402   0.0000065649
     268    0.0003047611  -0.0003788888  -0.0003889292   0.0017492201   0.0017524028  -0.0000275647
     269    0.0007603512  -0.0006623347  -0.0010051731   0.0006162851   0.0002743042   0.0019114948
     270    0.0006713455  -0.0007772305  -0.0009223570   0.0004185415  -0.0006239734   0.0020143780
     271    0.0004013132  -0.0003422666  -0.0010404483  -0.0019437372  -0.0004150321   0.0014757607
     272    0.0004823409  -0.0002610777  -0.0012550661  -0.0023945965   0.0002202309   0.0001673656
     273   -0.0000934741  -0.0000567430  -0.0007901633  -0.0008692215   0.0000119541  -0.0001189681
     274   -0.0003239843   0.0004415895  -0.0010193933  -0.0002194720   0.0003889713  -0.0007577823
     275   -0.0000425959   0.0002601483  -0.0012586233  -0.0010552561   0.0012349378  -0.0000796523
     276   -0.0003544148   0.0005088728  -0.0008637065  -0.0004360617  -0.0004200060   0.0017031780
     277   -0.0005573468   0.0004705570  -0.0003714798   0.0000594954   0.0013283448   0.0012207564
     278   -0.0002056987   0.0001657842  -0.0004193220   0.0009286006   0.0017630298   0.0006547673
     279   -0.0003836819  -0.0003275625  -0.0011229480   0.0020036751   0.0025024691   0.0018173931
     280   -0.0006359950  -0.0009353178  -0.0016592228   0.0012562998   0.0020495314   0.0031813598
     281   -0.0004424659  -0.0013469697  -0.0018269665  -0.0004927282  -0.0007925355   0.0038029426
     282   -0.0002784839  -0.0017026348  -0.0010411901  -0.0018842703  -0.0022031294   0.0039568347
     283   -0.0003363396  -0.0001514423  -0.0009221457  -0.0015901496  -0.0019567663   0.0021518960
     284   -0.0001172002   0.0008491107  -0.0012046637  -0.0009211401  -0.0006477483   0.0004167190
     285   -0.0011216506   0.0003899937  -0.0002809022  -0.0007867768  -0.0004599401  -0.0002235829
     286   -0.0009610388   0.0000585322  -0.0006812785  -0.0007036924  -0.0000850734  -0.0021749838
     287   -0.0010583004   0.0003852127  -0.0001085884   0.0001580894  -0.0010484976   0.0013914661
     288   -0.0007508666   0.0002502335  -0.0001123219  -0.0000857614  -0.0008075898   0.0003378054
     289   -0.0006066417   0.0003350101  -0.0006873133   0.0007128518   0.0012587188   0.0004299181
     290   -0.0014837191  -0.0002107570  -0.0014622318   0.0006154539   0.0039251140   0.0029306991
     291   -0.0021558974  -0.0009344454  -0.0020858497   0.0013735172   0.0016039029   0.0017884127
     292   -0.0017942314  -0.0020214653  -0.0018128313   0.0000411749  -0.0003890071   0.0019618470
     293   -0.0015494320  -0.0017952374  -0.0015730844  -0.0007989628  -0.0025239298   0.0016122205
     294   -0.0013415056   0.0000319774  -0.0010515432  -0.0003747311  -0.0041341398   0.0021486632
     295   -0.0006902263   0.0006509001  -0.0005100505  -0.0007938665  -0.0013705644   0.0005894204
     296   -0.0005485751   0.0002884097  -0.0003686756  -0.0014628988  -0.0007037669  -0.0002298714
     297   -0.0006614660  -0.0000124111  -0.0001161173  -0.0004996326  -0.0016110068  -0.0002462615
     298   -0.0005103307  -0.0002340012   0.0003404704  -0.0001250165  -0.0000744115  -0.0005362378
     299   -0.0005964954   0.0002388901  -0.0001393319  -0.0001953898  -0.0002017426  -0.0001461657
     300   -0.0012128155   0.0005892451  -0.0005969151  -0.0005363519   0.0020249778   0.0003276663
     301   -0.0018561628   0.0000543798  -0.0015836914   0.0001759638   0.0037737054   0.0005810660
     302   -0.0022115636  -0.0010063647  -0.0019532485   0.0002017131   0.0012851903   0.0006460444
     303   -0.0016998708  -0.0019460633  -0.0018440868   0.0001787615  -0.0009547331  -0.0002039238
     304   -0.0020431253  -0.0014312450  -0.0015815750   0.0004889693  -0.0022668975   0.0004783508
     305   -0.0012191367  -0.0001791445  -0.0013821754   0.0001663396  -0.0041534376  -0.0001835094
     306   -0.0007465209   0.0003405625  -0.0004333430   0.0000882779  -0.0021925341  -0.0005110222
     307   -0.0001837167   0.0001589808  -0.0004984895  -0.0005826201  -0.0005270687  -0.0002472514
     308    0.0000704216   0.0005436185  -0.0009885899  -0.0010992112   0.0006939213   0.0000023714
     309   -0.0001446847   0.0006092189  -0.0000880163  -0.0007839085  -0.0016093786  -0.0009837618
     310   -0.0003950780   0.0004248747  -0.0001588044  -0.0009510410  -0.0003180677   0.0001576136
     311   -0.0007941628   0.0008040722  -0.0008361491  -0.0015136526   0.0015715177   0.0000478823
     312   -0.0012553973   0.0004540286  -0.0015967609  -0.0013296655   0.0041737302  -0.0022292485
     313   -0.0012617122  -0.0013357501  -0.0017505749  -0.0008130668   0.0007168767  -0.0027431100
     314   -0.0010448366  -0.0022644145  -0.0016232785   0.0003162606  -0.0009637384  -0.0025066821
     315   -0.0009603084  -0.0016764759  -0.0016340198   0.0009557280  -0.0018164841  -0.0023100128
     316   -0.0006295834  -0.0000664423  -0.0014415345   0.0014775825  -0.0042772392  -0.0030031648
     317   -0.0002100459   0.0004284453  -0.0008370624   0.0007092693  -0.0017237494  -0.0014511771
     318    0.0004322657  -0.0002403694  -0.0007123401   0.0000811265   0.0001829241   0.0002108430
     319    0.0007302385  -0.0005200587  -0.0006945519  -0.0000559290  -0.0008278967   0.0013867789
     320   -0.0001180351   0.0000480160   0.0005245703  -0.0007185466   0.0000553503  -0.0005011982
     321   -0.0002303535   0.0004404568  -0.0000007726  -0.0012397999  -0.0001740892  -0.0001640172
     322    0.0003803260   0.0004217034  -0.0006755487  -0.0012883219   0.0000837665  -0.0008309290
     323    0.0003300546   0.0001289388  -0.0008517199  -0.0018347475   0.0016483983  -0.0024033273
     324    0.0003828221  -0.0012221705  -0.0011560884  -0.0015067832   0.0018489264  -0.0050774445
     325   -0.0003251094  -0.0015389348  -0.0012209268  -0.0001373965  -0.0005630051  -0.0048696996
     326   -0.0000755372  -0.0013092986  -0.0013227700   0.0014865128  -0.0024290366  -0.0051134588
     327   -0.0004763796   0.0002374594  -0.0010989903   0.0012491411  -0.0020290606  -0.0024882659
     328   -0.0003714017   0.0002066211  -0.0005011180   0.0019031406  -0.0000796014  -0.0010599541
     329    0.0002240181  -0.0006921512  -0.0004643616   0.0014945922   0.0007698139  -0.0009387237
     330   -0.0000405843  -0.0004325852  -0.0005740045  -0.0003298853   0.0013792595  -0.0006313967
     331   -0.0004682980   0.0005294458  -0.0001592129  -0.0013878456  -0.0006436875  -0.0001484354
     332   -0.0002711763   0.0006182407  -0.0002855705  -0.0009549792  -0.0008628024  -0.0002806583
     333    0.0006582319   0.0000199024  -0.0004811900  -0.0008799415  -0.0001637041  -0.0005779792
     334    0.0008248400  -0.0002304084  -0.0003562426  -0.0018024746   0.0007131593  -0.0008888350
     335    0.0005742101  -0.0003361964  -0.0003534250  -0.0017900630   0.0001493552  -0.0018092726
     336    0.0006090973  -0.0010110244  -0.0003715735  -0.0001631069  -0.0006178942  -0.0026337006
     337    0.0000001418  -0.0006212182  -0.0004925367   0.0012045650  -0.0006695422  -0.0019667192
     338    0.0001285355   0.0000418967  -0.0009986708   0.0016266284  -0.0001318273  -0.0001331123
     339   -0.0004891923   0.0004845647  -0.0005943370   0.0015325425  -0.0001224164   0.0000984127
     340   -0.0005966034  -0.0008045200   0.0005323627   0.0017795294  -0.0005494910  -0.0001609460
     341   -0.0004155511  -0.0019953220   0.0014293937   0.0010263509  -0.0012450154  -0.0031825564
     342   -0.0002771233   0.0000685354  -0.0003693642  -0.0019074564  -0.0016592658  -0.0008641156
     343    0.0000390281   0.0004140229  -0.0007785963  -0.0008769494  -0.0000679458  -0.0005694913
     344   -0.0002255501   0.0004505824  -0.0004944151  -0.0004703308   0.0001017911  -0.0006685681
     345    0.0004905405  -0.0004054536  -0.0003363690  -0.0009374749  -0.0000599476   0.0001545306
     346    0.0007797857  -0.0002926921  -0.0006138516  -0.0009467878   0.0002404845  -0.0000876674
     347    0.0001567793  -0.0000850440  -0.0001791483  -0.0007827287  -0.0006164098  -0.0006620434
     348   -0.0000639800   0.0003106891  -0.0005020032   0.0011111798   0.0005147047   0.0008377647
     349    0.0002154635  -0.0001341492  -0.0003750464   0.0022486998   0.0003129508   0.0012233526
     350    0.0000717856  -0.0001218049   0.0000623556   0.0011739799  -0.0001511866   0.0016142823
     351   -0.0009395778   0.0000377645   0.0011591621   0.0007757744  -0.0009072480   0.0003776006
     352    0.0001332229  -0.0009162238   0.0011979023   0.0021123599  -0.0010233336   0.0007690168
     353   -0.0001193722   0.0024813891  -0.0031922433  -0.0036239627  -0.0012186300  -0.0011686138
     354   -0.0006762918   0.0012009834  -0.0009498844  -0.0007249872  -0.0009493667  -0.0011171037
     355    0.0001273203   0.0006087012  -0.0009740504   0.0003819296   0.0004024485  -0.0007992418
     356    0.0004876759  -0.0002059624  -0.0005588930  -0.0007387181   0.0005642246   0.0006373843
     357    0.0008647509  -0.0003756209  -0.0008438009  -0.0011866750  -0.0013584875  -0.0001851742
     358   -0.0002705620   0.0007005451  -0.0006445879  -0.0021630210   0.0015086945  -0.0007022406
     359   -0.0011898159   0.0006777772   0.0005445705   0.0012404024   0.0008747417   0.0029187266
     360   -0.0000854532   0.0001770525  -0.0001046438   0.0027606317  -0.0004336783   0.0006694712
     361    0.0003409050  -0.0003200294   0.0002691999   0.0004642208  -0.0000325520   0.0029192204
     362   -0.0010947609   0.0014746026   0.0004757036   0.0018550798  -0.0002000146   0.0006797026
     363    0.0012560773   0.0005395773  -0.0005741957   0.0061592261   0.0006764174   0.0017950819
     364    0.0009229346   0.0021165099  -0.0006643757   0.0041633406   0.0001200910   0.0011200779
     365    0.0000039616   0.0005283129   0.0008236194  -0.0000422491   0.0000226194  -0.0002451505
     366   -0.0000009636  -0.0003842695   0.0009599226   0.0009338710  -0.0011672523  -0.0008698586
     367    0.0007183964  -0.0001986723   0.0000167355   0.0010208572  -0.0007505789  -0.0006426460
     368   -0.0003479351  -0.0001354094   0.0000860555  -0.0004574287   0.0015322230  -0.0011192556
     369    0.0000730060  -0.0003464366  -0.0009111450  -0.0002165500  -0.0003227069  -0.0009376381
     370    0.0001400377   0.0000691490  -0.0014663197  -0.0014374762  -0.0013817873  -0.0000198063
     371   -0.0001283007  -0.0002652396  -0.0006487881   0.0011560611   0.0005117775  -0.0017918379
     372   -0.0000610893  -0.0001264825  -0.0008175602   0.0002901991   0.0006764844  -0.0020748106
     373    0.0005197462   0.0007581393  -0.0010019735  -0.0005479820  -0.0005879550  -0.0005426301
     374    0.0000707043   0.0022174391  -0.0006107597  -0.0049106430  -0.0007643643   0.0031230437
     375    0.0015447826  -0.0004602979   0.0005114111   0.0013613708  -0.0014696716  -0.0018745943
     376    0.0007645056  -0.0001486034   0.0004822340  -0.0004082835   0.0001464277  -0.0006205515
     377    0.0005556767  -0.0002037099   0.0000990411   0.0011619871  -0.0002860505  -0.0007715526
     378    0.0007709143  -0.0005349141  -0.0001428203   0.0012400147  -0.0001485274  -0.0007058419
     379    0.0005362025  -0.0002389501  -0.0007104305  -0.0000150926  -0.0002498717  -0.0011219277
     380    0.0007732232  -0.0004894744  -0.0009888622  -0.0006075877  -0.0008216755  -0.0012855392
     381    0.0006772850  -0.0002103539  -0.0011062028  -0.0013603200  -0.0011035633   0.0002558164
     382    0.0002005807   0.0003332493  -0.0012526378   0.0003531850  -0.0006087139  -0.0007520181
     383    0.0003102390  -0.0001085401  -0.0011888238   0.0000776309   0.0001221680  -0.0008754957
     384    0.0008139991  -0.0008388840  -0.0004190899  -0.0004423872   0.0014021701  -0.0004555946
     385    0.0012563431  -0.0013046033   0.0002763382  -0.0022048727   0.0012119582   0.0001585066
     386   -0.0006879628  -0.0003492820   0.0011858851  -0.0008287666   0.0020694368  -0.0017012410
     387    0.0000574661  -0.0003029044   0.0004477621   0.0001176916   0.0015775946  -0.0004700998
     388    0.0002366125  -0.0002171851  -0.0000967186   0.0009274604   0.0002292548  -0.0000217207
     389    0.0008943951  -0.0004143623  -0.0011644810   0.0022263514  -0.0004300897  -0.0004116921
     390    0.0016285592  -0.0010567592  -0.0017906152   0.0019541136  -0.0000514002  -0.0008428849
     391    0.0013948039  -0.0011315947  -0.0015880108  -0.0011970290  -0.0001536554  -0.0008371151
     392    0.0018448953  -0.0010322402  -0.0014840789  -0.0025573299  -0.0004124730   0.0003533937
     393    0.0012538424  -0.0002714835  -0.0013177463  -0.0025557189  -0.0004827321   0.0003767409
     394    0.0001818182   0.0001135578  -0.0009999094  -0.0018151903   0.0005895483   0.0000007218
     395   -0.0003367532  -0.0002412054  -0.0007082172  -0.0005032568  -0.0004834673   0.0000213018
     396   -0.0002878001   0.0001168518  -0.0014905426   0.0007085850  -0.0015364949  -0.0013283955
     397   -0.0009987442   0.0009513645  -0.0007587340   0.0010497609   0.0023387562   0.0010520699
     398   -0.0010764986   0.0009720430  -0.0005449273   0.0005434754   0.0014023143   0.0003617719
     399   -0.0004994490   0.0003826922  -0.0006276281   0.0019056409   0.0005055083  -0.0001657418
     400    0.0000698821  -0.0006611858  -0.0020068937   0.0042944529  -0.0001156769   0.0003499868
     401   -0.0010553365  -0.0010460650  -0.0029020336   0.0003951776  -0.0003018255  -0.0004741307
     402   -0.0006912666  -0.0021902436  -0.0028467094  -0.0001602723  -0.0003324387  -0.0000740954
     403   -0.0004384770  -0.0014374627  -0.0025645570  -0.0013845564  -0.0000544470   0.0000776499
     404    0.0003541904  -0.0000746186  -0.0020386062  -0.0050882051   0.0002853735   0.0007726192
     405   -0.0004329210   0.0012514856  -0.0012427703  -0.0022838052   0.0001471094   0.0000957658
     406   -0.0002176808  -0.0000207767  -0.0008202412  -0.0012424784   0.0001691559  -0.0002668892
     407   -0.0008289632  -0.0007415935   0.0000146495  -0.0016075806  -0.0013038769  -0.0003403533
     408    0.0003263182  -0.0001294049  -0.0015200974  -0.0007937303   0.0003868987   0.0011713868
     409   -0.0008907661   0.0004944557  -0.0005720703  -0.0004320470  -0.0001494686   0.0006324520
     410   -0.0012197965   0.0013653232  -0.0015145494   0.0017797031  -0.0000931652   0.0005118431
     411   -0.0016688112  -0.0008838288  -0.0025816390   0.0008249574  -0.0003220066   0.0003036532
     412   -0.0023623563  -0.0023043588  -0.0040935051  -0.0023198525  -0.0003023963   0.0008836824
     413   -0.0027698585  -0.0009384158  -0.0055962442   0.0000674022  -0.0006053253   0.0002243270
     414   -0.0022732116  -0.0022419146  -0.0038244679   0.0024300335   0.0006328381   0.0002492772
     415   -0.0017623689  -0.0001990060  -0.0023567989  -0.0008648837   0.0000918465  -0.0003217627
     416   -0.0013880548   0.0020215871  -0.0015006596  -0.0020507264  -0.0000934125  -0.0002330011
     417   -0.0003287127   0.0001937239  -0.0004182780  -0.0013006454  -0.0005725473  -0.0001269777
     418   -0.0003626314  -0.0007217303   0.0005222370  -0.0008082379  -0.0004026361  -0.0008416876
     419   -0.0011742082   0.0001038156  -0.0000591292  -0.0019659299  -0.0011283342   0.0006748156
     420   -0.0006638081   0.0005879161  -0.0008254033  -0.0005258495  -0.0007836565   0.0004145816
     421   -0.0014356876   0.0012783170  -0.0015841341  -0.0001156526  -0.0005291484   0.0007673149
     422   -0.0030140379  -0.0002814501  -0.0028209448  -0.0002544945  -0.0001056473   0.0003417561
     423   -0.0011946649  -0.0021033364  -0.0062620039   0.0002074860  -0.0005270699   0.0002864720
     424   -0.0012781291  -0.0009342888  -0.0072728666   0.0001027103  -0.0006058494  -0.0000424229
     425   -0.0013163892  -0.0024689828  -0.0051244563  -0.0000959250  -0.0005844253  -0.0003783893
     426   -0.0028345363  -0.0003369240  -0.0020331938   0.0003064940  -0.0002115996  -0.0004754152
     427   -0.0010690123   0.0015249041  -0.0016132778  -0.0002998352  -0.0000764149  -0.0007101043
     428   -0.0002834498   0.0005417393  -0.0004292849  -0.0006615180   0.0002296242  -0.0002476547
     429    0.0010176251   0.0003355719  -0.0012435508  -0.0018025678   0.0000107510   0.0003468169
     430   -0.0002094339   0.0007765655  -0.0008599292   0.0004135251  -0.0003778918  -0.0001774196
     431   -0.0003840823   0.0005160459  -0.0006563860   0.0000077861  -0.0004663735   0.0002955699
     432   -0.0015383309   0.0018323598  -0.0014110268  -0.0029488618  -0.0006588797   0.0003112661
     433   -0.0016503513  -0.0001127594  -0.0028479501  -0.0011317381  -0.0002646701   0.0006693801
     434   -0.0021133901  -0.0017552335  -0.0046315283   0.0026903558  -0.0004472552   0.0001722763
     435   -0.0026442873  -0.0011547071  -0.0051880709  -0.0002504961  -0.0006514470  -0.0006410593
     436   -0.0018664380  -0.0018782369  -0.0038516048  -0.0024678927  -0.0003928153  -0.0007918676
     437   -0.0009866701  -0.0005039120  -0.0021534481   0.0015578291  -0.0001851769  -0.0009986742
     438   -0.0006791391   0.0013888828  -0.0012244973   0.0027538654  -0.0002338270  -0.0008232496
     439    0.0006141427  -0.0001878026  -0.0008317044   0.0015639612   0.0003009753  -0.0000275123
     440    0.0015494353  -0.0017618906  -0.0003822678   0.0012033604   0.0014294901   0.0005392717
     441   -0.0000115135   0.0004826557  -0.0006003193  -0.0012259342   0.0006409857   0.0002316795
     442   -0.0000684737   0.0001774785  -0.0002621609  -0.0021749867  -0.0005421668  -0.0001211558
     443   -0.0001227480   0.0006776196  -0.0004164420  -0.0021796498  -0.0010322854   0.0003296188
     444    0.0005819005   0.0005388211  -0.0023143864  -0.0041974799  -0.0008696001   0.0001048327
     445   -0.0006134051  -0.0011998193  -0.0023335167  -0.0012732378  -0.0009747106   0.0000792142
     446   -0.0009088756  -0.0024341248  -0.0019481948   0.0001517515   0.0000386586  -0.0005571183
     447   -0.0006116659  -0.0011148693  -0.0021282220   0.0019146233   0.0000352692  -0.0009956976
     448    0.0002149481   0.0001133755  -0.0015035731   0.0047372843  -0.0001938250  -0.0008423273
     449    0.0001159018   0.0004039956  -0.0006565650   0.0024534558   0.0001113892  -0.0002536284
     450   -0.0002501579  -0.0003695130  -0.0006113083   0.0007718324   0.0001284486   0.0001463483
     451   -0.0015628815   0.0001923788  -0.0005893373   0.0014052561  -0.0017874388   0.0007855952
     452   -0.0003797854  -0.0000406727   0.0001811834  -0.0017120010  -0.0017104778  -0.0007139269
     453   -0.0000262419   0.0005998610  -0.0005291615  -0.0009972299  -0.0010348758  -0.0009700249
     454    0.0003625288   0.0005476253  -0.0005409887  -0.0007585404  -0.0003389212  -0.0009915736
     455    0.0012372695  -0.0004168728  -0.0005580572  -0.0022872014  -0.0000417559   0.0000071292
     456    0.0020781549  -0.0012438919  -0.0012126723  -0.0030493581  -0.0004625966  -0.0000738051
     457    0.0014147219  -0.0011218823  -0.0010256986   0.0000270610  -0.0007986678  -0.0001318849
     458    0.0011701021  -0.0008997971  -0.0007084611   0.0031557917  -0.0003510790  -0.0005039635
     459    0.0006418366  -0.0002960948  -0.0003578625   0.0025183764   0.0001558452   0.0010163236
     460   -0.0000528483  -0.0006009995   0.0005076516   0.0017727670   0.0001721805   0.0010850016
     461   -0.0008201581  -0.0006508861   0.0004609500  -0.0000065806   0.0005379444   0.0002538786
     462   -0.0010426087  -0.0003604366  -0.0000670411  -0.0007425063   0.0015876176   0.0006887219
     463   -0.0009208064   0.0022740734  -0.0011199151  -0.0000909354  -0.0007197976  -0.0035447353
     464   -0.0001845734   0.0013316801  -0.0008376643  -0.0006291291  -0.0000516011  -0.0001197661
     465    0.0005826068   0.0001474789  -0.0006430563  -0.0008403908   0.0004218526  -0.0009596621
     466    0.0005326249  -0.0002321215  -0.0005395591  -0.0008970214   0.0000228418  -0.0003932439
     467    0.0009680161  -0.0001910138  -0.0007337003  -0.0016460063  -0.0004163915  -0.0003842841
     468    0.0014176145  -0.0002443219  -0.0006430539  -0.0004241070  -0.0003709138  -0.0005461212
     469    0.0004063850  -0.0001091102   0.0000597845   0.0011397510  -0.0000450709   0.0010161052
     470    0.0003059768  -0.0001792540   0.0000600635   0.0016938586   0.0002804194   0.0010787509
     471    0.0004567538  -0.0005672258   0.0002801152   0.0011152107  -0.0000206290   0.0006871396
     472   -0.0003431435   0.0003195016   0.0002112005   0.0013031088  -0.0004867603  -0.0002107320
     473   -0.0008880185   0.0008208028   0.0004697369   0.0026244624  -0.0011514474  -0.0010574126
     474   -0.0001623304  -0.0001827241   0.0009120879   0.0032434742   0.0056609949  -0.0047511414
     475    0.0001036771   0.0004540792  -0.0000141183  -0.0006634691   0.0019824717   0.0007929358
     476    0.0004152961   0.0002783577  -0.0004988954  -0.0002685363  -0.0003007486  -0.0017576141
     477    0.0008536238  -0.0005519612  -0.0006115664  -0.0009180708   0.0007984030  -0.0007758939
     478   -0.0000682725   0.0001490268  -0.0001283876  -0.0016897526  -0.0010995510  -0.0003244411
     479    0.0005891641   0.0002909465  -0.0003561940  -0.0000984269   0.0010154117  -0.0005624288
     480   -0.0000358181   0.0001392850   0.0002699845   0.0002549165   0.0005706747   0.0020780011
     481    0.0001927484   0.0000791796   0.0000479055   0.0027780058  -0.0016447638   0.0011160595
     482    0.0017217115  -0.0005037701  -0.0008190711   0.0014666078  -0.0007508257  -0.0004671544
     483    0.0006984855   0.0000768910   0.0000243347  -0.0009430155  -0.0003819445  -0.0001846357
     484   -0.0008983649   0.0023123219  -0.0000654935  -0.0015035480   0.0017020403   0.0002379831
     485    0.0013936117  -0.0012082901   0.0004846955  -0.0021076445   0.0036359187  -0.0005704372
     486   -0.0000036780  -0.0009564119   0.0007468913   0.0001131812   0.0018713519  -0.0010240829
     487    0.0005705864  -0.0006486965  -0.0004159844   0.0001728009  -0.0004378571  -0.0018578019
     488    0.0004403884   0.0005090238  -0.0004012473   0.0006727924  -0.0020965629  -0.0004250259
     489    0.0006521202   0.0005410190  -0.0012388140  -0.0002785706  -0.0014597109  -0.0017238083
     490   -0.0002836133  -0.0005874712  -0.0004406973  -0.0014758746  -0.0011338937   0.0002256343
     491   -0.0002503142  -0.0004027712  -0.0000537403  -0.0002013959  -0.0005012684   0.0002502216
     492    0.0002931239   0.0012316052  -0.0013204522  -0.0014604805   0.0008939777   0.0003118340
     493    0.0002202548   0.0000060918  -0.0007664995  -0.0009745255   0.0018648958  -0.0007560415
     494   -0.0005012066   0.0006900692  -0.0008106117  -0.0003477311   0.0009080060  -0.0001167840
     495   -0.0001078563   0.0004372820  -0.0002145217  -0.0042699316  -0.0004141042   0.0020179808
     496   -0.0004406393   0.0012297706  -0.0001214378  -0.0017947969   0.0007394005  -0.0007653709
     497   -0.0004384647  -0.0001637829   0.0007106720  -0.0006276897   0.0000050525  -0.0010723260
     498    0.0004606501  -0.0007823720   0.0000586979   0.0011654669  -0.0001485412  -0.0007283290
     499    0.0004118188   0.0000011351  -0.0001973060   0.0006081893  -0.0012586144  -0.0018299082
     500    0.0010571837  -0.0003445632  -0.0007567511  -0.0008699089  -0.0010661781  -0.0010247506
     501   -0.0000133989  -0.0003014066  -0.0004173742  -0.0011334488  -0.0008575413  -0.0002651460
     502    0.0003650638  -0.0003387791  -0.0003491471   0.0002967288  -0.0003181500   0.0006666876
     503    0.0003499084   0.0003515219  -0.0004882982  -0.0011610105  -0.0000284489   0.0003394980
     504   -0.0001004739   0.0002425060  -0.0005660775  -0.0015978610  -0.0000346954  -0.0005072921
     505   -0.0004056823  -0.0000211682  -0.0004648325  -0.0004556586   0.0012379335  -0.0000749781
     506    0.0003227096  -0.0000647503  -0.0009908444  -0.0017062515   0.0024241229  -0.0007600622
     507   -0.0008158708  -0.0006871044   0.0017559416   0.0013059369   0.0000113136  -0.0005125329
     508   -0.0002967444  -0.0002859642   0.0006064463   0.0006859755  -0.0001888488  -0.0011821964
     509   -0.0000840864  -0.0003137109   0.0000094318   0.0013722535  -0.0010650711  -0.0009278366
     510    0.0004466491  -0.0004371285  -0.0004782799   0.0012962148  -0.0012187923  -0.0016561320
     511    0.0008096205  -0.0003420922  -0.0009035061  -0.0001533206  -0.0013108887  -0.0029257702
     512    0.0009598477  -0.0007591658  -0.0007932165  -0.0003711742  -0.0003082562  -0.0027308415
     513    0.0009835089  -0.0004962547  -0.0007548824  -0.0011954310  -0.0003179379  -0.0014975841
     514    0.0005267123  -0.0001537776  -0.0002898584  -0.0012855504  -0.0007132272  -0.0002825395
     515    0.0001648505   0.0003633195  -0.0008715416  -0.0013371113   0.0003804013  -0.0000840150
     516   -0.0003715736  -0.0002253238  -0.0005301295  -0.0019075082  -0.0001033964  -0.0005369934
     517   -0.0009028414  -0.0010189016   0.0003764491  -0.0028575767  -0.0004570400  -0.0004290885
     518   -0.0009436573  -0.0003564824   0.0006737595  -0.0003155299   0.0006258250   0.0003027428
     519   -0.0005094123  -0.0001912398   0.0000650518   0.0001691746   0.0003313735   0.0000777835
     520   -0.0002769159  -0.0000587859  -0.0006108566   0.0015434735  -0.0010310457  -0.0003224332
     521   -0.0002073026  -0.0007884984  -0.0008494810   0.0018207234  -0.0026573307  -0.0026274778
     522   -0.0000363891  -0.0014267876  -0.0011790549   0.0006969446  -0.0023351091  -0.0041699829
     523   -0.0000911068  -0.0017456656  -0.0010702733  -0.0008152101   0.0000659338  -0.0043169918
     524   -0.0001257790  -0.0008179515  -0.0014236221  -0.0011212742   0.0020706364  -0.0042742292
     525   -0.0001421674   0.0003708103  -0.0013571690  -0.0016481454   0.0020912944  -0.0020925679
     526   -0.0002827031   0.0001122301  -0.0002724357  -0.0018989031   0.0004341084  -0.0003528003
     527   -0.0000647542  -0.0001698945  -0.0003936032  -0.0012130269   0.0007993560  -0.0004798847
     528    0.0001855384  -0.0008968273  -0.0001536407  -0.0000662347   0.0014538469   0.0006833346
     529   -0.0007790522   0.0000853074  -0.0004640305   0.0004302241  -0.0002973316   0.0005881363
     530   -0.0005252450   0.0002036841  -0.0005635287   0.0001130216  -0.0008518795   0.0009217089
     531   -0.0004379339   0.0000077226  -0.0007458489   0.0004389049  -0.0024077772  -0.0003309397
     532   -0.0013799785  -0.0003486101  -0.0015457898   0.0014311030  -0.0041658354  -0.0023723571
     533   -0.0019396448  -0.0014508944  -0.0017029334   0.0009529458  -0.0014056672  -0.0019221002
     534   -0.0020589232  -0.0014620261  -0.0017705674  -0.0004870254  -0.0002830385  -0.0019461619
     535   -0.0019599663  -0.0011036320  -0.0016915817  -0.0010320917   0.0010428172  -0.0016816124
     536   -0.0013319876  -0.0001829260  -0.0011374707  -0.0018774399   0.0040019522  -0.0024937144
     537   -0.0005466640   0.0008471065  -0.0007849118  -0.0005916075   0.0014362823  -0.0008742433
     538    0.0001463467   0.0006056947  -0.0004604577  -0.0003244194   0.0008598909   0.0002916813
     539   -0.0001322132   0.0003750837   0.0003096978   0.0005154577   0.0022507071  -0.0002842777
     540    0.0002684790  -0.0004819952  -0.0008354957  -0.0002347080  -0.0020006754  -0.0004685201
     541   -0.0005976700   0.0002640806  -0.0006457286  -0.0000530234  -0.0017665003   0.0008934987
     542   -0.0011667856   0.0009816555  -0.0012085419  -0.0006739954  -0.0030499830   0.0005292892
     543   -0.0016598117  -0.0002393352  -0.0017557984   0.0001192703  -0.0043807399   0.0003185312
     544   -0.0024210957  -0.0014796008  -0.0017118053  -0.0003533347  -0.0018303352  -0.0002062296
     545   -0.0019782524  -0.0018645758  -0.0017680792  -0.0000416277   0.0005003328  -0.0005098028
     546   -0.0027376910  -0.0009061576  -0.0014459304  -0.0000341151   0.0014827220  -0.0006943634
     547   -0.0015447438   0.0002011307  -0.0015220724   0.0004787665   0.0034197797   0.0000584258
     548   -0.0006210841   0.0010430090  -0.0007389043   0.0004035505   0.0019686250   0.0000167535
     549   -0.0001696649   0.0012970674  -0.0002903219   0.0002712422   0.0009902652   0.0000627223
     550    0.0007326226   0.0008670953  -0.0002723930  -0.0003929324  -0.0000283569   0.0011504148
     551   -0.0002125649   0.0007280030  -0.0012638436  -0.0013868874  -0.0005151358   0.0003360420
     552   -0.0005101671   0.0003489901  -0.0007253637  -0.0013211693  -0.0010559405   0.0005093897
     553   -0.0009246003   0.0008453826  -0.0009632631  -0.0011485081  -0.0026703540   0.0012446885
     554   -0.0015464414   0.0004435730  -0.0016204262  -0.0013504969  -0.0053566812   0.0028197377
     555   -0.0012081867  -0.0015717567  -0.0019425537  -0.0013456925  -0.0020568953   0.0019213724
     556   -0.0012547417  -0.0017592534  -0.0018411650   0.0001794387   0.0000966325   0.0013468754
     557   -0.0012635528  -0.0011614719  -0.0015268232   0.0016372500   0.0023264932   0.0009712506
     558   -0.0011056530  -0.0000650839  -0.0006116175   0.0020422343   0.0040467582   0.0018808009
     559   -0.0001762223   0.0005038529  -0.0003022808   0.0012635042   0.0014756708   0.0002753144
     560   -0.0003474943   0.0006520373  -0.0000264967   0.0006885378   0.0004846672  -0.0000079102
     561   -0.0001613131   0.0005355672  -0.0001815034  -0.0006936553   0.0024372972   0.0000479115
     562    0.0000584848  -0.0003437043  -0.0005904271  -0.0005818473  -0.0008890956   0.0008006384
     563    0.0001606704   0.0000541235  -0.0009896476  -0.0006509108  -0.0009952219   0.0004053611
     564   -0.0002094677   0.0007499963  -0.0008654102  -0.0012396582  -0.0016954225   0.0013731530
     565    0.0000022657   0.0003386465  -0.0011555968  -0.0023342622  -0.0031045364   0.0030395862
     566   -0.0001903028  -0.0007899131  -0.0012286915  -0.0015687969  -0.0023986717   0.0047556523
     567   -0.0006062819  -0.0011033887  -0.0009460294  -0.0000629064   0.0001530675   0.0043317141
     568   -0.0000069654  -0.0011599009  -0.0006251481   0.0016292445   0.0019553353   0.0038418856
     569    0.0002758282  -0.0004244526  -0.0001974190   0.0017669378   0.0015971393   0.0010466194
     570   -0.0001434444  -0.0000750580   0.0002691899   0.0016652911   0.0005307415   0.0006037791
     571    0.0000721733  -0.0009719194   0.0000555137   0.0003948094   0.0004565864   0.0005494648
     572   -0.0003120470  -0.0020472280   0.0009141257  -0.0009259933   0.0000309846  -0.0014772531
     573   -0.0006231718   0.0009140659  -0.0012902500  -0.0008148693  -0.0007075816   0.0000803760
     574   -0.0004980593   0.0007094891  -0.0008979627  -0.0007372246  -0.0003387464   0.0000765371
     575   -0.0000109529   0.0002110828  -0.0004316859  -0.0004391140  -0.0007395455   0.0001808785
     576    0.0005261177  -0.0000282129  -0.0005660373  -0.0010456620  -0.0009989944   0.0012498431
     577    0.0005211467  -0.0001656847  -0.0005680959  -0.0017808167  -0.0005253404   0.0019259624
     578    0.0008905189  -0.0006412606  -0.0005223567  -0.0009040932   0.0000609768   0.0026043086
     579    0.0004192404  -0.0005489574   0.0000643525   0.0013707730  -0.0001566223   0.0017474407
     580    0.0003373594  -0.0005807229   0.0003125534   0.0023144774   0.0005476201   0.0010754283
     581   -0.0001421483  -0.0001455441   0.0000372654   0.0010290917   0.0008270618   0.0011030545
     582   -0.0004302699  -0.0004620270  -0.0002982534   0.0011128087   0.0000361005   0.0001581448
     583   -0.0009412916  -0.0003787348  -0.0004589038   0.0019475958  -0.0008733575   0.0014788995
     584   -0.0003936854   0.0000632068  -0.0000647600  -0.0000826680   0.0017393965   0.0000537811
     585   -0.0006015541   0.0000628378   0.0003633651   0.0000686690   0.0002525972   0.0000638569
     586   -0.0001847099   0.0005231545  -0.0004073774  -0.0006782315  -0.0001838584   0.0000092031
     587    0.0002319172   0.0000374504  -0.0004709886  -0.0006954475  -0.0000032469  -0.0000296885
     588    0.0005556839  -0.0004766772   0.0000557238  -0.0009165181   0.0004232648   0.0002938231
     589    0.0007069917  -0.0002624063   0.0000346500   0.0002062666   0.0006859362   0.0005401531
     590    0.0006348165  -0.0002029663  -0.0001335608   0.0001590766   0.0000787786   0.0020714625
     591   -0.0001410187   0.0001280358   0.0001843716   0.0009309545   0.0003921065   0.0010207965
     592   -0.0002976885  -0.0000362157   0.0002873929   0.0023151556  -0.0001258824  -0.0001123134
     593    0.0000071298  -0.0003963093  -0.0000457336  -0.0000697417  -0.0000837872   0.0005581740
     594    0.0000303684  -0.0006838807   0.0000910772   0.0006750991  -0.0006896919   0.0008689748
     595   -0.0009565075   0.0003472842   0.0006871787  -0.0018896740   0.0009569384   0.0021771297
     596   -0.0003220031   0.0006401915  -0.0001495368  -0.0002743325  -0.0008567887   0.0001863651
     597   -0.0007279351   0.0000765499   0.0008282673  -0.0004080559  -0.0007495556   0.0000977159
     598    0.0004479139   0.0000214285  -0.0005501471  -0.0007002053   0.0001067524  -0.0008031928
     599    0.0004468861   0.0003080318  -0.0005261623  -0.0010882475   0.0016434497   0.0006421318
     600   -0.0000557931  -0.0001044168   0.0006434166   0.0008309562   0.0018026795  -0.0002048994
     601    0.0008138219  -0.0006656660   0.0000912731  -0.0001172194  -0.0002116464   0.0040146686
     602   -0.0002833813   0.0008510063  -0.0001184251  -0.0007231963  -0.0020313402   0.0004221316
     603   -0.0002703364   0.0005216806   0.0000351304   0.0026417226  -0.0000486481  -0.0022672758
     604   -0.0005332268   0.0004180591   0.0003088121   0.0005707039   0.0002449935   0.0002359243
     605    0.0002986795   0.0015940844  -0.0014060056   0.0044835203  -0.0050630158  -0.0003174531
     606    0.0005678080   0.0008263258  -0.0000222033   0.0047787860  -0.0002305106  -0.0027974278
     607   -0.0004843826  -0.0000131532   0.0007199214  -0.0012319790  -0.0001142616  -0.0015590868
     608    0.0012197368  -0.0021066827  -0.0000151214   0.0000997656   0.0006416174   0.0005905456
     609   -0.0005828353   0.0002692496   0.0004225718   0.0005084269  -0.0010230093  -0.0016926230
     610    0.0005960406   0.0006372238  -0.0005292059  -0.0016702639  -0.0024588415   0.0005807501
     611    0.0007368589  -0.0000677696  -0.0005625895   0.0003405469  -0.0007454131  -0.0012183050
     612   -0.0000885304  -0.0001974296   0.0005133791  -0.0009363603   0.0012238611  -0.0005402312
     613    0.0000700460   0.0003771834   0.0002169174   0.0004816593  -0.0004474470  -0.0001618422
     614    0.0000805743   0.0005258577  -0.0007182761  -0.0011835328  -0.0008675907   0.0000945047
     615   -0.0000289610  -0.0000542215  -0.0012647065   0.0012973591   0.0019017254   0.0007287803
     616   -0.0019917860   0.0020023784  -0.0017093963   0.0016916891   0.0034910576  -0.0017865076
     617    0.0019670876  -0.0017991127   0.0009229423   0.0019411818   0.0017304465  -0.0015954259
     618   -0.0000252640  -0.0003715843   0.0006154354   0.0002136001   0.0004683175  -0.0006725641
     619    0.0000237003  -0.0009350212   0.0001764136  -0.0002160616  -0.0004674031  -0.0007322922
     620    0.0002854248  -0.0005716230   0.0001741738   0.0005201991  -0.0013854369  -0.0016789187
     621    0.0002084942   0.0004336763  -0.0001898625  -0.0003479435  -0.0018212436  -0.0009485369
     622    0.0002805105   0.0002933195  -0.0005095266  -0.0005795869  -0.0004725320   0.0000176216
     623   -0.0000430176  -0.0001382108   0.0002557250  -0.0014460206   0.0000729193  -0.0002760937
     624    0.0002353626   0.0000781744   0.0001218179  -0.0003882826  -0.0000856996  -0.0002785543
     625   -0.0002342082   0.0003112939  -0.0001613934  -0.0008609427  -0.0001315345  -0.0003490373
     626   -0.0008560100   0.0005046567  -0.0007949855  -0.0008922248   0.0000536742   0.0005462411
     627   -0.0015571613   0.0006502123  -0.0006793831  -0.0011126619  -0.0003117988  -0.0008278593
     628    0.0003289055  -0.0007056605   0.0006117784  -0.0015619880   0.0000242126  -0.0005220743
     629    0.0002310245  -0.0007977153   0.0004467236  -0.0004007350  -0.0001433361  -0.0008850959
     630   -0.0001294320  -0.0008103227   0.0003018955   0.0003774711  -0.0009949786  -0.0017046100
     631    0.0002325257  -0.0007266318  -0.0000623362   0.0009570206  -0.0014756795  -0.0019433249
     632    0.0001845226  -0.0001837751  -0.0000934132   0.0003529210  -0.0009787994  -0.0015540431
     633   -0.0002221132   0.0001016710  -0.0000471461  -0.0005876479  -0.0004837906  -0.0005474714
     634    0.0002233172  -0.0002447146  -0.0002454073  -0.0011189630  -0.0000936901  -0.0012309290
     635    0.0000105449   0.0002627339  -0.0002792282  -0.0009300499  -0.0003459848  -0.0009536850
     636   -0.0004922128   0.0002871412   0.0000548188  -0.0015086475  -0.0000064416  -0.0000011894
     637   -0.0009135659   0.0006279257  -0.0004363494  -0.0012172519   0.0013096680   0.0002408130
     638   -0.0013369493   0.0011104466  -0.0008572295  -0.0010150873   0.0018686178   0.0008275873
     639   -0.0019248444   0.0000035808   0.0011528414   0.0002127105  -0.0004033723  -0.0005369451
     640   -0.0007183937  -0.0002345348   0.0002460648  -0.0001377434  -0.0011679958  -0.0004972986
     641   -0.0000765940  -0.0005396798  -0.0002008058   0.0002946042  -0.0014712441  -0.0007257793
     642   -0.0004887639  -0.0006397135   0.0001061123   0.0008550059  -0.0009228118  -0.0025216001
     643   -0.0009408740  -0.0006550653   0.0007594395   0.0003707049  -0.0004847931  -0.0023517411
     644   -0.0008963930  -0.0007919799   0.0008015863  -0.0002684657  -0.0002659238  -0.0026451105
     645   -0.0007198117  -0.0005876320   0.0004138461  -0.0006230385   0.0002452382  -0.0017846881
     646   -0.0003029272   0.0002340267  -0.0004827385  -0.0010240901   0.0006491616  -0.0013650056
     647   -0.0005206346   0.0005968454  -0.0002259321  -0.0010626428   0.0014562381  -0.0000615665
     648    0.0001947274  -0.0000863957   0.0001076706  -0.0007351094   0.0007077990   0.0002210239
     649    0.0003406288  -0.0005531019   0.0004713878  -0.0006094389   0.0017560508   0.0004214558
     650   -0.0006407997  -0.0002472298  -0.0000720555   0.0001522705  -0.0005218708   0.0005542165
     651   -0.0006011253   0.0000540750  -0.0001926377   0.0000295575  -0.0006422985  -0.0000398839
     652   -0.0003353513   0.0002915402  -0.0006832053  -0.0003257150  -0.0018240036   0.0000330040
     653   -0.0006198250  -0.0007247852   0.0002575676  -0.0001661476  -0.0016582995  -0.0012480280
     654   -0.0009376649  -0.0011850059   0.0008172967  -0.0000879453  -0.0010510108  -0.0026455057
     655   -0.0013392571  -0.0012506321   0.0009578312  -0.0001615699   0.0004194353  -0.0028555399
     656   -0.0015818064  -0.0006392432   0.0007452250  -0.0002144314   0.0007334251  -0.0023969770
     657   -0.0009594909   0.0002097989  -0.0000155018  -0.0002956271   0.0013323370  -0.0006101679
     658   -0.0003367332   0.0005629558  -0.0000186059  -0.0001279820   0.0010390292  -0.0003166097
     659    0.0002558396   0.0011269999  -0.0001102575   0.0004710581   0.0018926468   0.0002672588
     660    0.0009499686   0.0013684615  -0.0006599485   0.0010923511   0.0020830831   0.0006549386
     661    0.0002388387   0.0005709322  -0.0010271891  -0.0003303793  -0.0019302826   0.0000887748
     662   -0.0003357138   0.0005041809  -0.0005581206   0.0004005023  -0.0018491963   0.0001676813
     663   -0.0007488834   0.0003069943  -0.0002721081  -0.0005147986  -0.0021012945   0.0003376764
     664   -0.0007187245  -0.0002561851   0.0000220558  -0.0013331949  -0.0025571151  -0.0000012636
     665   -0.0011404565  -0.0009446457   0.0008981485  -0.0007211563  -0.0017995103  -0.0002905486
     666   -0.0014399220  -0.0012019516   0.0011003440  -0.0003712609   0.0005229959  -0.0006636024
     667   -0.0010672992  -0.0009043748   0.0006310027   0.0011303826   0.0018084629  -0.0002146630
     668   -0.0008269717   0.0000050699   0.0003463751   0.0009486748   0.0017179555  -0.0003667091
     669   -0.0001169620   0.0006843380  -0.0000851465   0.0009595843   0.0018083375  -0.0000123412
     670    0.0003625778   0.0011957902  -0.0001929088   0.0008096074   0.0009412982   0.0002038055
     671    0.0004012646   0.0008121736   0.0005345568   0.0006985894   0.0003664778   0.0002857844
     672   -0.0000558118   0.0008824605  -0.0003680774  -0.0001788202  -0.0002854249  -0.0001361914
     673   -0.0000748822   0.0009018396  -0.0009142698  -0.0004784829  -0.0006238978   0.0006527777
     674   -0.0004152345   0.0000434059  -0.0003308243  -0.0008948626  -0.0019286445   0.0016097562
     675   -0.0004765241  -0.0002519844   0.0000527797  -0.0011686200  -0.0031921820   0.0012937988
     676   -0.0009980099  -0.0001952629   0.0006829834  -0.0011093916  -0.0021355353   0.0016142522
     677   -0.0007477403  -0.0003514974   0.0005322339  -0.0002831722   0.0007405780   0.0019020142
     678   -0.0006322290  -0.0007072026   0.0008162825   0.0009608594   0.0022656110   0.0013523971
     679   -0.0002867994  -0.0002293478   0.0003684335   0.0015848366   0.0018820583   0.0008538815
     680   -0.0001483327   0.0000637522   0.0002786941   0.0012756321   0.0012043686   0.0007822578
     681   -0.0002329517   0.0002298746   0.0002285263  -0.0002667713   0.0007825479   0.0003360530
     682   -0.0016042251   0.0010596715   0.0006653191  -0.0012079054   0.0000230093   0.0008456523
     683    0.0001690098   0.0003579677  -0.0008821837   0.0010067241  -0.0007685034   0.0023270277
     684    0.0000297950   0.0002433771  -0.0008076692  -0.0003369486   0.0000605442   0.0007131526
     685    0.0000788096   0.0001502112  -0.0008463184  -0.0007574160  -0.0008884236   0.0010047333
     686   -0.0001637604   0.0000924029  -0.0002121111  -0.0003502177  -0.0022407737   0.0024767884
     687   -0.0003711108   0.0000394149   0.0004381053  -0.0004132060  -0.0012047825   0.0024577745
     688   -0.0000097279  -0.0004335923   0.0004842819  -0.0003131170  -0.0001739521   0.0027456727
     689   -0.0000494084  -0.0004431996   0.0004464861   0.0001340290   0.0005756951   0.0016636441
     690   -0.0001110669  -0.0002087871   0.0003532600   0.0009702919   0.0012372239   0.0011162348
     691   -0.0003008165  -0.0007499447   0.0007402543   0.0009432232   0.0008009028   0.0004393353
     692   -0.0007286086  -0.0006321402   0.0004087426  -0.0001892540   0.0001073589  -0.0000258472
     693   -0.0005168514  -0.0001629624  -0.0006211541  -0.0028504371   0.0013246884  -0.0001813038
     694   -0.0007680643   0.0000191695  -0.0008414611   0.0000511518   0.0007649218   0.0007138764
     695   -0.0006772187  -0.0002508794  -0.0003302224   0.0000136258   0.0001864961   0.0013018591
     696   -0.0002945935  -0.0000270333  -0.0002951809  -0.0003189314  -0.0001547614   0.0006554895
     697   -0.0000594667   0.0001533491  -0.0002063293  -0.0004502682   0.0000435295   0.0005804459
     698   -0.0000652343  -0.0001244619   0.0002796937  -0.0001635943  -0.0004065371   0.0020723931
     699    0.0000323418  -0.0003909252   0.0002905635   0.0004099768   0.0005680572   0.0021434187
     700    0.0000905367  -0.0003849547   0.0002132477   0.0008105024   0.0003125343   0.0017725025
     701   -0.0001067691  -0.0003374564   0.0004121975   0.0003265776   0.0002798479   0.0007470763
     702   -0.0000968235  -0.0002130849  -0.0001746210   0.0008836104   0.0005566100   0.0004393902
     703   -0.0003443992  -0.0005414820  -0.0001082332   0.0013411770   0.0000783381   0.0006052129
     704    0.0006715804  -0.0018105985  -0.0000154657   0.0013211277  -0.0000866738  -0.0010639197
     705   -0.0018671691  -0.0000683850   0.0001858652   0.0025022580   0.0018647504   0.0006361585
     706   -0.0010013057  -0.0000936683  -0.0000734739  -0.0003055995   0.0000130161   0.0011225495
     707   -0.0002313801   0.0000311330   0.0000017071  -0.0002141612  -0.0004801159   0.0010761822
     708   -0.0001843712   0.0006412129  -0.0001119647  -0.0006047404   0.0004398050   0.0002995530
     709   -0.0000197957   0.0003121127  -0.0000464102  -0.0002121439   0.0012774896   0.0001267042
     710    0.0001613898  -0.0005736875   0.0001101408   0.0004850064   0.0006955280   0.0010306983
     711    0.0003510244  -0.0011465201   0.0004836680   0.0004713259   0.0003865293   0.0015682704
     712    0.0002303145  -0.0002115881   0.0000979742   0.0008584418   0.0000377645   0.0014673919
     713    0.0000225935   0.0003255016  -0.0004245373   0.0011194403  -0.0002748415   0.0001378482
     714    0.0001227525  -0.0004272945  -0.0004540977   0.0021504145  -0.0008047930   0.0006305655
     715   -0.0002294489  -0.0006553452  -0.0002190446   0.0003253758  -0.0007300953   0.0023942528
     716    0.0009129937  -0.0032641645   0.0006932958   0.0049344203  -0.0000573414  -0.0011831880
     717   -0.0003465322  -0.0015113663   0.0008843387  -0.0002445635   0.0009735627   0.0004418782
     718    0.0001495426   0.0002998982  -0.0003423440   0.0002446975  -0.0008144114   0.0023366393
     719   -0.0003118658   0.0008556021   0.0001589290  -0.0009132126  -0.0003187460   0.0002859704
     720    0.0001541260   0.0005287063  -0.0001878863   0.0000028414   0.0021576852  -0.0011671278
     721    0.0001621776  -0.0010050320   0.0003552785   0.0001641067   0.0020236051   0.0005373525
     722    0.0009402743  -0.0006400453  -0.0008691938   0.0002444120   0.0007505817   0.0007654145
     723    0.0000716173   0.0000938063   0.0001887914   0.0005166341  -0.0006607328   0.0018884730
     724   -0.0007513036   0.0005989734   0.0004527811   0.0016381715  -0.0007381796  -0.0004437183
     725    0.0012093347  -0.0026239855   0.0006476392   0.0027678778   0.0004920543   0.0004515003
     726    0.0010578509  -0.0048667844   0.0024572166  -0.0042937688  -0.0018642971   0.0028700279
     727    0.0023386209  -0.0014047729   0.0008663348  -0.0005925513   0.0030104127   0.0015249105
     728    0.0015499596  -0.0020472492   0.0012214911   0.0019467274  -0.0019608792  -0.0045210435
     729   -0.0006255114  -0.0013031732   0.0011630750   0.0004338659  -0.0008496251   0.0000983099
     730    0.0007128314  -0.0008839598  -0.0000553308   0.0006096202  -0.0015316887  -0.0027505297
     731   -0.0005295572   0.0016061114  -0.0003218008  -0.0003464549  -0.0035503966   0.0013321578
     732    0.0009080205   0.0009977413  -0.0011795414  -0.0026333949   0.0009970936   0.0003081264
     733    0.0009533576  -0.0008023820   0.0002759843  -0.0013264817   0.0013183901  -0.0016711678
     734   -0.0001009957   0.0001715926   0.0003231823   0.0009225498  -0.0006147412   0.0005304751
     735   -0.0004448377   0.0014248284  -0.0008359198  -0.0009206420  -0.0006986151   0.0009117509
     736   -0.0013380411   0.0000567635  -0.0000384469  -0.0002242163   0.0005678621   0.0006418152
     737   -0.0006063450   0.0019979349  -0.0037160866  -0.0010461310  -0.0020160870   0.0023740769
     738    0.0007223478  -0.0009406370   0.0015252326  -0.0000344354  -0.0006943043   0.0006354371
     739    0.0013812279  -0.0010639473   0.0000526096  -0.0000423316   0.0007094523  -0.0011984539
     740    0.0002028620  -0.0013463872   0.0002767703   0.0001122971  -0.0009431902  -0.0018740504
     741    0.0002476267  -0.0008592431   0.0002060017   0.0005875221  -0.0010329293  -0.0011163954
     742    0.0000092078   0.0005750745  -0.0000590350   0.0000767662  -0.0016530377  -0.0006674622
     743    0.0002003622   0.0004382906  -0.0001676369  -0.0012605918  -0.0008881546  -0.0000808817
     744    0.0004604219  -0.0001472083  -0.0001151552  -0.0015103681   0.0001286468  -0.0005581885
     745   -0.0003552922   0.0000396592   0.0006520285  -0.0007771419  -0.0005617504  -0.0003732609
     746   -0.0004840656   0.0007465347  -0.0000748882  -0.0010141892  -0.0006746131  -0.0000358534
     747   -0.0007951649   0.0002284258  -0.0004316341  -0.0013413581   0.0006736993   0.0000870119
     748   -0.0016900121  -0.0009188980   0.0007603308  -0.0021075330  -0.0002004795   0.0004745343
     749    0.0007244712  -0.0011084816   0.0005220035  -0.0000196349  -0.0004980957  -0.0024136648
     750    0.0001798149  -0.0008082442   0.0003431510  -0.0004020266  -0.0008126447  -0.0007850163
     751    0.0002916486  -0.0011771006   0.0000461772  -0.0001839309  -0.0007756838  -0.0007803011
     752   -0.0002495565  -0.0005301748   0.0000359490   0.0010887266  -0.0015937699  -0.0022499413
     753   -0.0003437829  -0.0000557311   0.0001343941   0.0007697217  -0.0003518713  -0.0004312837
     754   -0.0002623373   0.0002787286  -0.0003127161  -0.0007158084  -0.0002299795  -0.0007300040
     755   -0.0002609907  -0.0004308081   0.0003306443  -0.0011077338   0.0004201931  -0.0006991949
     756    0.0000012374   0.0002414939  -0.0001924606  -0.0009273318  -0.0004890083  -0.0014646740
     757   -0.0006374799   0.0005169292   0.0002358265  -0.0006269855   0.0002115348  -0.0003942018
     758   -0.0008449772   0.0000797877   0.0003148212  -0.0017350542   0.0002267846   0.0013888583
     759    0.0003948074   0.0003363184  -0.0016195383  -0.0008046495  -0.0027576006   0.0004534906
     760   -0.0009108291  -0.0009431564   0.0010721214  -0.0026906959  -0.0010417869   0.0005453946
     761   -0.0004474604  -0.0004113174   0.0001455705  -0.0008977613  -0.0013439110  -0.0008704324
     762   -0.0003823937  -0.0006535278   0.0003336628  -0.0002007140  -0.0012680433  -0.0012717516
     763   -0.0004225848  -0.0006926538   0.0001141346   0.0003294564  -0.0000852296  -0.0018208506
     764   -0.0011064439  -0.0007996059   0.0007240391   0.0008072207  -0.0005144540  -0.0019505258
     765   -0.0010862765  -0.0003305492  -0.0000024680  -0.0000428360  -0.0008894623  -0.0010274520
     766   -0.0011848369  -0.0002470050   0.0001556674  -0.0008310806   0.0000023157  -0.0019344726
     767   -0.0004927608   0.0000307373  -0.0000634326  -0.0002243111   0.0002841511  -0.0008277462
     768   -0.0002116877   0.0006085194  -0.0002759847  -0.0010630324   0.0014767405   0.0002507542
     769   -0.0000716536   0.0007182787  -0.0000414935  -0.0005562712   0.0012243506   0.0000972646
     770   -0.0004417819   0.0005922181   0.0006027626   0.0005593410   0.0035987228   0.0016926376
     771   -0.0015782097   0.0008570085   0.0001213633  -0.0010128484  -0.0015404254   0.0000718244
     772   -0.0007754966   0.0005079324  -0.0002371630  -0.0003147042  -0.0008658150  -0.0001034327
     773   -0.0002503969   0.0001897989  -0.0005247414  -0.0005548023  -0.0013096380   0.0002862184
     774   -0.0004114599  -0.0006554627   0.0000837718  -0.0012530497  -0.0013777856  -0.0013088984
     775   -0.0008285482  -0.0006290645   0.0001512692  -0.0002375259  -0.0000287084  -0.0017043085
     776   -0.0013389386  -0.0010822100   0.0005430873  -0.0002967750   0.0003972903  -0.0021097038
     777   -0.0011030619  -0.0005909916  -0.0000785328   0.0002397447   0.0005895271  -0.0017752995
     778   -0.0008465725   0.0003029999  -0.0002253264   0.0003251674   0.0012784795  -0.0000302613
     779   -0.0006802872   0.0007671107   0.0003276726   0.0001734041   0.0008730599   0.0003656832
     780    0.0005816278   0.0010529895  -0.0000705925   0.0006172531   0.0012527834   0.0002031201
     781    0.0015070194   0.0010876360  -0.0006368985   0.0001717068  -0.0000011727  -0.0003429479
     782    0.0004332291   0.0005856107  -0.0004597911  -0.0006807117  -0.0005574308   0.0017162328
     783   -0.0000963016   0.0005354814  -0.0002578899  -0.0005946963  -0.0011002666  -0.0000755167
     784   -0.0008143191   0.0000355482   0.0002143028  -0.0009430978  -0.0017594718  -0.0000310327
     785   -0.0002256799  -0.0001500423  -0.0005755199  -0.0011186394  -0.0021456265  -0.0001598418
     786   -0.0006657801  -0.0004140009   0.0000969684  -0.0014121616  -0.0006943742  -0.0007396081
     787   -0.0007439218  -0.0008211613   0.0001405960  -0.0002432727  -0.0002026233  -0.0009676751
     788   -0.0005952837  -0.0005700311  -0.0002534483   0.0008957203   0.0017645044  -0.0001057420
     789   -0.0009175779  -0.0001373980   0.0006111348   0.0011573661   0.0013095965  -0.0003237410
     790   -0.0001375643   0.0008524860  -0.0000906150   0.0015822046   0.0012665936  -0.0003277870
     791    0.0002842001   0.0013002980  -0.0001778556   0.0009002106   0.0011522741   0.0004267255
     792    0.0007207739   0.0007833813   0.0001569944  -0.0001528432   0.0015334598   0.0004645624
     793    0.0001255064   0.0003709014   0.0012113925  -0.0002567271  -0.0026036364   0.0004241648
     794    0.0002881373   0.0009146773  -0.0005021145   0.0001643388  -0.0022373905   0.0003418925
     795   -0.0000349427   0.0001766146  -0.0008187539  -0.0005418645  -0.0019256963   0.0008123558
     796   -0.0002434234  -0.0003318341  -0.0001920894  -0.0013977176  -0.0012240667   0.0013645904
     797   -0.0004625408   0.0001368813   0.0000123396  -0.0014482555  -0.0013188442   0.0012319430
     798   -0.0004037979  -0.0000276725  -0.0000404920  -0.0005393364   0.0006041278   0.0017329929
     799   -0.0001587915  -0.0002355948  -0.0002428385   0.0007640721   0.0011468140   0.0007590550
     800    0.0000959556  -0.0003246512   0.0000630813   0.0015851664   0.0020229218   0.0005054619
     801    0.0002084918  -0.0003072845   0.0002649491   0.0013783458   0.0005005197   0.0005719601
     802   -0.0003060510   0.0001126531   0.0002505456   0.0005441662   0.0014509080   0.0005394966
     803   -0.0008126216  -0.0004434938   0.0011771036  -0.0002533025   0.0004525546   0.0005998580
     804   -0.0001054794   0.0009902245  -0.0004696283   0.0004254656  -0.0003476619   0.0010948305
     805    0.0000608512   0.0004174170  -0.0006051705  -0.0003716794   0.0002338384   0.0009640840
     806    0.0000007992  -0.0002048760  -0.0006133870  -0.0003636725  -0.0002934083   0.0014667783
     807   -0.0003977761  -0.0000901873  -0.0000445246  -0.0003333624  -0.0008955273   0.0019481510
     808   -0.0001355863   0.0000359367   0.0003299228  -0.0005663072  -0.0009471310   0.0020241507
     809   -0.0000316802   0.0003340568  -0.0001484063   0.0001976641  -0.0004748740   0.0019071833
     810    0.0001745705  -0.0003071499   0.0000070239   0.0002787031   0.0015200087   0.0018097487
     811   -0.0002384718  -0.0005220932   0.0006825984   0.0006248772   0.0004265646   0.0008354314
     812   -0.0002412527  -0.0003141425   0.0000528980   0.0008473809   0.0010217050   0.0009313167
     813   -0.0008400423  -0.0011381451   0.0008151464  -0.0004721058  -0.0000067968  -0.0004801746
     814   -0.0010050858   0.0000570394  -0.0005294390  -0.0006794753  -0.0020261266   0.0008418508
     815   -0.0009278969  -0.0004893681  -0.0003047810   0.0016350342   0.0015456321   0.0009252748
     816   -0.0008802505  -0.0008943089   0.0004084094  -0.0001472672   0.0004350388   0.0010113838
     817   -0.0004437038  -0.0000850575  -0.0001464884  -0.0006729742  -0.0004254754   0.0007076728
     818   -0.0004555974   0.0001830158   0.0000669125   0.0005395939   0.0002970464   0.0002982079
     819   -0.0004485421   0.0002190646   0.0002164973   0.0013209538  -0.0003649066   0.0015267202
     820   -0.0000684764  -0.0004105597   0.0002704343   0.0002194602   0.0011831925   0.0017410886
     821    0.0002491387  -0.0009308856   0.0004801186   0.0002145031   0.0002937085   0.0013298348
     822    0.0000560217  -0.0003030054   0.0002144989   0.0005702043   0.0001040434   0.0005793203
     823   -0.0006631577  -0.0005427852   0.0006750228   0.0004563082  -0.0000992377   0.0001890092
     824   -0.0000131144  -0.0006482492  -0.0001379745   0.0003735457  -0.0006801544   0.0001072967
     825    0.0000026132  -0.0008420981   0.0001786001  -0.0001015896   0.0006247738  -0.0000452472
     826   -0.0014222659  -0.0013954234   0.0010060313  -0.0028572237   0.0011950741   0.0020950330
     827   -0.0001353599  -0.0005380335  -0.0006318622  -0.0000585435  -0.0004475239   0.0012960209
     828   -0.0001438315  -0.0000287824   0.0000239120  -0.0009951712   0.0003158968   0.0008742139
     829    0.0002062536   0.0005771310  -0.0001568968  -0.0010053937   0.0003058733   0.0000582845
     830   -0.0003454754   0.0006281610  -0.0001291982   0.0008494173   0.0009872750   0.0000397878
     831   -0.0000906477  -0.0006496111  -0.0000121776   0.0012930966   0.0004233324   0.0012729594
     832   -0.0001767832  -0.0008966372   0.0004673606   0.0004771153   0.0007409684   0.0015104759
     833    0.0003344041  -0.0006799615   0.0004738130  -0.0001722274  -0.0002258631   0.0014431642
     834    0.0004658645   0.0004052373  -0.0008265984   0.0011552002  -0.0009663406   0.0000975253
     835   -0.0002749144   0.0001180239  -0.0004687616   0.0015089508   0.0008802347   0.0014185979
     836    0.0000279596  -0.0014438292   0.0004838678   0.0012746850   0.0012769385  -0.0002833905
     837   -0.0039319749   0.0030643665  -0.0006052196  -0.0029332971  -0.0065005501  -0.0010011113
     838   -0.0009213822   0.0000867535  -0.0001670327   0.0018237483   0.0012572367   0.0030554912
     839    0.0006800903   0.0001702564  -0.0007301397  -0.0017947828  -0.0021065735   0.0007780847
     840    0.0000222242   0.0014452745  -0.0003690634  -0.0018405151   0.0004050047   0.0009472112
     841   -0.0007413357   0.0010785203   0.0001919584  -0.0001275024   0.0016913814  -0.0004857125
     842   -0.0001599355  -0.0012020201   0.0004031743   0.0019753799   0.0023293077   0.0009411248
     843   -0.0002447128  -0.0012316285   0.0005375800   0.0001293476   0.0007482039  -0.0005655367
     844   -0.0000441888   0.0002561471   0.0000624923   0.0005007000  -0.0006200718   0.0012137144
     845    0.0002861975  -0.0004810839   0.0006702806   0.0020673635  -0.0001733232   0.0023493831
     846   -0.0002277202  -0.0011602262   0.0004141547   0.0004871796  -0.0024801956   0.0005780772
     847    0.0003835409  -0.0011402617  -0.0012651144   0.0006800044   0.0028026036   0.0002684068

 MINIMUM VALUES
 NODE        837            726            424            404            837            326
 VALUE    -0.0039319749  -0.0048667844  -0.0072728666  -0.0050882051  -0.0065005501  -0.0051134588

 MAXIMUM VALUES
 NODE        111              1            121            363            122            242
 VALUE     0.0032276969   0.0060308885   0.0035370647   0.0061592261   0.0074061891   0.0049574446
