
 PRINT EPEL NODAL SOLUTION PER NODE

 *** ANSYS - ENGINEERING ANALYSIS SYSTEM  RELEASE Release 17.2     17.2     ***
 ANSYS Academic Research                           
 00210476  VERSION=LINUX x64     17:59:09  JUL 26, 2019 CP=      0.602

                                                                               


 
  ***** POST1 NODAL ELASTIC STRAIN LISTING *****                               
 
  LOAD STEP=     1  SUBSTEP=     1                                             
   TIME=    1.0000      LOAD CASE=   0                                         
 
    NODE       EPEL1          EPEL2          EPEL3          EPELINT        EPELEQV 
       1    0.0072000408  -0.0002600925  -0.0038590794   0.0110591202   0.0075154759
       2    0.0025204882   0.0005513998  -0.0007452272   0.0032657154   0.0031622536
       3    0.0026298057   0.0010176086  -0.0026136992   0.0052435048   0.0038763000
       4    0.0015838387  -0.0000691874  -0.0020180593   0.0036018980   0.0024275174
       5    0.0004415342  -0.0001840803  -0.0019827160   0.0024242502   0.0019217417
       6    0.0004212177  -0.0003864573  -0.0016578417   0.0020790594   0.0017200007
       7    0.0004385387  -0.0001555718  -0.0011741116   0.0016126503   0.0011123962
       8    0.0005730830  -0.0003395168  -0.0009867527   0.0015598357   0.0010920325
       9    0.0012102297   0.0000650520  -0.0021482156   0.0033584453   0.0024499618
      10    0.0015667781   0.0008170640  -0.0022323310   0.0037991091   0.0032040272
      11    0.0050211492  -0.0010704501  -0.0029233247   0.0079444740   0.0055378043
      12    0.0037716594   0.0007981996  -0.0021402556   0.0059119150   0.0041889527
      13    0.0023645146   0.0002420066  -0.0008079008   0.0031724154   0.0023084839
      14    0.0015970604   0.0005610202  -0.0013519548   0.0029490152   0.0020586026
      15    0.0008138797  -0.0001808039  -0.0010399195   0.0018537992   0.0016735616
      16    0.0003780549  -0.0007923411  -0.0009562343   0.0013342893   0.0012797285
      17    0.0000704729  -0.0005118897  -0.0007908671   0.0008613399   0.0009598320
      18    0.0005202815  -0.0004021083  -0.0009187392   0.0014390208   0.0010616428
      19    0.0004945051  -0.0003588115  -0.0008614915   0.0013559966   0.0009655463
      20    0.0004508486   0.0001002016  -0.0010474722   0.0014983208   0.0011492006
      21    0.0007693727   0.0000098017  -0.0005744241   0.0013437967   0.0013674364
      22    0.0021644177  -0.0002660264  -0.0013283391   0.0034927568   0.0026911843
      23    0.0009194314   0.0000826266  -0.0004421181   0.0013615495   0.0017455769
      24    0.0010166261  -0.0002563764  -0.0004127551   0.0014293812   0.0011117602
      25    0.0011019488  -0.0002476168  -0.0008637330   0.0019656818   0.0014242710
      26    0.0007710489  -0.0000207591  -0.0013172973   0.0020883462   0.0014872378
      27    0.0012303784  -0.0005967608  -0.0015461305   0.0027765089   0.0020654824
      28    0.0002151038  -0.0004400793  -0.0006748135   0.0008899173   0.0008186819
      29   -0.0001679955  -0.0003062446  -0.0006229025   0.0004549070   0.0003526535
      30    0.0002190511  -0.0003443371  -0.0010787289   0.0012977800   0.0009976649
      31    0.0002171110  -0.0003076523  -0.0006595030   0.0008766140   0.0010133868
      32    0.0005288006  -0.0001427927  -0.0007554875   0.0012842881   0.0010332440
      33    0.0006056003   0.0001952759  -0.0012082073   0.0018138076   0.0013151374
      34    0.0016116916  -0.0005380121  -0.0015406437   0.0031523353   0.0022600369
      35    0.0004458904  -0.0000461574  -0.0007600709   0.0012059613   0.0008892618
      36    0.0008497109  -0.0006623663  -0.0008051031   0.0016548140   0.0012527107
      37    0.0006820311  -0.0006289778  -0.0012246211   0.0019066522   0.0013639366
      38    0.0008642775  -0.0004587818  -0.0015726501   0.0024369276   0.0019093926
      39    0.0006488827  -0.0002365776  -0.0016980241   0.0023469067   0.0017694820
      40    0.0002862714  -0.0008020986  -0.0012744377   0.0015607091   0.0011813161
      41    0.0001074844  -0.0005290483  -0.0011931386   0.0013006230   0.0013141779
      42    0.0003020905  -0.0002908281  -0.0009443877   0.0012464782   0.0012769183
      43    0.0004292094   0.0000429018  -0.0012756938   0.0017049032   0.0012683403
      44    0.0007200645  -0.0002597281  -0.0014485858   0.0021686503   0.0014696419
      45    0.0015523149   0.0001627736  -0.0012416309   0.0027939458   0.0019400923
      46    0.0011746144  -0.0004491729  -0.0006418972   0.0018165116   0.0014753790
      47    0.0010754735  -0.0005876746  -0.0012672498   0.0023427234   0.0016828347
      48    0.0008101628  -0.0008231657  -0.0014049687   0.0022151316   0.0016354855
      49    0.0000194099  -0.0003286675  -0.0012404829   0.0012598929   0.0011232408
      50    0.0003097915  -0.0006841662  -0.0013707188   0.0016805103   0.0013542308
      51    0.0003230751  -0.0007888478  -0.0014716638   0.0017947390   0.0013111498
      52    0.0006948727  -0.0002269064  -0.0018252117   0.0025200843   0.0018099071
      53    0.0002952104  -0.0001376523  -0.0007661741   0.0010613845   0.0010069324
      54    0.0008844874  -0.0003668501  -0.0009704975   0.0018549849   0.0015335918
      55    0.0011902498  -0.0006754925  -0.0010169796   0.0022072294   0.0017233557
      56    0.0022910832  -0.0002885590  -0.0008686803   0.0031597635   0.0023381481
      57    0.0012366273  -0.0003460005  -0.0007485767   0.0019852040   0.0014325993
      58    0.0006769539  -0.0004919891  -0.0012732959   0.0019502499   0.0013223942
      59    0.0006188785  -0.0007481712  -0.0010222667   0.0016411452   0.0012477191
      60    0.0004480335  -0.0005824517  -0.0008584630   0.0013064965   0.0011884608
      61    0.0001802999  -0.0004703428  -0.0010115813   0.0011918812   0.0013731559
      62    0.0009048401  -0.0003329088  -0.0018652790   0.0027701190   0.0019011075
      63    0.0003555384  -0.0001294498  -0.0009817539   0.0013372923   0.0009595358
      64    0.0004960451   0.0001602506  -0.0012348913   0.0017309364   0.0013532637
      65    0.0004718404   0.0002267427  -0.0010197496   0.0014915899   0.0013058093
      66    0.0011440698   0.0000425695  -0.0011901026   0.0023341724   0.0016104834
      67    0.0016434047   0.0001049363  -0.0013233168   0.0029667216   0.0020367957
      68    0.0009412729  -0.0001369389  -0.0009011850   0.0018424578   0.0012651660
      69    0.0002034968  -0.0001731486  -0.0009232542   0.0011267509   0.0011328555
      70    0.0007208044  -0.0006471721  -0.0010330916   0.0017538960   0.0012486953
      71    0.0005087810  -0.0001996255  -0.0009223312   0.0014311122   0.0009953217
      72    0.0013620689  -0.0006324771  -0.0014155348   0.0027776037   0.0020528438
      73    0.0006345199  -0.0001678453  -0.0011770652   0.0018115851   0.0017648798
      74    0.0010292325  -0.0002583500  -0.0012157363   0.0022449687   0.0015263194
      75    0.0006133968  -0.0002464667  -0.0007730379   0.0013864347   0.0010711382
      76    0.0010779487  -0.0003902930  -0.0007669412   0.0018448899   0.0013677076
      77    0.0012936292   0.0002037326  -0.0012100107   0.0025036399   0.0019806197
      78    0.0018646301  -0.0000852060  -0.0025655029   0.0044301330   0.0034115985
      79    0.0007331394   0.0003680880  -0.0015801813   0.0023133207   0.0018090470
      80    0.0009577141  -0.0003122740  -0.0009906068   0.0019483209   0.0014969537
      81    0.0006016355  -0.0003546128  -0.0008017894   0.0014034249   0.0011838022
      82    0.0011474228  -0.0001820033  -0.0016062955   0.0027537183   0.0019587246
      83    0.0009044559  -0.0002636985  -0.0014852489   0.0023897047   0.0016617007
      84    0.0006511278  -0.0005029438  -0.0012472536   0.0018983813   0.0016078820
      85    0.0002537868  -0.0004717595  -0.0009278246   0.0011816114   0.0009678359
      86    0.0006428830  -0.0005147238  -0.0009631049   0.0016059879   0.0012865933
      87    0.0014880571  -0.0002668547  -0.0012216804   0.0027097375   0.0020232176
      88    0.0025632987  -0.0000336002  -0.0019524790   0.0045157776   0.0033781694
      89    0.0021215859   0.0000368899  -0.0024530933   0.0045746792   0.0033886570
      90    0.0008983231  -0.0000716173  -0.0009465892   0.0018449123   0.0017753891
      91    0.0006418294  -0.0002856099  -0.0006232793   0.0012651087   0.0011766692
      92    0.0004459607   0.0000015735  -0.0009885012   0.0014344618   0.0010821568
      93    0.0008563771  -0.0006123702  -0.0008500015   0.0017063786   0.0015153385
      94    0.0006564362  -0.0005642066  -0.0011676483   0.0018240845   0.0013114453
      95    0.0004958352  -0.0006121299  -0.0014338167   0.0019296520   0.0013602533
      96   -0.0000758342  -0.0006299110  -0.0009343149   0.0008584807   0.0006887713
      97    0.0005531611  -0.0006020927  -0.0010758007   0.0016289618   0.0013137551
      98    0.0016323861  -0.0002908031  -0.0017445207   0.0033769068   0.0023819552
      99    0.0020094960   0.0005813232  -0.0027589396   0.0047684356   0.0035617724
     100    0.0019409183   0.0014913887  -0.0028486237   0.0047895420   0.0039666181
     101    0.0011470778   0.0004225437  -0.0009612895   0.0021083672   0.0017612993
     102    0.0005634514   0.0001710837  -0.0009692465   0.0015326980   0.0015334777
     103   -0.0000452904  -0.0003726394  -0.0007790994   0.0007338090   0.0008479463
     104    0.0006470542  -0.0002543407  -0.0012291965   0.0018762507   0.0013466022
     105    0.0004079564  -0.0004235890  -0.0006232312   0.0010311875   0.0010202657
     106    0.0009236636  -0.0003344699  -0.0016483532   0.0025720168   0.0021045068
     107    0.0005837761  -0.0004554750  -0.0011642455   0.0017480216   0.0014036777
     108    0.0013208215  -0.0004189962  -0.0014390500   0.0027598715   0.0019360838
     109    0.0018676481  -0.0006594136  -0.0012227563   0.0030904044   0.0023110783
     110    0.0029702981  -0.0008408681  -0.0019340104   0.0049043086   0.0038472537
     111    0.0032714280   0.0004861876  -0.0033779176   0.0066493456   0.0044490099
     112    0.0023970664   0.0000434229  -0.0017763376   0.0041734041   0.0028198124
     113    0.0011686983   0.0000843323  -0.0013487939   0.0025174922   0.0018232198
     114    0.0003371738  -0.0002960641  -0.0015304245   0.0018675984   0.0016954258
     115    0.0005285565   0.0001610962  -0.0016173733   0.0021459298   0.0022793394
     116    0.0006089025  -0.0000503480  -0.0007289498   0.0013378523   0.0017413128
     117    0.0012817913   0.0009324636  -0.0028177634   0.0040995547   0.0033453080
     118    0.0013456552   0.0000486855  -0.0019046205   0.0032502757   0.0025596109
     119    0.0020444429   0.0000578898  -0.0022110242   0.0042554672   0.0030853297
     120    0.0020248276  -0.0002666858  -0.0011705241   0.0031953517   0.0022065289
     121    0.0035613046  -0.0002431302  -0.0020629456   0.0056242502   0.0038236899
     122    0.0055470987   0.0010258523  -0.0030605458   0.0086076445   0.0063198173
     123    0.0031657294   0.0007934934  -0.0014591380   0.0046248675   0.0032697764
     124    0.0021491489   0.0010161023  -0.0019969272   0.0041460761   0.0032140445
     125    0.0010433887  -0.0002167334  -0.0008772427   0.0019206314   0.0017096846
     126    0.0008697246  -0.0002906584  -0.0017590662   0.0026287907   0.0018946924
     127    0.0006636544  -0.0004447050  -0.0012561201   0.0019197746   0.0017779914
     128    0.0004079111  -0.0000406956  -0.0010103420   0.0014182531   0.0014001191
     129    0.0010095417  -0.0006753799  -0.0014582191   0.0024677608   0.0020707940
     130    0.0009884433  -0.0005653244  -0.0017637734   0.0027522167   0.0020173675
     131    0.0009138163   0.0001588179  -0.0015857068   0.0024995231   0.0022328849
     132    0.0029600458  -0.0005728703  -0.0023582729   0.0053183187   0.0049878293
     133    0.0026106057   0.0007809113  -0.0009532684   0.0035638741   0.0027627855
     134    0.0016003838   0.0006019368  -0.0004186645   0.0020190483   0.0015996830
     135    0.0012074781   0.0005199794  -0.0008504164   0.0020578945   0.0015505987
     136    0.0005062246  -0.0001731079  -0.0003536600   0.0008598846   0.0009260675
     137    0.0004483941  -0.0003321124  -0.0009935555   0.0014419496   0.0014820080
     138    0.0001583796  -0.0001808233  -0.0007983727   0.0009567523   0.0011162989
     139    0.0007188910  -0.0003086378  -0.0010627081   0.0017815991   0.0013602359
     140    0.0006931828  -0.0007778632  -0.0009220102   0.0016151930   0.0014356942
     141    0.0005087589  -0.0005966446  -0.0007924006   0.0013011595   0.0013922193
     142    0.0006736072  -0.0000511682  -0.0007913472   0.0014649544   0.0018946469
     143    0.0014107535   0.0003970758  -0.0016467340   0.0030574876   0.0024703405
     144    0.0015392636  -0.0002129531  -0.0009115516   0.0024508153   0.0020161012
     145    0.0010758853  -0.0000558638  -0.0007012547   0.0017771400   0.0013800712
     146    0.0010942835  -0.0001468871  -0.0008743321   0.0019686156   0.0015908635
     147    0.0008963159  -0.0003654604  -0.0008771761   0.0017734920   0.0013082733
     148    0.0010519317  -0.0006492335  -0.0010231683   0.0020750999   0.0017877807
     149    0.0004712306  -0.0003181178  -0.0008795563   0.0013507869   0.0011097821
     150    0.0000389178  -0.0004511607  -0.0006277069   0.0006666247   0.0008485362
     151    0.0001772046  -0.0004517744  -0.0009116920   0.0010888965   0.0012056883
     152    0.0004161920  -0.0003257814  -0.0008367606   0.0012529526   0.0012203163
     153    0.0002368693  -0.0000846507  -0.0005827922   0.0008196616   0.0010069878
     154    0.0002246911   0.0000875042  -0.0008012089   0.0010259001   0.0012888890
     155    0.0012680605  -0.0003207953  -0.0013327722   0.0026008327   0.0027217886
     156    0.0006674525  -0.0003188635  -0.0006229850   0.0012904375   0.0012664634
     157    0.0009487089  -0.0005726745  -0.0008803734   0.0018290823   0.0016064593
     158    0.0012787755  -0.0008207554  -0.0016032677   0.0028820432   0.0021173969
     159    0.0009759656  -0.0003493653  -0.0018340150   0.0028099806   0.0019790414
     160    0.0011300587  -0.0007779981  -0.0016130087   0.0027430674   0.0020875637
     161    0.0007033534  -0.0008795703  -0.0014125697   0.0021159231   0.0016258440
     162    0.0004458967  -0.0007557312  -0.0009880252   0.0014339219   0.0013124476
     163    0.0005143411  -0.0001918171  -0.0010703979   0.0015847391   0.0013928253
     164    0.0003140812  -0.0003589057  -0.0008525158   0.0011665971   0.0011842399
     165    0.0004350994  -0.0003126899  -0.0013916568   0.0018267562   0.0014866741
     166    0.0015790295   0.0003905798  -0.0016889816   0.0032680110   0.0025598806
     167    0.0009175216  -0.0000766779  -0.0008414110   0.0017589326   0.0012964174
     168    0.0007975206  -0.0003649444  -0.0011539373   0.0019514579   0.0014792809
     169    0.0007897622  -0.0007508781  -0.0014492102   0.0022389724   0.0016522843
     170    0.0007280485  -0.0009808813  -0.0013792801   0.0021073286   0.0017069509
     171    0.0006814032  -0.0005604226  -0.0019160263   0.0025974295   0.0019346651
     172    0.0016815700  -0.0014156718  -0.0019784245   0.0036599944   0.0028742934
     173    0.0008181009  -0.0003046176  -0.0015066438   0.0023247447   0.0017516877
     174    0.0004786478  -0.0002115984  -0.0007384448   0.0012170926   0.0010380245
     175    0.0004831325  -0.0000038108  -0.0009803119   0.0014634444   0.0012046895
     176    0.0005046985   0.0001061678  -0.0012168821   0.0017215806   0.0016151825
     177    0.0008537777   0.0004118006  -0.0005250654   0.0013788431   0.0017101201
     178    0.0005691037   0.0001860097  -0.0007787498   0.0013478535   0.0011219190
     179    0.0008643297  -0.0005833512  -0.0012660336   0.0021303633   0.0015250403
     180    0.0010858699  -0.0008533909  -0.0012550129   0.0023408828   0.0017976447
     181    0.0010837109  -0.0007339588  -0.0013743185   0.0024580294   0.0019761107
     182    0.0012656539  -0.0011227290  -0.0015800949   0.0028457488   0.0022363087
     183    0.0014718204  -0.0009665700  -0.0017565305   0.0032283509   0.0026640420
     184    0.0012861474  -0.0003274327  -0.0015244290   0.0028105764   0.0020298966
     185    0.0005911501  -0.0000773356  -0.0009720831   0.0015632332   0.0013541971
     186    0.0000450978  -0.0000883378  -0.0002946304   0.0003397282   0.0007940065
     187    0.0004892157   0.0000270700  -0.0005923085   0.0010815242   0.0010239503
     188    0.0016388370   0.0005525682  -0.0016626544   0.0033014913   0.0028843227
     189    0.0005658965   0.0003983418  -0.0010661275   0.0016320240   0.0014385393
     190    0.0004513248  -0.0002882979  -0.0009970907   0.0014484155   0.0012146717
     191    0.0010132119  -0.0005807415  -0.0011305081   0.0021437200   0.0017267377
     192    0.0019560618  -0.0008471766  -0.0016322259   0.0035882877   0.0028707997
     193    0.0015197764  -0.0008113952  -0.0015209545   0.0030407309   0.0022635367
     194    0.0013256472  -0.0005175824  -0.0015850957   0.0029107429   0.0021394589
     195    0.0012208813  -0.0005329527  -0.0011213331   0.0023422144   0.0017188911
     196    0.0007195405   0.0000070848  -0.0011192742   0.0018388146   0.0015291198
     197    0.0007439783  -0.0002312997  -0.0005862299   0.0013302082   0.0012198735
     198    0.0011253166  -0.0001300647  -0.0007087461   0.0018340627   0.0015376228
     199    0.0019748370  -0.0002637727  -0.0018332571   0.0038080942   0.0038254592
     200    0.0013532414  -0.0004164745  -0.0011175649   0.0024708064   0.0020701245
     201    0.0008361400  -0.0005157264  -0.0006212618   0.0014574018   0.0012072918
     202    0.0010662234  -0.0005441259  -0.0007960025   0.0018622259   0.0015255195
     203    0.0011888134  -0.0001686438  -0.0013894834   0.0025782968   0.0019837608
     204    0.0015663907  -0.0006221475  -0.0017799412   0.0033463319   0.0023475987
     205    0.0010876220  -0.0006301912  -0.0016684847   0.0027561067   0.0020733014
     206    0.0006555630  -0.0004839226  -0.0013256329   0.0019811959   0.0015842438
     207    0.0005257045  -0.0003621053  -0.0010003574   0.0015260619   0.0013826736
     208    0.0007946428  -0.0002304934  -0.0007396504   0.0015342932   0.0013214233
     209    0.0021255200   0.0000334782  -0.0018406465   0.0039661665   0.0031100491
     210    0.0008293050   0.0001523249  -0.0012577520   0.0020870570   0.0025651314
     211    0.0002898402   0.0000050424  -0.0004490753   0.0007389155   0.0010943074
     212    0.0008499082  -0.0002619384  -0.0008460938   0.0016960020   0.0014082548
     213    0.0006991877  -0.0003327551  -0.0007195867   0.0014187743   0.0011952054
     214    0.0005838117  -0.0002949703  -0.0006379621   0.0012217738   0.0011353406
     215    0.0008037403  -0.0002339036  -0.0014575671   0.0022613073   0.0016437285
     216   -0.0000529788  -0.0005096405  -0.0009729016   0.0009199227   0.0012663828
     217    0.0001595949  -0.0006943957  -0.0010163716   0.0011759665   0.0011140466
     218    0.0005883676  -0.0004526446  -0.0011822151   0.0017705827   0.0012361718
     219    0.0009987419  -0.0000623539  -0.0015926280   0.0025913700   0.0018798371
     220    0.0020115794  -0.0002088762  -0.0023530453   0.0043646248   0.0033817506
     221    0.0018733601  -0.0002168321  -0.0017273690   0.0036007291   0.0025765964
     222    0.0010018778  -0.0000630733  -0.0009291573   0.0019310350   0.0014780804
     223    0.0006136021  -0.0000523270  -0.0009797865   0.0015933886   0.0011968912
     224    0.0001913163  -0.0001953068  -0.0008400045   0.0010313208   0.0010758184
     225    0.0001939637  -0.0000364767  -0.0007802209   0.0009741847   0.0012048169
     226    0.0003573573   0.0000671674  -0.0009764343   0.0013337916   0.0014749687
     227    0.0003880113  -0.0002209786  -0.0010018787   0.0013898901   0.0020352040
     228    0.0004130109  -0.0000768488  -0.0012158369   0.0016288478   0.0014415044
     229    0.0008001668  -0.0002652110  -0.0009086925   0.0017088593   0.0013809585
     230    0.0014024971   0.0000541308  -0.0013831979   0.0027856950   0.0021098595
     231    0.0023746967  -0.0002386783  -0.0019505257   0.0043252225   0.0037893426
     232    0.0021413204   0.0003784088  -0.0027277237   0.0048690441   0.0034974848
     233    0.0020453705  -0.0000485091  -0.0019922357   0.0040376062   0.0029258756
     234    0.0009982388  -0.0001709416  -0.0011780773   0.0021763161   0.0017040913
     235    0.0010195833  -0.0006958562  -0.0012699126   0.0022894959   0.0018841525
     236    0.0007300920  -0.0005253750  -0.0009772342   0.0017073262   0.0016631006
     237    0.0010278067  -0.0004169115  -0.0009432224   0.0019710292   0.0022708957
     238    0.0011457292   0.0006052246  -0.0020546146   0.0032003438   0.0039321632
     239    0.0019355146  -0.0010500051  -0.0012413171   0.0031768316   0.0032086153
     240    0.0005909437   0.0003762930  -0.0009066567   0.0014976004   0.0019415418
     241    0.0012425777   0.0002063170  -0.0006254917   0.0018680694   0.0014644246
     242    0.0036304300   0.0006588095  -0.0029610722   0.0065915022   0.0047095059
     243    0.0036345680   0.0025304698  -0.0020161764   0.0056507444   0.0043205384
     244    0.0026074882   0.0010727299  -0.0009140864   0.0035215747   0.0025177532
     245    0.0015326720   0.0000853091  -0.0004169931   0.0019496651   0.0018349559
     246    0.0014001553   0.0006111509  -0.0015996792   0.0029998344   0.0022466958
     247    0.0008472047   0.0004802100  -0.0016697162   0.0025169209   0.0024395689
     248    0.0003538492   0.0001152959  -0.0008241794   0.0011780285   0.0018232234
     249    0.0013503497   0.0002688537  -0.0023531257   0.0037034754   0.0029690425
     250    0.0006806666  -0.0006859434  -0.0015215353   0.0022022019   0.0026518393
     251    0.0002210499  -0.0007272062  -0.0010468898   0.0012679398   0.0010944141
     252    0.0012956146  -0.0000838871  -0.0015909213   0.0028865359   0.0020702468
     253    0.0042545343  -0.0008222107  -0.0028911842   0.0071457185   0.0053811784
     254    0.0020004832   0.0015129380  -0.0009243266   0.0029248098   0.0028094976
     255    0.0012212130   0.0009425589  -0.0002560721   0.0014772851   0.0012332041
     256    0.0012889315   0.0004234032  -0.0008258543   0.0021147858   0.0014997479
     257    0.0008142006  -0.0000420053  -0.0006210017   0.0014352023   0.0012781709
     258    0.0007331974   0.0001030674  -0.0012076416   0.0019408391   0.0015717252
     259    0.0007640753  -0.0001097727  -0.0010031153   0.0017671906   0.0017985222
     260    0.0010268123   0.0000731835  -0.0016931095   0.0027199218   0.0022649675
     261    0.0007497324  -0.0006095582  -0.0014487485   0.0021984809   0.0016016697
     262    0.0005404783  -0.0005021147  -0.0014116166   0.0019520949   0.0015481749
     263    0.0008667480   0.0000069163  -0.0013443915   0.0022111395   0.0016235568
     264    0.0017661034  -0.0000576255  -0.0015334882   0.0032995917   0.0024993342
     265    0.0013076542   0.0005391027  -0.0016502671   0.0029579213   0.0024179163
     266    0.0010344342   0.0003567502  -0.0010449068   0.0020793410   0.0017101157
     267    0.0011337159  -0.0000275334  -0.0009355653   0.0020692812   0.0019483655
     268    0.0010925181  -0.0000532453  -0.0015023296   0.0025948477   0.0019136770
     269    0.0012384826  -0.0007221756  -0.0014234637   0.0026619462   0.0021173093
     270    0.0011602457  -0.0006065222  -0.0015819654   0.0027422110   0.0020083757
     271    0.0012977689  -0.0008718768  -0.0014072938   0.0027050627   0.0020638291
     272    0.0013643042  -0.0010498506  -0.0013482565   0.0027125607   0.0020864872
     273    0.0003616885  -0.0005048731  -0.0007971957   0.0011588842   0.0013249415
     274    0.0005007468  -0.0002054445  -0.0011970904   0.0016978372   0.0015822532
     275    0.0007941762  -0.0003425874  -0.0014926597   0.0022868359   0.0024524502
     276    0.0007161791   0.0000732254  -0.0014986530   0.0022148321   0.0020822726
     277    0.0009143444  -0.0001758468  -0.0011967672   0.0021111116   0.0014755463
     278    0.0010575020  -0.0004611189  -0.0010556196   0.0021131216   0.0016905837
     279    0.0015339348  -0.0013096196  -0.0020585075   0.0035924423   0.0028111955
     280    0.0011353407  -0.0014204252  -0.0029454511   0.0040807918   0.0035167249
     281    0.0009686391  -0.0014079360  -0.0031771052   0.0041457443   0.0032924724
     282    0.0019199116  -0.0021611414  -0.0027810789   0.0047009904   0.0036989940
     283    0.0014439995  -0.0010251488  -0.0018287784   0.0032727780   0.0026648626
     284    0.0010957137  -0.0002962924  -0.0012721745   0.0023678881   0.0016943503
     285    0.0005346399  -0.0003010400  -0.0012461590   0.0017807989   0.0013111636
     286    0.0004050193  -0.0000284992  -0.0019603052   0.0023653246   0.0017653240
     287    0.0007796584  -0.0000793511  -0.0014819834   0.0022616418   0.0031137173
     288    0.0005245343  -0.0003409388  -0.0007965505   0.0013210847   0.0013274958
     289    0.0007602486  -0.0007263032  -0.0009928904   0.0017531390   0.0014277972
     290    0.0016488469  -0.0013290600  -0.0034764948   0.0051253418   0.0035198029
     291   -0.0000154111  -0.0021424879  -0.0030182935   0.0030028825   0.0031556855
     292   -0.0008101039  -0.0020042399  -0.0028141841   0.0020040801   0.0033399241
     293    0.0000545067  -0.0019677374  -0.0030045230   0.0030590298   0.0036979872
     294    0.0018387432  -0.0011970370  -0.0030027776   0.0048415208   0.0034594775
     295    0.0010997982  -0.0007275474  -0.0009216275   0.0020214257   0.0017868756
     296    0.0007683083  -0.0003126818  -0.0010844675   0.0018527758   0.0015251461
     297    0.0007499207  -0.0004907314  -0.0010491837   0.0017991044   0.0016197627
     298    0.0004184379  -0.0002210257  -0.0006012737   0.0010197116   0.0015330963
     299    0.0002711192  -0.0001453353  -0.0006227210   0.0008938402   0.0009025805
     300    0.0011792567  -0.0009240103  -0.0014757318   0.0026549885   0.0020590692
     301    0.0013094813  -0.0018351027  -0.0028598531   0.0041693344   0.0033556331
     302   -0.0006453274  -0.0020223555  -0.0025034939   0.0018581665   0.0038899857
     303   -0.0013607819  -0.0017540777  -0.0023751613   0.0010143795   0.0041434824
     304   -0.0003703316  -0.0018884190  -0.0027971947   0.0024268631   0.0034413226
     305    0.0013870930  -0.0012244936  -0.0029430560   0.0043301490   0.0033020630
     306    0.0011342263  -0.0006993110  -0.0012742167   0.0024084431   0.0021139542
     307    0.0003615031  -0.0001927123  -0.0006920161   0.0010535193   0.0012538039
     308    0.0009492076  -0.0002462303  -0.0010775271   0.0020267347   0.0015582506
     309    0.0011406932   0.0002860683  -0.0010502436   0.0021909369   0.0018064779
     310    0.0006802627  -0.0001962471  -0.0006130233   0.0012932861   0.0010915826
     311    0.0013480965  -0.0007899383  -0.0013843980   0.0027324945   0.0020211809
     312    0.0021525062  -0.0014317616  -0.0031188743   0.0052713805   0.0039688905
     313    0.0000925593  -0.0015411577  -0.0028994387   0.0029919981   0.0045654535
     314    0.0000314396  -0.0021746252  -0.0027893441   0.0028207837   0.0032176890
     315    0.0003458836  -0.0018606602  -0.0027560275   0.0031019111   0.0036003576
     316    0.0022782565  -0.0011385271  -0.0032772895   0.0055555461   0.0039951035
     317    0.0011845775  -0.0003144912  -0.0014887493   0.0026733268   0.0020116176
     318    0.0004453882  -0.0002284342  -0.0007373978   0.0011827859   0.0015717031
     319    0.0010342124  -0.0003295742  -0.0011890103   0.0022232227   0.0016798892
     320    0.0006535238   0.0002394899  -0.0004384624   0.0010919862   0.0012941265
     321    0.0008112124   0.0000192352  -0.0006211169   0.0014323293   0.0011936596
     322    0.0011044986  -0.0001289481  -0.0008490698   0.0019535684   0.0015731585
     323    0.0019116443  -0.0006667523  -0.0016376185   0.0035492628   0.0026185557
     324    0.0026156440  -0.0015185046  -0.0030925762   0.0057082202   0.0041781006
     325    0.0017077042  -0.0015051388  -0.0032875364   0.0049952407   0.0037183004
     326    0.0024162517  -0.0016582810  -0.0034655766   0.0058818283   0.0041313504
     327    0.0015117084  -0.0006899176  -0.0021597012   0.0036714096   0.0026458655
     328    0.0009971715  -0.0003676437  -0.0012954264   0.0022925979   0.0018591465
     329    0.0006925246  -0.0001805424  -0.0014444770   0.0021370016   0.0019942572
     330    0.0004311934  -0.0002677673  -0.0012106000   0.0016417935   0.0025996555
     331    0.0009443727  -0.0001530969  -0.0008893409   0.0018337136   0.0017920511
     332    0.0009265063  -0.0001389395  -0.0007260729   0.0016525792   0.0013000005
     333    0.0009182234  -0.0001061486  -0.0006151304   0.0015333538   0.0015980722
     334    0.0015115033  -0.0004973368  -0.0007759776   0.0022874808   0.0017668132
     335    0.0014927962  -0.0004193324  -0.0011888752   0.0026816714   0.0020106520
     336    0.0015287025  -0.0008219940  -0.0014802091   0.0030089117   0.0023144524
     337    0.0010462986  -0.0008740695  -0.0012858422   0.0023321408   0.0017571045
     338    0.0009042919  -0.0007292358  -0.0010032946   0.0019075865   0.0017970037
     339    0.0009061522  -0.0005790255  -0.0009260913   0.0018322434   0.0014550259
     340    0.0006673691   0.0000711770  -0.0016073067   0.0022746758   0.0023212092
     341    0.0024875859  -0.0013114902  -0.0021575752   0.0046451612   0.0037274614
     342    0.0009940900   0.0000980535  -0.0016700956   0.0026641855   0.0023601491
     343    0.0007149883  -0.0001490691  -0.0008914646   0.0016064529   0.0012250093
     344    0.0005479835  -0.0000898635  -0.0007275027   0.0012754861   0.0009709119
     345    0.0006975738  -0.0003429743  -0.0006058816   0.0013034554   0.0010534963
     346    0.0009632901  -0.0004236141  -0.0006664339   0.0016297241   0.0013468396
     347    0.0004626442   0.0001637739  -0.0007338311   0.0011964753   0.0013089445
     348    0.0008632941  -0.0003562212  -0.0007623671   0.0016256613   0.0020155007
     349    0.0013661362  -0.0004512778  -0.0012085904   0.0025747266   0.0020182827
     350    0.0010056756   0.0000145200  -0.0010078593   0.0020135349   0.0015253168
     351    0.0013207898   0.0000606070  -0.0011240480   0.0024448378   0.0018774337
     352    0.0013432569   0.0007822681  -0.0017106236   0.0030538806   0.0027638721
     353    0.0034230240  -0.0007865306  -0.0034667198   0.0068897438   0.0052418984
     354    0.0013321356  -0.0002380638  -0.0015192645   0.0028514001   0.0022960161
     355    0.0006778229   0.0002239747  -0.0011398265   0.0018176494   0.0015500549
     356    0.0006772879  -0.0000812898  -0.0008731776   0.0015504655   0.0016182568
     357    0.0011192051  -0.0000638490  -0.0014100270   0.0025292321   0.0021432637
     358    0.0016917754  -0.0008432033  -0.0010631769   0.0027549523   0.0027121715
     359    0.0018041714   0.0002886122  -0.0020602518   0.0038644232   0.0033990042
     360    0.0014351705   0.0000072954  -0.0014555104   0.0028906809   0.0023357932
     361    0.0017765832  -0.0002964837  -0.0011900240   0.0029666072   0.0024700486
     362    0.0017745214   0.0005404431  -0.0014594192   0.0032339406   0.0029687027
     363    0.0041678796  -0.0006686545  -0.0022777661   0.0064456457   0.0048389496
     364    0.0037193639  -0.0002617905  -0.0010825046   0.0048018685   0.0044884570
     365    0.0008422051   0.0005283489  -0.0000146600   0.0008568651   0.0022878066
     366    0.0014148560  -0.0000960606  -0.0007441059   0.0021589619   0.0016603233
     367    0.0011297355  -0.0000591411  -0.0005341348   0.0016638703   0.0014061304
     368    0.0009971466  -0.0004909242  -0.0009035115   0.0019006581   0.0023308173
     369    0.0002634086  -0.0003039209  -0.0011440633   0.0014074719   0.0020149459
     370    0.0009232590  -0.0004071672  -0.0017732248   0.0026964838   0.0027535912
     371    0.0006666766  -0.0001447594  -0.0015642456   0.0022309222   0.0024785237
     372    0.0006724891  -0.0000475997  -0.0016300215   0.0023025106   0.0019968727
     373    0.0009433020   0.0004430129  -0.0011104029   0.0020537049   0.0024568947
     374    0.0041285998  -0.0001139583  -0.0023372578   0.0064658576   0.0044895124
     375    0.0024217464   0.0000440116  -0.0008698622   0.0032916086   0.0030674850
     376    0.0010031083   0.0002872745  -0.0001922467   0.0011953550   0.0012241915
     377    0.0010457254  -0.0000700225  -0.0005246950   0.0015704204   0.0015727141
     378    0.0011186289  -0.0002364176  -0.0007890314   0.0019076602   0.0015517572
     379    0.0007529049  -0.0002202235  -0.0009458596   0.0016987645   0.0019001779
     380    0.0010016116  -0.0002600292  -0.0014466958   0.0024483075   0.0021151264
     381    0.0011122843  -0.0003647105  -0.0013868455   0.0024991299   0.0020226920
     382    0.0005758870   0.0000878490  -0.0013825439   0.0019584309   0.0018080536
     383    0.0004295698  -0.0001054332  -0.0013112615   0.0017408314   0.0018070410
     384    0.0009339852  -0.0000163288  -0.0013616311   0.0022956162   0.0017725821
     385    0.0016798952   0.0004270293  -0.0018788464   0.0035587416   0.0034487341
     386    0.0020353391  -0.0008691378  -0.0010175610   0.0030529001   0.0034107666
     387    0.0009769948   0.0000614366  -0.0008361076   0.0018131024   0.0016169279
     388    0.0005302729  -0.0000764509  -0.0005311134   0.0010613863   0.0012663216
     389    0.0015612102  -0.0010125101  -0.0012331483   0.0027943585   0.0022623869
     390    0.0019906514  -0.0013517063  -0.0018577603   0.0038484117   0.0030999984
     391    0.0015779829  -0.0012031190  -0.0016996654   0.0032776483   0.0025317596
     392    0.0023458883  -0.0013785611  -0.0016387510   0.0039846393   0.0030498986
     393    0.0020034694  -0.0009613472  -0.0013775096   0.0033809791   0.0026312276
     394    0.0010762541  -0.0006423120  -0.0011384754   0.0022147295   0.0016923917
     395    0.0000209965  -0.0004773833  -0.0008297888   0.0008507853   0.0010991872
     396    0.0007688135  -0.0004776875  -0.0019526170   0.0027214305   0.0025750550
     397    0.0017289302  -0.0010275704  -0.0015074734   0.0032364035   0.0031455595
     398    0.0012895205  -0.0008043898  -0.0011345137   0.0024240342   0.0018328792
     399    0.0010091106  -0.0005674096  -0.0011860859   0.0021951965   0.0018689435
     400    0.0018848577  -0.0019611783  -0.0025218769   0.0044067345   0.0034670110
     401   -0.0008169885  -0.0012461164  -0.0029403303   0.0021233417   0.0038966665
     402   -0.0006866247  -0.0021538341  -0.0028877609   0.0022011362   0.0027942740
     403   -0.0000834170  -0.0017915784  -0.0025655014   0.0024820844   0.0045304431
     404    0.0027003935  -0.0018200401  -0.0026393878   0.0053397813   0.0042169321
     405    0.0018288047  -0.0009871331  -0.0012658774   0.0030946821   0.0025366558
     406    0.0005267074  -0.0007285410  -0.0008568651   0.0013835724   0.0016313033
     407    0.0004614429  -0.0002374096  -0.0017799405   0.0022413834   0.0018830545
     408    0.0006422560  -0.0002192157  -0.0017462244   0.0023884804   0.0020060895
     409    0.0005414028  -0.0004107439  -0.0010990396   0.0016404424   0.0014438604
     410    0.0016423302  -0.0012473146  -0.0017640384   0.0034063687   0.0025359005
     411   -0.0007027300  -0.0017938590  -0.0026376900   0.0019349601   0.0049832291
     412   -0.0011144042  -0.0034333830  -0.0042124330   0.0030980289   0.0034489649
     413   -0.0009184547  -0.0027656673  -0.0056203965   0.0047019418   0.0034941676
     414   -0.0010076337  -0.0034315423  -0.0039004182   0.0028927845   0.0030862555
     415   -0.0000841895  -0.0018344636  -0.0023995206   0.0023153311   0.0052930053
     416    0.0023062347  -0.0014351787  -0.0017381831   0.0040444178   0.0030989356
     417    0.0006717305  -0.0003509528  -0.0008740445   0.0015457750   0.0013172980
     418    0.0006915190  -0.0001669204  -0.0010867234   0.0017782424   0.0014229956
     419    0.0010324875  -0.0004538829  -0.0017081264   0.0027406140   0.0022247236
     420    0.0007559356  -0.0006640130  -0.0009932179   0.0017491535   0.0016497121
     421    0.0013057505  -0.0011376350  -0.0019096201   0.0032153707   0.0023608588
     422   -0.0002740849  -0.0027261169  -0.0031162309   0.0028421460   0.0028608209
     423   -0.0011804251  -0.0020965491  -0.0062830311   0.0051026060   0.0039640796
     424   -0.0009123633  -0.0012855520  -0.0072873691   0.0063750057   0.0047861981
     425   -0.0013060320  -0.0024378606  -0.0051659357   0.0038599037   0.0032390309
     426   -0.0003190359  -0.0019802398  -0.0029053784   0.0025863425   0.0031574499
     427    0.0015336413  -0.0008994704  -0.0017915570   0.0033251983   0.0023984242
     428    0.0006782013  -0.0003426856  -0.0005065111   0.0011847124   0.0012915283
     429    0.0016470003  -0.0002761969  -0.0012611571   0.0029081574   0.0026103655
     430    0.0008423444  -0.0002472441  -0.0008878978   0.0017302422   0.0019894607
     431    0.0005613419  -0.0003277291  -0.0007580352   0.0013193771   0.0010569043
     432    0.0024207007  -0.0014440794  -0.0020936191   0.0045143199   0.0033318674
     433    0.0000913080  -0.0017671486  -0.0029352203   0.0030265284   0.0050495427
     434   -0.0005741900  -0.0032586897  -0.0046672722   0.0040930822   0.0036199137
     435   -0.0011219915  -0.0026092513  -0.0052558225   0.0041338310   0.0032888927
     436   -0.0006319655  -0.0029200476  -0.0040442665   0.0034123010   0.0029098854
     437    0.0001322480  -0.0014157029  -0.0023605754   0.0024928233   0.0045522134
     438    0.0021020739  -0.0009881750  -0.0016286526   0.0037307265   0.0027782958
     439    0.0010942849  -0.0005902959  -0.0009093533   0.0020036382   0.0020934691
     440    0.0017314629  -0.0002042477  -0.0021219383   0.0038534012   0.0036241890
     441    0.0009239329  -0.0002358435  -0.0008172665   0.0017411993   0.0016926787
     442    0.0011675409  -0.0002191917  -0.0011015053   0.0022690463   0.0020520935
     443    0.0015737187  -0.0004900387  -0.0009452504   0.0025189691   0.0022898315
     444    0.0026828538  -0.0014550753  -0.0024214433   0.0051042972   0.0039688535
     445   -0.0001632460  -0.0014490221  -0.0025344730   0.0023712269   0.0048802346
     446   -0.0008359530  -0.0020148723  -0.0024403699   0.0016044170   0.0029214882
     447    0.0001913332  -0.0016669653  -0.0023791250   0.0025704581   0.0044201302
     448    0.0025668459  -0.0014686020  -0.0022734933   0.0048403392   0.0035723730
     449    0.0014959534  -0.0006098990  -0.0010227220   0.0025186753   0.0019224208
     450    0.0000941037  -0.0006247276  -0.0007003554   0.0007944592   0.0008719302
     451    0.0008416172  -0.0006631830  -0.0021382742   0.0029798914   0.0032293663
     452    0.0010228367   0.0002405084  -0.0015026198   0.0025254565   0.0021647487
     453    0.0009197703   0.0002386062  -0.0011139188   0.0020336891   0.0017236064
     454    0.0008724062   0.0003284683  -0.0008317091   0.0017041153   0.0014604720
     455    0.0018216018  -0.0005574756  -0.0010017868   0.0028233886   0.0022639900
     456    0.0026724589  -0.0011383636  -0.0019125047   0.0045849636   0.0034351107
     457    0.0014167412  -0.0006731987  -0.0014764015   0.0028931427   0.0023633255
     458    0.0020558649  -0.0007409628  -0.0017530582   0.0038089231   0.0026941652
     459    0.0016250996  -0.0004025521  -0.0012346682   0.0028597678   0.0020925560
     460    0.0010568770   0.0000897703  -0.0012928436   0.0023497206   0.0017015141
     461    0.0005337804  -0.0007047362  -0.0008391384   0.0013729188   0.0019082485
     462    0.0005940129  -0.0005263674  -0.0015377320   0.0021317448   0.0036768695
     463    0.0023201409   0.0007256263  -0.0028124153   0.0051325562   0.0044227328
     464    0.0013944329  -0.0002404354  -0.0008445552   0.0022389881   0.0019695852
     465    0.0010026780  -0.0001023551  -0.0008132935   0.0018159715   0.0013443685
     466    0.0007654676  -0.0004070656  -0.0005974577   0.0013629253   0.0011359030
     467    0.0013977268  -0.0003977663  -0.0009566587   0.0023543855   0.0018707950
     468    0.0014736384  -0.0001766772  -0.0007667225   0.0022403609   0.0016737181
     469    0.0009750740   0.0000116596  -0.0006296743   0.0016047482   0.0013281683
     470    0.0011850538  -0.0001233098  -0.0008749578   0.0020600117   0.0014464683
     471    0.0008690450   0.0001335969  -0.0008329988   0.0017020438   0.0015306040
     472    0.0008305905   0.0001012882  -0.0007443202   0.0015749107   0.0018184771
     473    0.0019289368   0.0000920860  -0.0016185016   0.0035474384   0.0031595364
     474    0.0035132984   0.0014232708  -0.0043695359   0.0078828343   0.0071346016
     475    0.0012386829   0.0003383432  -0.0010333881   0.0022720710   0.0028578457
     476    0.0009508436   0.0003056236  -0.0010617087   0.0020125524   0.0022584006
     477    0.0011290338  -0.0004562989  -0.0009826386   0.0021116724   0.0016732474
     478    0.0009870850   0.0000387277  -0.0010734459   0.0020605308   0.0019017336
     479    0.0007773760   0.0004213313  -0.0006747906   0.0014521666   0.0017825877
     480    0.0012482992   0.0000660713  -0.0009409192   0.0021892184   0.0020562282
     481    0.0015501544   0.0005510234  -0.0017813443   0.0033314986   0.0024405853
     482    0.0019813158  -0.0004931211  -0.0010893242   0.0030706400   0.0028426894
     483    0.0009525101   0.0001581876  -0.0003109865   0.0012634966   0.0017843893
     484    0.0027146576  -0.0002021141  -0.0011640799   0.0038787376   0.0033347670
     485    0.0023853213   0.0007961149  -0.0025114191   0.0048967403   0.0048479971
     486    0.0013139670  -0.0001071858  -0.0014199797   0.0027339468   0.0025266676
     487    0.0011485864  -0.0006122096  -0.0010304713   0.0021790578   0.0021355019
     488    0.0013674451   0.0002696856  -0.0010889658   0.0024564108   0.0018056042
     489    0.0010455698   0.0007101514  -0.0018013959   0.0028469657   0.0025255667
     490    0.0005383899  -0.0004916359  -0.0013585357   0.0018969256   0.0023979910
     491    0.0001408198  -0.0003100054  -0.0005376401   0.0006784599   0.0024703181
     492    0.0016649622  -0.0000154346  -0.0014452507   0.0031102129   0.0023745188
     493    0.0010731748  -0.0002224890  -0.0013908388   0.0024640137   0.0020522156
     494    0.0008417115  -0.0005259717  -0.0009374889   0.0017792004   0.0023776587
     495    0.0025675826  -0.0002551045  -0.0021975741   0.0047651567   0.0033317336
     496    0.0017507572  -0.0001904748  -0.0008925889   0.0026433462   0.0030571267
     497    0.0009351673  -0.0000393442  -0.0007873986   0.0017225658   0.0017924687
     498    0.0008589373  -0.0001049114  -0.0010170499   0.0018759872   0.0016596930
     499    0.0013602119  -0.0001511999  -0.0009933641   0.0023535760   0.0017791492
     500    0.0012495127   0.0000175541  -0.0013111975   0.0025607102   0.0019719503
     501    0.0004616525  -0.0001583509  -0.0010354813   0.0014971338   0.0016340407
     502    0.0005043910  -0.0002012212  -0.0006260322   0.0011304231   0.0012557237
     503    0.0009431155  -0.0001910081  -0.0005389754   0.0014820909   0.0012391459
     504    0.0009029063  -0.0004403589  -0.0008865927   0.0017894990   0.0013701697
     505    0.0004645993  -0.0004348767  -0.0009214055   0.0013860048   0.0012860726
     506    0.0014945766  -0.0003863261  -0.0018411355   0.0033357121   0.0026000015
     507    0.0017827104  -0.0001102275  -0.0014195164   0.0032022268   0.0025001962
     508    0.0009459446  -0.0001700080  -0.0007521989   0.0016981435   0.0013929015
     509    0.0009945875  -0.0004687003  -0.0009142527   0.0019088403   0.0015299373
     510    0.0013561689  -0.0007265164  -0.0010984118   0.0024545807   0.0019376162
     511    0.0016833704  -0.0001485441  -0.0019708040   0.0036541744   0.0025853470
     512    0.0017090966  -0.0007023672  -0.0015992640   0.0033083606   0.0024221247
     513    0.0013998822  -0.0004338242  -0.0012336861   0.0026335683   0.0022349422
     514    0.0009173115  -0.0000194762  -0.0008147591   0.0017320706   0.0012955693
     515    0.0009561066  -0.0003946755  -0.0009048028   0.0018609094   0.0014212725
     516    0.0006758354  -0.0004790655  -0.0013237967   0.0019996321   0.0017985823
     517    0.0004693068   0.0004112929  -0.0024258936   0.0028952004   0.0029991532
     518    0.0007676940  -0.0003793267  -0.0010147475   0.0017824415   0.0020886279
     519    0.0001543125  -0.0002594000  -0.0005305129   0.0006848255   0.0013117611
     520    0.0007898572  -0.0006485440  -0.0010878716   0.0018777288   0.0015271687
     521    0.0017702882  -0.0013857260  -0.0022298442   0.0040001324   0.0031480356
     522    0.0018597859  -0.0013855768  -0.0031164406   0.0049762265   0.0038269634
     523    0.0016664443  -0.0017307063  -0.0028427837   0.0045092280   0.0038975710
     524    0.0018875688  -0.0011266149  -0.0031283063   0.0050158751   0.0038952625
     525    0.0016850570  -0.0007225232  -0.0020910598   0.0037761167   0.0029170853
     526    0.0009486004  -0.0003365038  -0.0010550052   0.0020036055   0.0014256695
     527    0.0006797793  -0.0005112662  -0.0007967650   0.0014765443   0.0016536775
     528    0.0005270265  -0.0000220703  -0.0013698858   0.0018969124   0.0020490261
     529    0.0001477090  -0.0002885560  -0.0010169282   0.0011646373   0.0011245064
     530    0.0004171231  -0.0001999559  -0.0011022568   0.0015193798   0.0011249232
     531    0.0009469481  -0.0004924618  -0.0016305465   0.0025774946   0.0018498192
     532    0.0017560775  -0.0017425886  -0.0032878673   0.0050439448   0.0038145951
     533   -0.0002567590  -0.0020351390  -0.0028015746   0.0025448156   0.0037193177
     534   -0.0009256235  -0.0014158975  -0.0029499958   0.0020243722   0.0035101070
     535   -0.0003039680  -0.0017716620  -0.0026795499   0.0023755819   0.0036902994
     536    0.0020726216  -0.0018514266  -0.0028735794   0.0049462010   0.0038804892
     537    0.0012254397  -0.0004961199  -0.0012137891   0.0024392288   0.0017654819
     538    0.0007755569   0.0001742886  -0.0006582619   0.0014338189   0.0010813782
     539    0.0014729115  -0.0000316899  -0.0008886533   0.0023615648   0.0018307240
     540    0.0003955235   0.0002629540  -0.0017074894   0.0021030130   0.0019272300
     541    0.0008498566  -0.0004620640  -0.0013671107   0.0022169673   0.0016394971
     542    0.0018232240  -0.0012175127  -0.0019993832   0.0038226072   0.0027739565
     543    0.0013209728  -0.0016443005  -0.0033316176   0.0046525904   0.0036871324
     544   -0.0006708042  -0.0022711165  -0.0026705811   0.0019997769   0.0039515758
     545   -0.0014686857  -0.0019366233  -0.0022055985   0.0007369128   0.0037828096
     546   -0.0003675369  -0.0018800782  -0.0028421638   0.0024746269   0.0034298804
     547    0.0012713005  -0.0015519552  -0.0025850307   0.0038563312   0.0029229683
     548    0.0014963886  -0.0006277832  -0.0011855848   0.0026819734   0.0020073038
     549    0.0014507706  -0.0001813863  -0.0004323036   0.0018830742   0.0017435628
     550    0.0011267738   0.0007376082  -0.0005370570   0.0016638308   0.0015169521
     551    0.0011347057  -0.0005791091  -0.0013040020   0.0024387077   0.0020623565
     552    0.0009162859  -0.0008593804  -0.0009434463   0.0018597322   0.0016869104
     553    0.0017907268  -0.0010446137  -0.0017885940   0.0035793208   0.0027697551
     554    0.0027218829  -0.0016702601  -0.0037749175   0.0064968004   0.0048026356
     555    0.0002113310  -0.0020459936  -0.0028878344   0.0030991653   0.0039860192
     556   -0.0008026768  -0.0017698805  -0.0022826028   0.0014799260   0.0031261125
     557    0.0003735563  -0.0017748170  -0.0025505872   0.0029241434   0.0040235881
     558    0.0022733554  -0.0016739926  -0.0023817172   0.0046550727   0.0035026665
     559    0.0012161212  -0.0003573740  -0.0008333975   0.0020495187   0.0015874821
     560    0.0008219401  -0.0000749243  -0.0004689695   0.0012909096   0.0012930927
     561    0.0014898455  -0.0001501169  -0.0011469779   0.0026368234   0.0022591938
     562    0.0005089481  -0.0004299927  -0.0009546020   0.0014635501   0.0015186978
     563    0.0005884244  -0.0001708191  -0.0011924592   0.0017808836   0.0013824434
     564    0.0015316154  -0.0004621214  -0.0013943757   0.0029259911   0.0021354232
     565    0.0026024005  -0.0010005975  -0.0024164876   0.0050188881   0.0037888034
     566    0.0023273497  -0.0012985981  -0.0032376590   0.0055650088   0.0039656703
     567    0.0013966865  -0.0011004686  -0.0029519178   0.0043486043   0.0034230631
     568    0.0021118890  -0.0015812416  -0.0023226619   0.0044345508   0.0035236608
     569    0.0013850933  -0.0005032958  -0.0012278409   0.0026129341   0.0021196773
     570    0.0009573782   0.0000369460  -0.0009436367   0.0019010149   0.0017505946
     571    0.0004044296  -0.0002102627  -0.0010383992   0.0014428288   0.0013951057
     572    0.0012747007  -0.0005472635  -0.0021725866   0.0034472873   0.0031365310
     573    0.0010682479  -0.0007211275  -0.0013464762   0.0024147241   0.0024363755
     574    0.0008305153  -0.0006014328  -0.0009156153   0.0017461306   0.0013521075
     575    0.0004916619  -0.0001228539  -0.0006003640   0.0010920259   0.0010419364
     576    0.0011985418  -0.0003283676  -0.0009383068   0.0021368486   0.0017322554
     577    0.0015590676  -0.0005696749  -0.0012020266   0.0027610943   0.0021152665
     578    0.0017248261  -0.0006065452  -0.0013913793   0.0031162054   0.0023206758
     579    0.0012701757  -0.0001909959  -0.0011445442   0.0024147199   0.0019432990
     580    0.0014413512  -0.0000018099  -0.0013703515   0.0028117027   0.0022784252
     581    0.0009088787  -0.0004687078  -0.0006905979   0.0015994766   0.0016523365
     582    0.0001219495  -0.0003071905  -0.0010053092   0.0011272587   0.0010026893
     583    0.0003727406  -0.0000371350  -0.0021145357   0.0024872763   0.0025103728
     584    0.0008713856  -0.0003890692  -0.0008775550   0.0017489405   0.0023847400
     585    0.0004111170   0.0000175390  -0.0006040071   0.0010151241   0.0010064466
     586    0.0006664507  -0.0003122075  -0.0004231760   0.0010896267   0.0009658142
     587    0.0004958680  -0.0002259489  -0.0004715400   0.0009674080   0.0010423874
     588    0.0007358423   0.0001294002  -0.0007305120   0.0014663544   0.0012619603
     589    0.0008459220   0.0001244644  -0.0004911511   0.0013370731   0.0012329446
     590    0.0013602481  -0.0002076322  -0.0008543265   0.0022145747   0.0018278990
     591    0.0008403597  -0.0000416276  -0.0006273434   0.0014677031   0.0012727052
     592    0.0010078607   0.0002775172  -0.0013318892   0.0023397499   0.0017645041
     593    0.0002654389  -0.0002990853  -0.0004012666   0.0006667054   0.0012494220
     594    0.0004967978  -0.0000234592  -0.0010357737   0.0015325715   0.0033549789
     595    0.0012294071   0.0008290182  -0.0019804698   0.0032098770   0.0047585050
     596    0.0008506239  -0.0003107630  -0.0003712093   0.0012218332   0.0012668873
     597    0.0009921387  -0.0000374520  -0.0007778047   0.0017699434   0.0017111865
     598    0.0007551224  -0.0001372929  -0.0006986342   0.0014537565   0.0011997923
     599    0.0010201103   0.0004309007  -0.0012222555   0.0022423658   0.0017037860
     600    0.0012624574   0.0001210844  -0.0009003350   0.0021627925   0.0017889058
     601    0.0024961611  -0.0006676291  -0.0015891030   0.0040852641   0.0036312883
     602    0.0015853942  -0.0003765597  -0.0007596345   0.0023450287   0.0022798517
     603    0.0018221961   0.0002087789  -0.0017445004   0.0035666965   0.0030092213
     604    0.0005809523   0.0002321703  -0.0006194781   0.0012004304   0.0023776451
     605    0.0041434384  -0.0004733750  -0.0031833050   0.0073267434   0.0059763509
     606    0.0034238123   0.0001000874  -0.0021519692   0.0055757815   0.0043262024
     607    0.0011513673   0.0002343389  -0.0011633206   0.0023146879   0.0034658638
     608    0.0012910031  -0.0000382783  -0.0021547921   0.0034457953   0.0026847958
     609    0.0012395615  -0.0000652099  -0.0010653655   0.0023049269   0.0023977024
     610    0.0019623225   0.0000728404  -0.0013311045   0.0032934269   0.0024320443
     611    0.0010583478  -0.0000464515  -0.0009053965   0.0019637443   0.0016850155
     612    0.0010633212  -0.0001319579  -0.0007039442   0.0017672654   0.0014453483
     613    0.0006403396   0.0000928588  -0.0000690515   0.0007093911   0.0012729994
     614    0.0010216277  -0.0002552603  -0.0008782115   0.0018998392   0.0018202904
     615    0.0010036983  -0.0005649418  -0.0017866455   0.0027903437   0.0028297272
     616    0.0027409348  -0.0010685974  -0.0033711414   0.0061120762   0.0048729349
     617    0.0024544036   0.0010002833  -0.0023637696   0.0048181732   0.0036527635
     618    0.0007863061  -0.0000639862  -0.0005037327   0.0012900389   0.0019457918
     619    0.0004835844  -0.0002027773  -0.0010157144   0.0014992988   0.0016564562
     620    0.0013118169  -0.0003890924  -0.0010347490   0.0023465659   0.0020242760
     621    0.0011075893   0.0003776959  -0.0010329773   0.0021405665   0.0016156526
     622    0.0006053317   0.0000387725  -0.0005798008   0.0011851326   0.0013647151
     623    0.0006721780   0.0002218193  -0.0008195006   0.0014916786   0.0011352253
     624    0.0003997942   0.0001476435  -0.0001120828   0.0005118769   0.0009301936
     625    0.0005491870  -0.0000762100  -0.0005572847   0.0011064717   0.0008675052
     626    0.0006398547  -0.0006072311  -0.0011789624   0.0018188172   0.0015462497
     627    0.0007847535  -0.0005175158  -0.0018535698   0.0026383234   0.0029005016
     628    0.0009277323   0.0004398630  -0.0011325719   0.0020603042   0.0027417692
     629    0.0007973056  -0.0000616746  -0.0008555982   0.0016529038   0.0012724089
     630    0.0011015651  -0.0007003699  -0.0010390544   0.0021406194   0.0017326998
     631    0.0014060018  -0.0007377795  -0.0012246646   0.0026306663   0.0019669802
     632    0.0010098684  -0.0002368242  -0.0008657099   0.0018755783   0.0015645122
     633    0.0003037933   0.0001503515  -0.0006217332   0.0009255266   0.0009845892
     634    0.0008365097  -0.0001983855  -0.0009049290   0.0017414386   0.0013979731
     635    0.0006517813   0.0001471030  -0.0008048337   0.0014566150   0.0012567970
     636    0.0007465031   0.0000548149  -0.0009515708   0.0016980739   0.0014362262
     637    0.0010694882  -0.0005095690  -0.0012819088   0.0023513970   0.0021399525
     638    0.0015203209  -0.0007288934  -0.0018751597   0.0033954806   0.0032360320
     639    0.0012126716  -0.0000289659  -0.0019521278   0.0031647994   0.0023197785
     640    0.0006582873  -0.0004804246  -0.0008847263   0.0015430136   0.0013036032
     641    0.0005965399  -0.0002758357  -0.0011377838   0.0017343237   0.0015933219
     642    0.0013062658  -0.0008384828  -0.0014901481   0.0027964139   0.0020325745
     643    0.0014040797  -0.0006953596  -0.0015452198   0.0029492995   0.0021542969
     644    0.0015253862  -0.0007550317  -0.0016571411   0.0031825273   0.0023111392
     645    0.0009479491  -0.0005621864  -0.0012793603   0.0022273095   0.0017896391
     646    0.0008667123  -0.0003288960  -0.0010894553   0.0019561675   0.0016465684
     647    0.0011584181  -0.0004221232  -0.0008860161   0.0020444342   0.0015473645
     648    0.0004976963   0.0002558311  -0.0005375250   0.0010352213   0.0010462751
     649    0.0009773518   0.0004304779  -0.0011489151   0.0021262669   0.0026797246
     650    0.0001609938  -0.0003115850  -0.0008094938   0.0009704877   0.0014092102
     651    0.0002753731  -0.0004129626  -0.0006020984   0.0008774715   0.0009199879
     652    0.0008566802  -0.0003483613  -0.0012353354   0.0020920156   0.0015057246
     653    0.0009028091  -0.0005774414  -0.0014124103   0.0023152194   0.0018281809
     654    0.0015980794  -0.0011067058  -0.0017967477   0.0033948271   0.0024847412
     655    0.0016589362  -0.0012674695  -0.0020235247   0.0036824609   0.0026827609
     656    0.0013254130  -0.0007111936  -0.0020900440   0.0034154570   0.0024550885
     657    0.0008269158  -0.0005400340  -0.0010520757   0.0018789915   0.0014471411
     658    0.0008826481  -0.0002329820  -0.0004420495   0.0013246976   0.0011319112
     659    0.0016900680   0.0002047662  -0.0006222521   0.0023123202   0.0016239972
     660    0.0021421751   0.0006199743  -0.0011036678   0.0032458429   0.0027333489
     661    0.0010594290   0.0002048074  -0.0014816545   0.0025410835   0.0020965698
     662    0.0010518865  -0.0003103192  -0.0011312208   0.0021831073   0.0015097421
     663    0.0011567455  -0.0007967064  -0.0010740363   0.0022307819   0.0018690827
     664    0.0012731218  -0.0005462060  -0.0016797697   0.0029528915   0.0020817916
     665    0.0012645923  -0.0008277808  -0.0016237652   0.0028883575   0.0021445877
     666    0.0011767625  -0.0011650358  -0.0015532563   0.0027300188   0.0022147219
     667    0.0010592925  -0.0006297347  -0.0017702291   0.0028295215   0.0021753315
     668    0.0010658889  -0.0002845498  -0.0012568657   0.0023227545   0.0017798300
     669    0.0013892512  -0.0001046522  -0.0008023696   0.0021916208   0.0016134989
     670    0.0014939192   0.0002096922  -0.0003381522   0.0018320714   0.0013870665
     671    0.0011049077   0.0004456230   0.0001974642   0.0009074435   0.0013114007
     672    0.0009054370  -0.0000450122  -0.0004018535   0.0013072905   0.0020192594
     673    0.0010325630  -0.0000681446  -0.0010517308   0.0020842938   0.0015827413
     674    0.0012835135  -0.0006615753  -0.0013245911   0.0026081046   0.0019968085
     675    0.0018327993  -0.0008055693  -0.0017029588   0.0035357582   0.0026295162
     676    0.0017476810  -0.0009104116  -0.0013475588   0.0030952398   0.0023679465
     677    0.0010869387  -0.0003074088  -0.0013465337   0.0024334724   0.0020367382
     678    0.0017091569  -0.0008971041  -0.0013352019   0.0030443588   0.0024710299
     679    0.0014510947  -0.0004263698  -0.0011724387   0.0026235334   0.0019207591
     680    0.0011738592  -0.0002769465  -0.0007027991   0.0018766583   0.0014834010
     681    0.0006212173   0.0000181550  -0.0004139232   0.0010351405   0.0010513080
     682    0.0012029345   0.0007226088  -0.0018047777   0.0030077122   0.0023467925
     683    0.0010091497   0.0004348294  -0.0017991853   0.0028083351   0.0021046332
     684    0.0003591801   0.0000516607  -0.0009453380   0.0013045181   0.0011148458
     685    0.0007706251  -0.0002613915  -0.0011265313   0.0018971564   0.0014388250
     686    0.0016416453  -0.0001972414  -0.0017278724   0.0033695178   0.0022723324
     687    0.0015714255  -0.0001756658  -0.0012893503   0.0028607758   0.0019611777
     688    0.0016456042  -0.0004412923  -0.0011633503   0.0028089545   0.0020525497
     689    0.0011138762  -0.0004329459  -0.0007270522   0.0018409283   0.0015663964
     690    0.0011714386  -0.0004690725  -0.0006689601   0.0018403988   0.0015929097
     691    0.0009351141  -0.0001685390  -0.0010770820   0.0020121962   0.0016291364
     692    0.0004117825  -0.0005769580  -0.0007868306   0.0011986131   0.0015919649
     693    0.0012644548  -0.0006718462  -0.0018935765   0.0031580314   0.0029007295
     694    0.0001907096  -0.0005554576  -0.0012256077   0.0014163173   0.0015107852
     695    0.0001840197  -0.0002621068  -0.0011802334   0.0013642532   0.0013124542
     696    0.0001748184  -0.0001629849  -0.0006286412   0.0008034596   0.0007836197
     697    0.0003400874   0.0000210665  -0.0004736007   0.0008136881   0.0007098795
     698    0.0011906227  -0.0001514839  -0.0009491413   0.0021397640   0.0014906643
     699    0.0013122495  -0.0004596655  -0.0009206038   0.0022328533   0.0017313482
     700    0.0011415500  -0.0003884465  -0.0008342739   0.0019758239   0.0014342133
     701    0.0006482553  -0.0002532478  -0.0004270355   0.0010752907   0.0008173891
     702    0.0004780392  -0.0003484221  -0.0006141465   0.0010921856   0.0012609243
     703    0.0003745854  -0.0002195211  -0.0011491788   0.0015237642   0.0012495231
     704    0.0010882556  -0.0002632630  -0.0019794763   0.0030677319   0.0021383416
     705    0.0013754158  -0.0006080164  -0.0025170884   0.0038925042   0.0031353321
     706    0.0002031625  -0.0000892771  -0.0012823334   0.0014854959   0.0016490293
     707    0.0005589120  -0.0000850155  -0.0006724365   0.0012313486   0.0012024708
     708    0.0007714746   0.0000057363  -0.0004323339   0.0012038085   0.0009450448
     709    0.0007989200   0.0000021459  -0.0005551591   0.0013540791   0.0011984061
     710    0.0007798282  -0.0003614349  -0.0007205501   0.0015003783   0.0013920019
     711    0.0012424171  -0.0003674059  -0.0011868388   0.0024292559   0.0017110593
     712    0.0009946405  -0.0001402159  -0.0007377240   0.0017323645   0.0013673345
     713    0.0007577740  -0.0002786213  -0.0005555949   0.0013133688   0.0014348157
     714    0.0009575566  -0.0002065356  -0.0015096607   0.0024672173   0.0017626132
     715    0.0009859673  -0.0005157500  -0.0015740561   0.0025600234   0.0032786528
     716    0.0022511848   0.0005088663  -0.0044179261   0.0066691109   0.0066012650
     717    0.0010073004  -0.0003535408  -0.0016273193   0.0026346198   0.0027921366
     718    0.0011315246   0.0003584008  -0.0013828287   0.0025143533   0.0021021385
     719    0.0010565447   0.0001266550  -0.0004805344   0.0015370790   0.0012681874
     720    0.0014071794   0.0002335385  -0.0011457718   0.0025529511   0.0019767930
     721    0.0009866148   0.0000715808  -0.0015457714   0.0025323862   0.0018549954
     722    0.0010411802  -0.0004353316  -0.0011748134   0.0022159936   0.0017364371
     723    0.0010807999   0.0002500524  -0.0009766374   0.0020574373   0.0016653471
     724    0.0012236852   0.0002156389  -0.0011388731   0.0023625582   0.0020063741
     725    0.0017347776   0.0005769262  -0.0030787154   0.0048134930   0.0043158087
     726    0.0038079109   0.0004290102  -0.0055886379   0.0093965488   0.0075528554
     727    0.0026949168   0.0013414520  -0.0022361859   0.0049311027   0.0033945280
     728    0.0039689915  -0.0008788448  -0.0023659453   0.0063349368   0.0045297133
     729    0.0012342851  -0.0005646874  -0.0014352075   0.0026694926   0.0022644386
     730    0.0019370484  -0.0006684767  -0.0014950309   0.0034320793   0.0029443327
     731    0.0027368238  -0.0003749710  -0.0016070994   0.0043439232   0.0032106067
     732    0.0022889888  -0.0001638617  -0.0013989066   0.0036878954   0.0027758994
     733    0.0018375429  -0.0002565753  -0.0011540078   0.0029915507   0.0023163716
     734    0.0005857185   0.0004225903  -0.0006145296   0.0012002480   0.0014645426
     735    0.0016143875  -0.0003332361  -0.0011370805   0.0027514680   0.0019597793
     736    0.0003071113  -0.0001930256  -0.0014338102   0.0017409215   0.0015004081
     737    0.0023553025  -0.0004599253  -0.0042198739   0.0065751763   0.0043952524
     738    0.0016783715   0.0006175670  -0.0009889950   0.0026673665   0.0019586822
     739    0.0016197916  -0.0000734103  -0.0011764912   0.0027962828   0.0020288274
     740    0.0012341307  -0.0005989364  -0.0015019493   0.0027360800   0.0019687216
     741    0.0009655268  -0.0002988994  -0.0010722422   0.0020377690   0.0015711797
     742    0.0011859357   0.0000579525  -0.0007186409   0.0019045766   0.0015382660
     743    0.0010481179   0.0000176332  -0.0005947351   0.0016428530   0.0014635006
     744    0.0010331628  -0.0001573001  -0.0006778043   0.0017109671   0.0012157498
     745    0.0007625584   0.0002397223  -0.0006658851   0.0014284434   0.0011117992
     746    0.0010181261  -0.0001339879  -0.0006965573   0.0017146835   0.0012509372
     747    0.0006364946  -0.0004571606  -0.0011777071   0.0018142017   0.0016035588
     748    0.0008138684  -0.0002299844  -0.0024324633   0.0032463317   0.0026210060
     749    0.0018431736  -0.0005269373  -0.0011782433   0.0030214169   0.0021528347
     750    0.0006898425   0.0000468390  -0.0010219598   0.0017118023   0.0012403465
     751    0.0005929081  -0.0001169937  -0.0013151891   0.0019080972   0.0013362633
     752    0.0014838343  -0.0009470964  -0.0012805202   0.0027643545   0.0022253382
     753    0.0004454024  -0.0000909739  -0.0006195484   0.0010649507   0.0010639231
     754    0.0004626125   0.0000022299  -0.0007611672   0.0012237797   0.0009157738
     755    0.0006805139  -0.0001311825  -0.0009104858   0.0015909996   0.0012203419
     756    0.0007435300   0.0003332205  -0.0010264798   0.0017700098   0.0015319306
     757    0.0006538617   0.0002067661  -0.0007453520   0.0013992137   0.0010052969
     758    0.0008194467   0.0003235138  -0.0015933288   0.0024127755   0.0018979968
     759    0.0012874268   0.0001562705  -0.0023321099   0.0036195367   0.0030146744
     760    0.0014003241   0.0001001295  -0.0022823177   0.0036826419   0.0028186290
     761    0.0006103056  -0.0000186624  -0.0013048504   0.0019151560   0.0013994991
     762    0.0008778958  -0.0004038809  -0.0011762736   0.0020541694   0.0014556518
     763    0.0008067325  -0.0006780071  -0.0011298293   0.0019365618   0.0016324237
     764    0.0012248929  -0.0007843607  -0.0016225429   0.0028474359   0.0020333909
     765    0.0004253740  -0.0005153690  -0.0013292987   0.0017546728   0.0012305601
     766    0.0007041598  -0.0001999704  -0.0017803639   0.0024845236   0.0017162500
     767    0.0003057171  -0.0000861895  -0.0007449837   0.0010507008   0.0009241419
     768    0.0011514995  -0.0001146761  -0.0009159763   0.0020674757   0.0014648944
     769    0.0011006827  -0.0000270285  -0.0004685227   0.0015692054   0.0014839772
     770    0.0026079294  -0.0004518379  -0.0014028927   0.0040108221   0.0031156991
     771    0.0014104647  -0.0003225698  -0.0016877327   0.0030981975   0.0022861458
     772    0.0007164855  -0.0004028910  -0.0008183216   0.0015348071   0.0013021671
     773    0.0006825603  -0.0003539127  -0.0009139870   0.0015965473   0.0016623049
     774    0.0005999161   0.0000983596  -0.0016814265   0.0022813426   0.0016263462
     775    0.0006460483  -0.0006137346  -0.0013386572   0.0019847055   0.0014210569
     776    0.0010432141  -0.0011056441  -0.0018156312   0.0028588453   0.0020091547
     777    0.0004710343  -0.0005687515  -0.0016748691   0.0021459034   0.0017516467
     778    0.0007406763  -0.0006101580  -0.0008994173   0.0016400936   0.0012845286
     779    0.0010528396   0.0000741603  -0.0007125037   0.0017653432   0.0014941073
     780    0.0014526378   0.0004628566  -0.0003514696   0.0018041074   0.0012796144
     781    0.0015369668   0.0010713390  -0.0006505489   0.0021875157   0.0015954672
     782    0.0012432800   0.0002989693  -0.0009832007   0.0022264807   0.0015569397
     783    0.0008810254  -0.0000983948  -0.0006013408   0.0014823661   0.0010625351
     784    0.0010606388  -0.0004534344  -0.0011716724   0.0022323113   0.0016738061
     785    0.0008730536  -0.0002343848  -0.0015899109   0.0024629645   0.0017487887
     786    0.0002731793   0.0001696149  -0.0014256068   0.0016987861   0.0013378787
     787    0.0003554897  -0.0007237392  -0.0010562376   0.0014117273   0.0012452172
     788    0.0005420502  -0.0004850243  -0.0014757890   0.0020178392   0.0014413775
     789    0.0010043938  -0.0001091019  -0.0013391329   0.0023435267   0.0018314304
     790    0.0014473278   0.0000510721  -0.0008740931   0.0023214209   0.0016635713
     791    0.0016747388   0.0001135345  -0.0003816308   0.0020563695   0.0015134149
     792    0.0013063256   0.0007621132  -0.0004072892   0.0017136148   0.0015811052
     793    0.0021886898   0.0000965824  -0.0005774720   0.0027661618   0.0024915512
     794    0.0015304939   0.0003131117  -0.0011429055   0.0026733994   0.0018598879
     795    0.0009627676  -0.0002025839  -0.0014372657   0.0024000333   0.0016576205
     796    0.0010752762  -0.0008525776  -0.0009900454   0.0020653216   0.0015628733
     797    0.0012609393  -0.0005859363  -0.0009883229   0.0022492622   0.0017934599
     798    0.0006700287   0.0000975877  -0.0012395788   0.0019096075   0.0015334266
     799    0.0006799494  -0.0005045391  -0.0008126351   0.0014925845   0.0013056394
     800    0.0013255439  -0.0001624966  -0.0013286617   0.0026542056   0.0019032950
     801    0.0009084194   0.0000448827  -0.0007871456   0.0016955650   0.0012191013
     802    0.0010206898  -0.0004136890  -0.0005498532   0.0015705429   0.0012633452
     803    0.0012464685  -0.0004128604  -0.0009126198   0.0021590883   0.0023498001
     804    0.0010340740   0.0002828178  -0.0009017749   0.0019358489   0.0021699627
     805    0.0005067938   0.0002522248  -0.0008859209   0.0013927147   0.0012377297
     806    0.0005596227  -0.0002751731  -0.0011019133   0.0016615360   0.0011674357
     807    0.0009635825  -0.0002607298  -0.0012353407   0.0021989233   0.0017892688
     808    0.0013616388  -0.0001836206  -0.0009477451   0.0023093839   0.0016659018
     809    0.0008812398   0.0003590479  -0.0010863173   0.0019675571   0.0015732899
     810    0.0012585504  -0.0002367026  -0.0011474032   0.0024059536   0.0016952218
     811    0.0009131112  -0.0002656605  -0.0007254173   0.0016385286   0.0012582011
     812    0.0007915254  -0.0005743137  -0.0007197089   0.0015112343   0.0012864670
     813    0.0008497235  -0.0007374794  -0.0012752850   0.0021250085   0.0018250287
     814    0.0009590583  -0.0010709872  -0.0013655564   0.0023246147   0.0022976536
     815    0.0008399149  -0.0009934818  -0.0015684791   0.0024083940   0.0019795585
     816    0.0006053084  -0.0008298018  -0.0011416567   0.0017469652   0.0013828000
     817    0.0003851955  -0.0003273912  -0.0007330541   0.0011182495   0.0009084133
     818    0.0003953611  -0.0000333306  -0.0005676995   0.0009630606   0.0011885471
     819    0.0008333498   0.0003977846  -0.0012441146   0.0020774643   0.0017429897
     820    0.0011682897  -0.0003940690  -0.0009828226   0.0021511123   0.0018004994
     821    0.0010560671  -0.0003100031  -0.0009476923   0.0020037594   0.0014703399
     822    0.0004973896  -0.0000540279  -0.0004758466   0.0009732363   0.0007425025
     823    0.0006826104  -0.0003673290  -0.0008462015   0.0015288120   0.0011383472
     824    0.0000656859  -0.0000036660  -0.0008613578   0.0009270437   0.0012056597
     825    0.0002713468  -0.0000001587  -0.0009320730   0.0012034197   0.0016654580
     826    0.0013973507  -0.0000438580  -0.0031651508   0.0045625015   0.0037625634
     827    0.0003369608  -0.0005155271  -0.0011266894   0.0014636502   0.0013379792
     828    0.0005092751   0.0001575622  -0.0008155391   0.0013248142   0.0011717239
     829    0.0009384241  -0.0000445421  -0.0002673942   0.0012058182   0.0009052596
     830    0.0009874179  -0.0002484128  -0.0005855177   0.0015729356   0.0014491392
     831    0.0008377497  -0.0004788203  -0.0011113657   0.0019491154   0.0013982277
     832    0.0010652889  -0.0006756769  -0.0009956717   0.0020609606   0.0016563245
     833    0.0011400506  -0.0003204360  -0.0006913592   0.0018314098   0.0013590495
     834    0.0010638998   0.0000156353  -0.0010350318   0.0020989317   0.0018592049
     835    0.0011016824  -0.0006031087  -0.0011242258   0.0022259082   0.0017088786
     836    0.0006810782   0.0002476241  -0.0018607040   0.0025417822   0.0021364255
     837    0.0050784670  -0.0018795273  -0.0046717677   0.0097502347   0.0066900387
     838    0.0017240289  -0.0005508210  -0.0021748693   0.0038988981   0.0036180828
     839    0.0017446370  -0.0001822842  -0.0014421458   0.0031867829   0.0026195306
     840    0.0018973320   0.0001157702  -0.0009146669   0.0028119989   0.0019111908
     841    0.0016040106  -0.0002585208  -0.0008163467   0.0024203573   0.0020327316
     842    0.0015122353  -0.0003988717  -0.0020721450   0.0035843804   0.0026983257
     843    0.0006888257  -0.0003063635  -0.0013212236   0.0020100493   0.0015474305
     844    0.0006325009   0.0003960653  -0.0007541156   0.0013866165   0.0014507463
     845    0.0018461805   0.0001290188  -0.0014998051   0.0033459856   0.0025376633
     846    0.0011100774  -0.0001680290  -0.0019158402   0.0030259176   0.0021277029
     847    0.0006461694  -0.0000561774  -0.0026118272   0.0032579966   0.0022844457

 MINIMUM VALUES
 NODE        545            412            424            186             29
 VALUE    -0.0014686857  -0.0034333830  -0.0072873691   0.0003397282   0.0003526535

 MAXIMUM VALUES
 NODE          1            243            671              1            726
 VALUE     0.0072000408   0.0025304698   0.0001974642   0.0110591202   0.0075528554
