E, 1, 2, 13, 12, 122, 123, 134, 133 
E, 2, 3, 14, 13, 123, 124, 135, 134 
E, 3, 4, 15, 14, 124, 125, 136, 135 
E, 4, 5, 16, 15, 125, 126, 137, 136 
E, 5, 6, 17, 16, 126, 127, 138, 137 
E, 6, 7, 18, 17, 127, 128, 139, 138 
E, 7, 8, 19, 18, 128, 129, 140, 139 
E, 8, 9, 20, 19, 129, 130, 141, 140 
E, 9, 10, 21, 20, 130, 131, 142, 141 
E, 10, 11, 22, 21, 131, 132, 143, 142 
E, 12, 13, 24, 23, 133, 134, 145, 144 
E, 13, 14, 25, 24, 134, 135, 146, 145 
E, 14, 15, 26, 25, 135, 136, 147, 146 
E, 15, 16, 27, 26, 136, 137, 148, 147 
E, 16, 17, 28, 27, 137, 138, 149, 148 
E, 17, 18, 29, 28, 138, 139, 150, 149 
E, 18, 19, 30, 29, 139, 140, 151, 150 
E, 19, 20, 31, 30, 140, 141, 152, 151 
E, 20, 21, 32, 31, 141, 142, 153, 152 
E, 21, 22, 33, 32, 142, 143, 154, 153 
E, 23, 24, 35, 34, 144, 145, 156, 155 
E, 24, 25, 36, 35, 145, 146, 157, 156 
E, 25, 26, 37, 36, 146, 147, 158, 157 
E, 26, 27, 38, 37, 147, 148, 159, 158 
E, 27, 28, 39, 38, 148, 149, 160, 159 
E, 28, 29, 40, 39, 149, 150, 161, 160 
E, 29, 30, 41, 40, 150, 151, 162, 161 
E, 30, 31, 42, 41, 151, 152, 163, 162 
E, 31, 32, 43, 42, 152, 153, 164, 163 
E, 32, 33, 44, 43, 153, 154, 165, 164 
E, 34, 35, 46, 45, 155, 156, 167, 166 
E, 35, 36, 47, 46, 156, 157, 168, 167 
E, 36, 37, 48, 47, 157, 158, 169, 168 
E, 37, 38, 49, 48, 158, 159, 170, 169 
E, 38, 39, 50, 49, 159, 160, 171, 170 
E, 39, 40, 51, 50, 160, 161, 172, 171 
E, 40, 41, 52, 51, 161, 162, 173, 172 
E, 41, 42, 53, 52, 162, 163, 174, 173 
E, 42, 43, 54, 53, 163, 164, 175, 174 
E, 43, 44, 55, 54, 164, 165, 176, 175 
E, 45, 46, 57, 56, 166, 167, 178, 177 
E, 46, 47, 58, 57, 167, 168, 179, 178 
E, 47, 48, 59, 58, 168, 169, 180, 179 
E, 48, 49, 60, 59, 169, 170, 181, 180 
E, 49, 50, 61, 60, 170, 171, 182, 181 
E, 50, 51, 62, 61, 171, 172, 183, 182 
E, 51, 52, 63, 62, 172, 173, 184, 183 
E, 52, 53, 64, 63, 173, 174, 185, 184 
E, 53, 54, 65, 64, 174, 175, 186, 185 
E, 54, 55, 66, 65, 175, 176, 187, 186 
E, 56, 57, 68, 67, 177, 178, 189, 188 
E, 57, 58, 69, 68, 178, 179, 190, 189 
E, 58, 59, 70, 69, 179, 180, 191, 190 
E, 59, 60, 71, 70, 180, 181, 192, 191 
E, 60, 61, 72, 71, 181, 182, 193, 192 
E, 61, 62, 73, 72, 182, 183, 194, 193 
E, 62, 63, 74, 73, 183, 184, 195, 194 
E, 63, 64, 75, 74, 184, 185, 196, 195 
E, 64, 65, 76, 75, 185, 186, 197, 196 
E, 65, 66, 77, 76, 186, 187, 198, 197 
E, 67, 68, 79, 78, 188, 189, 200, 199 
E, 68, 69, 80, 79, 189, 190, 201, 200 
E, 69, 70, 81, 80, 190, 191, 202, 201 
E, 70, 71, 82, 81, 191, 192, 203, 202 
E, 71, 72, 83, 82, 192, 193, 204, 203 
E, 72, 73, 84, 83, 193, 194, 205, 204 
E, 73, 74, 85, 84, 194, 195, 206, 205 
E, 74, 75, 86, 85, 195, 196, 207, 206 
E, 75, 76, 87, 86, 196, 197, 208, 207 
E, 76, 77, 88, 87, 197, 198, 209, 208 
E, 78, 79, 90, 89, 199, 200, 211, 210 
E, 79, 80, 91, 90, 200, 201, 212, 211 
E, 80, 81, 92, 91, 201, 202, 213, 212 
E, 81, 82, 93, 92, 202, 203, 214, 213 
E, 82, 83, 94, 93, 203, 204, 215, 214 
E, 83, 84, 95, 94, 204, 205, 216, 215 
E, 84, 85, 96, 95, 205, 206, 217, 216 
E, 85, 86, 97, 96, 206, 207, 218, 217 
E, 86, 87, 98, 97, 207, 208, 219, 218 
E, 87, 88, 99, 98, 208, 209, 220, 219 
E, 89, 90, 101, 100, 210, 211, 222, 221 
E, 90, 91, 102, 101, 211, 212, 223, 222 
E, 91, 92, 103, 102, 212, 213, 224, 223 
E, 92, 93, 104, 103, 213, 214, 225, 224 
E, 93, 94, 105, 104, 214, 215, 226, 225 
E, 94, 95, 106, 105, 215, 216, 227, 226 
E, 95, 96, 107, 106, 216, 217, 228, 227 
E, 96, 97, 108, 107, 217, 218, 229, 228 
E, 97, 98, 109, 108, 218, 219, 230, 229 
E, 98, 99, 110, 109, 219, 220, 231, 230 
E, 100, 101, 112, 111, 221, 222, 233, 232 
E, 101, 102, 113, 112, 222, 223, 234, 233 
E, 102, 103, 114, 113, 223, 224, 235, 234 
E, 103, 104, 115, 114, 224, 225, 236, 235 
E, 104, 105, 116, 115, 225, 226, 237, 236 
E, 105, 106, 117, 116, 226, 227, 238, 237 
E, 106, 107, 118, 117, 227, 228, 239, 238 
E, 107, 108, 119, 118, 228, 229, 240, 239 
E, 108, 109, 120, 119, 229, 230, 241, 240 
E, 109, 110, 121, 120, 230, 231, 242, 241 
E, 122, 123, 134, 133, 243, 244, 255, 254 
E, 123, 124, 135, 134, 244, 245, 256, 255 
E, 124, 125, 136, 135, 245, 246, 257, 256 
E, 125, 126, 137, 136, 246, 247, 258, 257 
E, 126, 127, 138, 137, 247, 248, 259, 258 
E, 127, 128, 139, 138, 248, 249, 260, 259 
E, 128, 129, 140, 139, 249, 250, 261, 260 
E, 129, 130, 141, 140, 250, 251, 262, 261 
E, 130, 131, 142, 141, 251, 252, 263, 262 
E, 131, 132, 143, 142, 252, 253, 264, 263 
E, 133, 134, 145, 144, 254, 255, 266, 265 
E, 134, 135, 146, 145, 255, 256, 267, 266 
E, 135, 136, 147, 146, 256, 257, 268, 267 
E, 136, 137, 148, 147, 257, 258, 269, 268 
E, 137, 138, 149, 148, 258, 259, 270, 269 
E, 138, 139, 150, 149, 259, 260, 271, 270 
E, 139, 140, 151, 150, 260, 261, 272, 271 
E, 140, 141, 152, 151, 261, 262, 273, 272 
E, 141, 142, 153, 152, 262, 263, 274, 273 
E, 142, 143, 154, 153, 263, 264, 275, 274 
E, 144, 145, 156, 155, 265, 266, 277, 276 
E, 145, 146, 157, 156, 266, 267, 278, 277 
E, 146, 147, 158, 157, 267, 268, 279, 278 
E, 147, 148, 159, 158, 268, 269, 280, 279 
E, 148, 149, 160, 159, 269, 270, 281, 280 
E, 149, 150, 161, 160, 270, 271, 282, 281 
E, 150, 151, 162, 161, 271, 272, 283, 282 
E, 151, 152, 163, 162, 272, 273, 284, 283 
E, 152, 153, 164, 163, 273, 274, 285, 284 
E, 153, 154, 165, 164, 274, 275, 286, 285 
E, 155, 156, 167, 166, 276, 277, 288, 287 
E, 156, 157, 168, 167, 277, 278, 289, 288 
E, 157, 158, 169, 168, 278, 279, 290, 289 
E, 158, 159, 170, 169, 279, 280, 291, 290 
E, 159, 160, 171, 170, 280, 281, 292, 291 
E, 160, 161, 172, 171, 281, 282, 293, 292 
E, 161, 162, 173, 172, 282, 283, 294, 293 
E, 162, 163, 174, 173, 283, 284, 295, 294 
E, 163, 164, 175, 174, 284, 285, 296, 295 
E, 164, 165, 176, 175, 285, 286, 297, 296 
E, 166, 167, 178, 177, 287, 288, 299, 298 
E, 167, 168, 179, 178, 288, 289, 300, 299 
E, 168, 169, 180, 179, 289, 290, 301, 300 
E, 169, 170, 181, 180, 290, 291, 302, 301 
E, 170, 171, 182, 181, 291, 292, 303, 302 
E, 171, 172, 183, 182, 292, 293, 304, 303 
E, 172, 173, 184, 183, 293, 294, 305, 304 
E, 173, 174, 185, 184, 294, 295, 306, 305 
E, 174, 175, 186, 185, 295, 296, 307, 306 
E, 175, 176, 187, 186, 296, 297, 308, 307 
E, 177, 178, 189, 188, 298, 299, 310, 309 
E, 178, 179, 190, 189, 299, 300, 311, 310 
E, 179, 180, 191, 190, 300, 301, 312, 311 
E, 180, 181, 192, 191, 301, 302, 313, 312 
E, 181, 182, 193, 192, 302, 303, 314, 313 
E, 182, 183, 194, 193, 303, 304, 315, 314 
E, 183, 184, 195, 194, 304, 305, 316, 315 
E, 184, 185, 196, 195, 305, 306, 317, 316 
E, 185, 186, 197, 196, 306, 307, 318, 317 
E, 186, 187, 198, 197, 307, 308, 319, 318 
E, 188, 189, 200, 199, 309, 310, 321, 320 
E, 189, 190, 201, 200, 310, 311, 322, 321 
E, 190, 191, 202, 201, 311, 312, 323, 322 
E, 191, 192, 203, 202, 312, 313, 324, 323 
E, 192, 193, 204, 203, 313, 314, 325, 324 
E, 193, 194, 205, 204, 314, 315, 326, 325 
E, 194, 195, 206, 205, 315, 316, 327, 326 
E, 195, 196, 207, 206, 316, 317, 328, 327 
E, 196, 197, 208, 207, 317, 318, 329, 328 
E, 197, 198, 209, 208, 318, 319, 330, 329 
E, 199, 200, 211, 210, 320, 321, 332, 331 
E, 200, 201, 212, 211, 321, 322, 333, 332 
E, 201, 202, 213, 212, 322, 323, 334, 333 
E, 202, 203, 214, 213, 323, 324, 335, 334 
E, 203, 204, 215, 214, 324, 325, 336, 335 
E, 204, 205, 216, 215, 325, 326, 337, 336 
E, 205, 206, 217, 216, 326, 327, 338, 337 
E, 206, 207, 218, 217, 327, 328, 339, 338 
E, 207, 208, 219, 218, 328, 329, 340, 339 
E, 208, 209, 220, 219, 329, 330, 341, 340 
E, 210, 211, 222, 221, 331, 332, 343, 342 
E, 211, 212, 223, 222, 332, 333, 344, 343 
E, 212, 213, 224, 223, 333, 334, 345, 344 
E, 213, 214, 225, 224, 334, 335, 346, 345 
E, 214, 215, 226, 225, 335, 336, 347, 346 
E, 215, 216, 227, 226, 336, 337, 348, 347 
E, 216, 217, 228, 227, 337, 338, 349, 348 
E, 217, 218, 229, 228, 338, 339, 350, 349 
E, 218, 219, 230, 229, 339, 340, 351, 350 
E, 219, 220, 231, 230, 340, 341, 352, 351 
E, 221, 222, 233, 232, 342, 343, 354, 353 
E, 222, 223, 234, 233, 343, 344, 355, 354 
E, 223, 224, 235, 234, 344, 345, 356, 355 
E, 224, 225, 236, 235, 345, 346, 357, 356 
E, 225, 226, 237, 236, 346, 347, 358, 357 
E, 226, 227, 238, 237, 347, 348, 359, 358 
E, 227, 228, 239, 238, 348, 349, 360, 359 
E, 228, 229, 240, 239, 349, 350, 361, 360 
E, 229, 230, 241, 240, 350, 351, 362, 361 
E, 230, 231, 242, 241, 351, 352, 363, 362 
E, 243, 244, 255, 254, 364, 365, 376, 375 
E, 244, 245, 256, 255, 365, 366, 377, 376 
E, 245, 246, 257, 256, 366, 367, 378, 377 
E, 246, 247, 258, 257, 367, 368, 379, 378 
E, 247, 248, 259, 258, 368, 369, 380, 379 
E, 248, 249, 260, 259, 369, 370, 381, 380 
E, 249, 250, 261, 260, 370, 371, 382, 381 
E, 250, 251, 262, 261, 371, 372, 383, 382 
E, 251, 252, 263, 262, 372, 373, 384, 383 
E, 252, 253, 264, 263, 373, 374, 385, 384 
E, 254, 255, 266, 265, 375, 376, 387, 386 
E, 255, 256, 267, 266, 376, 377, 388, 387 
E, 256, 257, 268, 267, 377, 378, 389, 388 
E, 257, 258, 269, 268, 378, 379, 390, 389 
E, 258, 259, 270, 269, 379, 380, 391, 390 
E, 259, 260, 271, 270, 380, 381, 392, 391 
E, 260, 261, 272, 271, 381, 382, 393, 392 
E, 261, 262, 273, 272, 382, 383, 394, 393 
E, 262, 263, 274, 273, 383, 384, 395, 394 
E, 263, 264, 275, 274, 384, 385, 396, 395 
E, 265, 266, 277, 276, 386, 387, 398, 397 
E, 266, 267, 278, 277, 387, 388, 399, 398 
E, 267, 268, 279, 278, 388, 389, 400, 399 
E, 268, 269, 280, 279, 389, 390, 401, 400 
E, 269, 270, 281, 280, 390, 391, 402, 401 
E, 270, 271, 282, 281, 391, 392, 403, 402 
E, 271, 272, 283, 282, 392, 393, 404, 403 
E, 272, 273, 284, 283, 393, 394, 405, 404 
E, 273, 274, 285, 284, 394, 395, 406, 405 
E, 274, 275, 286, 285, 395, 396, 407, 406 
E, 276, 277, 288, 287, 397, 398, 409, 408 
E, 277, 278, 289, 288, 398, 399, 410, 409 
E, 278, 279, 290, 289, 399, 400, 411, 410 
E, 279, 280, 291, 290, 400, 401, 412, 411 
E, 280, 281, 292, 291, 401, 402, 413, 412 
E, 281, 282, 293, 292, 402, 403, 414, 413 
E, 282, 283, 294, 293, 403, 404, 415, 414 
E, 283, 284, 295, 294, 404, 405, 416, 415 
E, 284, 285, 296, 295, 405, 406, 417, 416 
E, 285, 286, 297, 296, 406, 407, 418, 417 
E, 287, 288, 299, 298, 408, 409, 420, 419 
E, 288, 289, 300, 299, 409, 410, 421, 420 
E, 289, 290, 301, 300, 410, 411, 422, 421 
E, 290, 291, 302, 301, 411, 412, 423, 422 
E, 291, 292, 303, 302, 412, 413, 424, 423 
E, 292, 293, 304, 303, 413, 414, 425, 424 
E, 293, 294, 305, 304, 414, 415, 426, 425 
E, 294, 295, 306, 305, 415, 416, 427, 426 
E, 295, 296, 307, 306, 416, 417, 428, 427 
E, 296, 297, 308, 307, 417, 418, 429, 428 
E, 298, 299, 310, 309, 419, 420, 431, 430 
E, 299, 300, 311, 310, 420, 421, 432, 431 
E, 300, 301, 312, 311, 421, 422, 433, 432 
E, 301, 302, 313, 312, 422, 423, 434, 433 
E, 302, 303, 314, 313, 423, 424, 435, 434 
E, 303, 304, 315, 314, 424, 425, 436, 435 
E, 304, 305, 316, 315, 425, 426, 437, 436 
E, 305, 306, 317, 316, 426, 427, 438, 437 
E, 306, 307, 318, 317, 427, 428, 439, 438 
E, 307, 308, 319, 318, 428, 429, 440, 439 
E, 309, 310, 321, 320, 430, 431, 442, 441 
E, 310, 311, 322, 321, 431, 432, 443, 442 
E, 311, 312, 323, 322, 432, 433, 444, 443 
E, 312, 313, 324, 323, 433, 434, 445, 444 
E, 313, 314, 325, 324, 434, 435, 446, 445 
E, 314, 315, 326, 325, 435, 436, 447, 446 
E, 315, 316, 327, 326, 436, 437, 448, 447 
E, 316, 317, 328, 327, 437, 438, 449, 448 
E, 317, 318, 329, 328, 438, 439, 450, 449 
E, 318, 319, 330, 329, 439, 440, 451, 450 
E, 320, 321, 332, 331, 441, 442, 453, 452 
E, 321, 322, 333, 332, 442, 443, 454, 453 
E, 322, 323, 334, 333, 443, 444, 455, 454 
E, 323, 324, 335, 334, 444, 445, 456, 455 
E, 324, 325, 336, 335, 445, 446, 457, 456 
E, 325, 326, 337, 336, 446, 447, 458, 457 
E, 326, 327, 338, 337, 447, 448, 459, 458 
E, 327, 328, 339, 338, 448, 449, 460, 459 
E, 328, 329, 340, 339, 449, 450, 461, 460 
E, 329, 330, 341, 340, 450, 451, 462, 461 
E, 331, 332, 343, 342, 452, 453, 464, 463 
E, 332, 333, 344, 343, 453, 454, 465, 464 
E, 333, 334, 345, 344, 454, 455, 466, 465 
E, 334, 335, 346, 345, 455, 456, 467, 466 
E, 335, 336, 347, 346, 456, 457, 468, 467 
E, 336, 337, 348, 347, 457, 458, 469, 468 
E, 337, 338, 349, 348, 458, 459, 470, 469 
E, 338, 339, 350, 349, 459, 460, 471, 470 
E, 339, 340, 351, 350, 460, 461, 472, 471 
E, 340, 341, 352, 351, 461, 462, 473, 472 
E, 342, 343, 354, 353, 463, 464, 475, 474 
E, 343, 344, 355, 354, 464, 465, 476, 475 
E, 344, 345, 356, 355, 465, 466, 477, 476 
E, 345, 346, 357, 356, 466, 467, 478, 477 
E, 346, 347, 358, 357, 467, 468, 479, 478 
E, 347, 348, 359, 358, 468, 469, 480, 479 
E, 348, 349, 360, 359, 469, 470, 481, 480 
E, 349, 350, 361, 360, 470, 471, 482, 481 
E, 350, 351, 362, 361, 471, 472, 483, 482 
E, 351, 352, 363, 362, 472, 473, 484, 483 
E, 364, 365, 376, 375, 485, 486, 497, 496 
E, 365, 366, 377, 376, 486, 487, 498, 497 
E, 366, 367, 378, 377, 487, 488, 499, 498 
E, 367, 368, 379, 378, 488, 489, 500, 499 
E, 368, 369, 380, 379, 489, 490, 501, 500 
E, 369, 370, 381, 380, 490, 491, 502, 501 
E, 370, 371, 382, 381, 491, 492, 503, 502 
E, 371, 372, 383, 382, 492, 493, 504, 503 
E, 372, 373, 384, 383, 493, 494, 505, 504 
E, 373, 374, 385, 384, 494, 495, 506, 505 
E, 375, 376, 387, 386, 496, 497, 508, 507 
E, 376, 377, 388, 387, 497, 498, 509, 508 
E, 377, 378, 389, 388, 498, 499, 510, 509 
E, 378, 379, 390, 389, 499, 500, 511, 510 
E, 379, 380, 391, 390, 500, 501, 512, 511 
E, 380, 381, 392, 391, 501, 502, 513, 512 
E, 381, 382, 393, 392, 502, 503, 514, 513 
E, 382, 383, 394, 393, 503, 504, 515, 514 
E, 383, 384, 395, 394, 504, 505, 516, 515 
E, 384, 385, 396, 395, 505, 506, 517, 516 
E, 386, 387, 398, 397, 507, 508, 519, 518 
E, 387, 388, 399, 398, 508, 509, 520, 519 
E, 388, 389, 400, 399, 509, 510, 521, 520 
E, 389, 390, 401, 400, 510, 511, 522, 521 
E, 390, 391, 402, 401, 511, 512, 523, 522 
E, 391, 392, 403, 402, 512, 513, 524, 523 
E, 392, 393, 404, 403, 513, 514, 525, 524 
E, 393, 394, 405, 404, 514, 515, 526, 525 
E, 394, 395, 406, 405, 515, 516, 527, 526 
E, 395, 396, 407, 406, 516, 517, 528, 527 
E, 397, 398, 409, 408, 518, 519, 530, 529 
E, 398, 399, 410, 409, 519, 520, 531, 530 
E, 399, 400, 411, 410, 520, 521, 532, 531 
E, 400, 401, 412, 411, 521, 522, 533, 532 
E, 401, 402, 413, 412, 522, 523, 534, 533 
E, 402, 403, 414, 413, 523, 524, 535, 534 
E, 403, 404, 415, 414, 524, 525, 536, 535 
E, 404, 405, 416, 415, 525, 526, 537, 536 
E, 405, 406, 417, 416, 526, 527, 538, 537 
E, 406, 407, 418, 417, 527, 528, 539, 538 
E, 408, 409, 420, 419, 529, 530, 541, 540 
E, 409, 410, 421, 420, 530, 531, 542, 541 
E, 410, 411, 422, 421, 531, 532, 543, 542 
E, 411, 412, 423, 422, 532, 533, 544, 543 
E, 412, 413, 424, 423, 533, 534, 545, 544 
E, 413, 414, 425, 424, 534, 535, 546, 545 
E, 414, 415, 426, 425, 535, 536, 547, 546 
E, 415, 416, 427, 426, 536, 537, 548, 547 
E, 416, 417, 428, 427, 537, 538, 549, 548 
E, 417, 418, 429, 428, 538, 539, 550, 549 
E, 419, 420, 431, 430, 540, 541, 552, 551 
E, 420, 421, 432, 431, 541, 542, 553, 552 
E, 421, 422, 433, 432, 542, 543, 554, 553 
E, 422, 423, 434, 433, 543, 544, 555, 554 
E, 423, 424, 435, 434, 544, 545, 556, 555 
E, 424, 425, 436, 435, 545, 546, 557, 556 
E, 425, 426, 437, 436, 546, 547, 558, 557 
E, 426, 427, 438, 437, 547, 548, 559, 558 
E, 427, 428, 439, 438, 548, 549, 560, 559 
E, 428, 429, 440, 439, 549, 550, 561, 560 
E, 430, 431, 442, 441, 551, 552, 563, 562 
E, 431, 432, 443, 442, 552, 553, 564, 563 
E, 432, 433, 444, 443, 553, 554, 565, 564 
E, 433, 434, 445, 444, 554, 555, 566, 565 
E, 434, 435, 446, 445, 555, 556, 567, 566 
E, 435, 436, 447, 446, 556, 557, 568, 567 
E, 436, 437, 448, 447, 557, 558, 569, 568 
E, 437, 438, 449, 448, 558, 559, 570, 569 
E, 438, 439, 450, 449, 559, 560, 571, 570 
E, 439, 440, 451, 450, 560, 561, 572, 571 
E, 441, 442, 453, 452, 562, 563, 574, 573 
E, 442, 443, 454, 453, 563, 564, 575, 574 
E, 443, 444, 455, 454, 564, 565, 576, 575 
E, 444, 445, 456, 455, 565, 566, 577, 576 
E, 445, 446, 457, 456, 566, 567, 578, 577 
E, 446, 447, 458, 457, 567, 568, 579, 578 
E, 447, 448, 459, 458, 568, 569, 580, 579 
E, 448, 449, 460, 459, 569, 570, 581, 580 
E, 449, 450, 461, 460, 570, 571, 582, 581 
E, 450, 451, 462, 461, 571, 572, 583, 582 
E, 452, 453, 464, 463, 573, 574, 585, 584 
E, 453, 454, 465, 464, 574, 575, 586, 585 
E, 454, 455, 466, 465, 575, 576, 587, 586 
E, 455, 456, 467, 466, 576, 577, 588, 587 
E, 456, 457, 468, 467, 577, 578, 589, 588 
E, 457, 458, 469, 468, 578, 579, 590, 589 
E, 458, 459, 470, 469, 579, 580, 591, 590 
E, 459, 460, 471, 470, 580, 581, 592, 591 
E, 460, 461, 472, 471, 581, 582, 593, 592 
E, 461, 462, 473, 472, 582, 583, 594, 593 
E, 463, 464, 475, 474, 584, 585, 596, 595 
E, 464, 465, 476, 475, 585, 586, 597, 596 
E, 465, 466, 477, 476, 586, 587, 598, 597 
E, 466, 467, 478, 477, 587, 588, 599, 598 
E, 467, 468, 479, 478, 588, 589, 600, 599 
E, 468, 469, 480, 479, 589, 590, 601, 600 
E, 469, 470, 481, 480, 590, 591, 602, 601 
E, 470, 471, 482, 481, 591, 592, 603, 602 
E, 471, 472, 483, 482, 592, 593, 604, 603 
E, 472, 473, 484, 483, 593, 594, 605, 604 
E, 485, 486, 497, 496, 606, 607, 618, 617 
E, 486, 487, 498, 497, 607, 608, 619, 618 
E, 487, 488, 499, 498, 608, 609, 620, 619 
E, 488, 489, 500, 499, 609, 610, 621, 620 
E, 489, 490, 501, 500, 610, 611, 622, 621 
E, 490, 491, 502, 501, 611, 612, 623, 622 
E, 491, 492, 503, 502, 612, 613, 624, 623 
E, 492, 493, 504, 503, 613, 614, 625, 624 
E, 493, 494, 505, 504, 614, 615, 626, 625 
E, 494, 495, 506, 505, 615, 616, 627, 626 
E, 496, 497, 508, 507, 617, 618, 629, 628 
E, 497, 498, 509, 508, 618, 619, 630, 629 
E, 498, 499, 510, 509, 619, 620, 631, 630 
E, 499, 500, 511, 510, 620, 621, 632, 631 
E, 500, 501, 512, 511, 621, 622, 633, 632 
E, 501, 502, 513, 512, 622, 623, 634, 633 
E, 502, 503, 514, 513, 623, 624, 635, 634 
E, 503, 504, 515, 514, 624, 625, 636, 635 
E, 504, 505, 516, 515, 625, 626, 637, 636 
E, 505, 506, 517, 516, 626, 627, 638, 637 
E, 507, 508, 519, 518, 628, 629, 640, 639 
E, 508, 509, 520, 519, 629, 630, 641, 640 
E, 509, 510, 521, 520, 630, 631, 642, 641 
E, 510, 511, 522, 521, 631, 632, 643, 642 
E, 511, 512, 523, 522, 632, 633, 644, 643 
E, 512, 513, 524, 523, 633, 634, 645, 644 
E, 513, 514, 525, 524, 634, 635, 646, 645 
E, 514, 515, 526, 525, 635, 636, 647, 646 
E, 515, 516, 527, 526, 636, 637, 648, 647 
E, 516, 517, 528, 527, 637, 638, 649, 648 
E, 518, 519, 530, 529, 639, 640, 651, 650 
E, 519, 520, 531, 530, 640, 641, 652, 651 
E, 520, 521, 532, 531, 641, 642, 653, 652 
E, 521, 522, 533, 532, 642, 643, 654, 653 
E, 522, 523, 534, 533, 643, 644, 655, 654 
E, 523, 524, 535, 534, 644, 645, 656, 655 
E, 524, 525, 536, 535, 645, 646, 657, 656 
E, 525, 526, 537, 536, 646, 647, 658, 657 
E, 526, 527, 538, 537, 647, 648, 659, 658 
E, 527, 528, 539, 538, 648, 649, 660, 659 
E, 529, 530, 541, 540, 650, 651, 662, 661 
E, 530, 531, 542, 541, 651, 652, 663, 662 
E, 531, 532, 543, 542, 652, 653, 664, 663 
E, 532, 533, 544, 543, 653, 654, 665, 664 
E, 533, 534, 545, 544, 654, 655, 666, 665 
E, 534, 535, 546, 545, 655, 656, 667, 666 
E, 535, 536, 547, 546, 656, 657, 668, 667 
E, 536, 537, 548, 547, 657, 658, 669, 668 
E, 537, 538, 549, 548, 658, 659, 670, 669 
E, 538, 539, 550, 549, 659, 660, 671, 670 
E, 540, 541, 552, 551, 661, 662, 673, 672 
E, 541, 542, 553, 552, 662, 663, 674, 673 
E, 542, 543, 554, 553, 663, 664, 675, 674 
E, 543, 544, 555, 554, 664, 665, 676, 675 
E, 544, 545, 556, 555, 665, 666, 677, 676 
E, 545, 546, 557, 556, 666, 667, 678, 677 
E, 546, 547, 558, 557, 667, 668, 679, 678 
E, 547, 548, 559, 558, 668, 669, 680, 679 
E, 548, 549, 560, 559, 669, 670, 681, 680 
E, 549, 550, 561, 560, 670, 671, 682, 681 
E, 551, 552, 563, 562, 672, 673, 684, 683 
E, 552, 553, 564, 563, 673, 674, 685, 684 
E, 553, 554, 565, 564, 674, 675, 686, 685 
E, 554, 555, 566, 565, 675, 676, 687, 686 
E, 555, 556, 567, 566, 676, 677, 688, 687 
E, 556, 557, 568, 567, 677, 678, 689, 688 
E, 557, 558, 569, 568, 678, 679, 690, 689 
E, 558, 559, 570, 569, 679, 680, 691, 690 
E, 559, 560, 571, 570, 680, 681, 692, 691 
E, 560, 561, 572, 571, 681, 682, 693, 692 
E, 562, 563, 574, 573, 683, 684, 695, 694 
E, 563, 564, 575, 574, 684, 685, 696, 695 
E, 564, 565, 576, 575, 685, 686, 697, 696 
E, 565, 566, 577, 576, 686, 687, 698, 697 
E, 566, 567, 578, 577, 687, 688, 699, 698 
E, 567, 568, 579, 578, 688, 689, 700, 699 
E, 568, 569, 580, 579, 689, 690, 701, 700 
E, 569, 570, 581, 580, 690, 691, 702, 701 
E, 570, 571, 582, 581, 691, 692, 703, 702 
E, 571, 572, 583, 582, 692, 693, 704, 703 
E, 573, 574, 585, 584, 694, 695, 706, 705 
E, 574, 575, 586, 585, 695, 696, 707, 706 
E, 575, 576, 587, 586, 696, 697, 708, 707 
E, 576, 577, 588, 587, 697, 698, 709, 708 
E, 577, 578, 589, 588, 698, 699, 710, 709 
E, 578, 579, 590, 589, 699, 700, 711, 710 
E, 579, 580, 591, 590, 700, 701, 712, 711 
E, 580, 581, 592, 591, 701, 702, 713, 712 
E, 581, 582, 593, 592, 702, 703, 714, 713 
E, 582, 583, 594, 593, 703, 704, 715, 714 
E, 584, 585, 596, 595, 705, 706, 717, 716 
E, 585, 586, 597, 596, 706, 707, 718, 717 
E, 586, 587, 598, 597, 707, 708, 719, 718 
E, 587, 588, 599, 598, 708, 709, 720, 719 
E, 588, 589, 600, 599, 709, 710, 721, 720 
E, 589, 590, 601, 600, 710, 711, 722, 721 
E, 590, 591, 602, 601, 711, 712, 723, 722 
E, 591, 592, 603, 602, 712, 713, 724, 723 
E, 592, 593, 604, 603, 713, 714, 725, 724 
E, 593, 594, 605, 604, 714, 715, 726, 725 
E, 606, 607, 618, 617, 727, 728, 739, 738 
E, 607, 608, 619, 618, 728, 729, 740, 739 
E, 608, 609, 620, 619, 729, 730, 741, 740 
E, 609, 610, 621, 620, 730, 731, 742, 741 
E, 610, 611, 622, 621, 731, 732, 743, 742 
E, 611, 612, 623, 622, 732, 733, 744, 743 
E, 612, 613, 624, 623, 733, 734, 745, 744 
E, 613, 614, 625, 624, 734, 735, 746, 745 
E, 614, 615, 626, 625, 735, 736, 747, 746 
E, 615, 616, 627, 626, 736, 737, 748, 747 
E, 617, 618, 629, 628, 738, 739, 750, 749 
E, 618, 619, 630, 629, 739, 740, 751, 750 
E, 619, 620, 631, 630, 740, 741, 752, 751 
E, 620, 621, 632, 631, 741, 742, 753, 752 
E, 621, 622, 633, 632, 742, 743, 754, 753 
E, 622, 623, 634, 633, 743, 744, 755, 754 
E, 623, 624, 635, 634, 744, 745, 756, 755 
E, 624, 625, 636, 635, 745, 746, 757, 756 
E, 625, 626, 637, 636, 746, 747, 758, 757 
E, 626, 627, 638, 637, 747, 748, 759, 758 
E, 628, 629, 640, 639, 749, 750, 761, 760 
E, 629, 630, 641, 640, 750, 751, 762, 761 
E, 630, 631, 642, 641, 751, 752, 763, 762 
E, 631, 632, 643, 642, 752, 753, 764, 763 
E, 632, 633, 644, 643, 753, 754, 765, 764 
E, 633, 634, 645, 644, 754, 755, 766, 765 
E, 634, 635, 646, 645, 755, 756, 767, 766 
E, 635, 636, 647, 646, 756, 757, 768, 767 
E, 636, 637, 648, 647, 757, 758, 769, 768 
E, 637, 638, 649, 648, 758, 759, 770, 769 
E, 639, 640, 651, 650, 760, 761, 772, 771 
E, 640, 641, 652, 651, 761, 762, 773, 772 
E, 641, 642, 653, 652, 762, 763, 774, 773 
E, 642, 643, 654, 653, 763, 764, 775, 774 
E, 643, 644, 655, 654, 764, 765, 776, 775 
E, 644, 645, 656, 655, 765, 766, 777, 776 
E, 645, 646, 657, 656, 766, 767, 778, 777 
E, 646, 647, 658, 657, 767, 768, 779, 778 
E, 647, 648, 659, 658, 768, 769, 780, 779 
E, 648, 649, 660, 659, 769, 770, 781, 780 
E, 650, 651, 662, 661, 771, 772, 783, 782 
E, 651, 652, 663, 662, 772, 773, 784, 783 
E, 652, 653, 664, 663, 773, 774, 785, 784 
E, 653, 654, 665, 664, 774, 775, 786, 785 
E, 654, 655, 666, 665, 775, 776, 787, 786 
E, 655, 656, 667, 666, 776, 777, 788, 787 
E, 656, 657, 668, 667, 777, 778, 789, 788 
E, 657, 658, 669, 668, 778, 779, 790, 789 
E, 658, 659, 670, 669, 779, 780, 791, 790 
E, 659, 660, 671, 670, 780, 781, 792, 791 
E, 661, 662, 673, 672, 782, 783, 794, 793 
E, 662, 663, 674, 673, 783, 784, 795, 794 
E, 663, 664, 675, 674, 784, 785, 796, 795 
E, 664, 665, 676, 675, 785, 786, 797, 796 
E, 665, 666, 677, 676, 786, 787, 798, 797 
E, 666, 667, 678, 677, 787, 788, 799, 798 
E, 667, 668, 679, 678, 788, 789, 800, 799 
E, 668, 669, 680, 679, 789, 790, 801, 800 
E, 669, 670, 681, 680, 790, 791, 802, 801 
E, 670, 671, 682, 681, 791, 792, 803, 802 
E, 672, 673, 684, 683, 793, 794, 805, 804 
E, 673, 674, 685, 684, 794, 795, 806, 805 
E, 674, 675, 686, 685, 795, 796, 807, 806 
E, 675, 676, 687, 686, 796, 797, 808, 807 
E, 676, 677, 688, 687, 797, 798, 809, 808 
E, 677, 678, 689, 688, 798, 799, 810, 809 
E, 678, 679, 690, 689, 799, 800, 811, 810 
E, 679, 680, 691, 690, 800, 801, 812, 811 
E, 680, 681, 692, 691, 801, 802, 813, 812 
E, 681, 682, 693, 692, 802, 803, 814, 813 
E, 683, 684, 695, 694, 804, 805, 816, 815 
E, 684, 685, 696, 695, 805, 806, 817, 816 
E, 685, 686, 697, 696, 806, 807, 818, 817 
E, 686, 687, 698, 697, 807, 808, 819, 818 
E, 687, 688, 699, 698, 808, 809, 820, 819 
E, 688, 689, 700, 699, 809, 810, 821, 820 
E, 689, 690, 701, 700, 810, 811, 822, 821 
E, 690, 691, 702, 701, 811, 812, 823, 822 
E, 691, 692, 703, 702, 812, 813, 824, 823 
E, 692, 693, 704, 703, 813, 814, 825, 824 
E, 694, 695, 706, 705, 815, 816, 827, 826 
E, 695, 696, 707, 706, 816, 817, 828, 827 
E, 696, 697, 708, 707, 817, 818, 829, 828 
E, 697, 698, 709, 708, 818, 819, 830, 829 
E, 698, 699, 710, 709, 819, 820, 831, 830 
E, 699, 700, 711, 710, 820, 821, 832, 831 
E, 700, 701, 712, 711, 821, 822, 833, 832 
E, 701, 702, 713, 712, 822, 823, 834, 833 
E, 702, 703, 714, 713, 823, 824, 835, 834 
E, 703, 704, 715, 714, 824, 825, 836, 835 
E, 705, 706, 717, 716, 826, 827, 838, 837 
E, 706, 707, 718, 717, 827, 828, 839, 838 
E, 707, 708, 719, 718, 828, 829, 840, 839 
E, 708, 709, 720, 719, 829, 830, 841, 840 
E, 709, 710, 721, 720, 830, 831, 842, 841 
E, 710, 711, 722, 721, 831, 832, 843, 842 
E, 711, 712, 723, 722, 832, 833, 844, 843 
E, 712, 713, 724, 723, 833, 834, 845, 844 
E, 713, 714, 725, 724, 834, 835, 846, 845 
E, 714, 715, 726, 725, 835, 836, 847, 846 
