        1      0.0008328000     0.0023321330    -0.0000840640     0.0027243891     0.0024847976     0.0008731219
        2     -0.0004426812     0.0008259374     0.0011891966     0.0029465347     0.0008358932    -0.0000301105
        3     -0.0011716275     0.0006742592     0.0009923457     0.0007344385     0.0008773329    -0.0005216606
        4     -0.0010113469    -0.0007807903     0.0002903437     0.0002980894     0.0006611618    -0.0006023617
        5     -0.0011030471    -0.0006033184    -0.0002423650    -0.0003435210     0.0009475068    -0.0005136784
        6     -0.0006732615    -0.0000594622    -0.0005647083    -0.0003886471     0.0004218170    -0.0005219531
        7     -0.0005247746     0.0004892663    -0.0004493489    -0.0004977398     0.0007210691    -0.0003541292
        8     -0.0002616647    -0.0000464731    -0.0007133781    -0.0008182206     0.0002418169    -0.0004044858
        9      0.0001577987    -0.0000725964    -0.0008095543    -0.0006737477    -0.0007101559     0.0000569741
       10      0.0004336716     0.0007667496    -0.0001730468    -0.0007078383    -0.0009207101    -0.0003245525
       11      0.0009315847     0.0005879330     0.0002588202     0.0014921873     0.0007009062     0.0006690326
       12     -0.0000066719     0.0005125823     0.0002569115     0.0012871475     0.0011968133     0.0003942074
       13     -0.0005168897     0.0005746818     0.0003364591     0.0001269437     0.0007800163     0.0005113174
       14     -0.0005164748    -0.0006705295     0.0001721943    -0.0000395008     0.0008140055     0.0008934096
       15     -0.0003601480    -0.0006616249     0.0000050251     0.0003769355     0.0003656068     0.0007295304
       16     -0.0004143064    -0.0000203971    -0.0002315219     0.0000270911     0.0005055578     0.0002684568
       17     -0.0002520672    -0.0001318098    -0.0003698724    -0.0007844780     0.0002919960    -0.0001040786
       18      0.0000281090    -0.0003035358    -0.0003676423    -0.0008482108    -0.0003080415    -0.0005495516
       19      0.0003120770     0.0002571925    -0.0001660206    -0.0009749372    -0.0000821151    -0.0005097827
       20      0.0006827962    -0.0000465138    -0.0005235523    -0.0005890359    -0.0004725668    -0.0004437256
       21     -0.0003661862    -0.0002068649    -0.0000854069     0.0007202738     0.0006018494     0.0012495704
       22     -0.0005697971     0.0000900837    -0.0000130104     0.0010572524     0.0007720764     0.0005067738
       23     -0.0008281782     0.0001643461    -0.0000381212     0.0004985223     0.0014721161     0.0008361108
       24     -0.0007714422    -0.0002921077     0.0001180319     0.0001719176     0.0011436064     0.0017863044
       25     -0.0005434230    -0.0002273520     0.0000977988     0.0003698321     0.0002231939     0.0018049837
       26     -0.0004315201    -0.0006159046    -0.0001957822     0.0000883276    -0.0003982270     0.0009004025
       27     -0.0007014410    -0.0008675977    -0.0001563503    -0.0009059917    -0.0005942752     0.0002233875
       28     -0.0011320069    -0.0003248757    -0.0002369693    -0.0007796668    -0.0005421232     0.0004782769
       29     -0.0009635354     0.0003715153    -0.0004744851    -0.0001777573     0.0001056752     0.0001862467
       30     -0.0004632496    -0.0001919364    -0.0002722063     0.0001650732    -0.0000399798    -0.0004544905
       31     -0.0006151703    -0.0002073830     0.0005470828     0.0003187347     0.0004919603     0.0010186703
       32     -0.0002990738     0.0002666698     0.0000177047     0.0006850635     0.0009737044     0.0008622780
       33     -0.0006981130    -0.0002276819    -0.0003358626     0.0005676107     0.0019895122     0.0010937086
       34     -0.0010112086    -0.0004571757    -0.0003087584     0.0006774362     0.0012476726     0.0012079394
       35     -0.0010290876    -0.0001171809    -0.0001267123     0.0002185236     0.0000821950     0.0016748042
       36     -0.0010931912    -0.0006484742    -0.0002120468    -0.0003736699    -0.0013140304     0.0015760671
       37     -0.0008277784    -0.0011478324    -0.0002631408     0.0000967037    -0.0012052355     0.0008156748
       38     -0.0003193979    -0.0004260685    -0.0000553511     0.0001848342    -0.0008821999     0.0002786580
       39     -0.0003144730     0.0002870504    -0.0001439042     0.0007017149    -0.0007568802    -0.0002896214
       40     -0.0007060125    -0.0002973814    -0.0000457124     0.0003604737    -0.0004674673    -0.0018761787
       41     -0.0003397850     0.0003388534     0.0012233172     0.0003559469     0.0002564651     0.0005704300
       42     -0.0008286830     0.0002541228    -0.0000234782    -0.0000889851     0.0013718140     0.0005917364
       43     -0.0008037599    -0.0000878584    -0.0003517904    -0.0001366852     0.0019056760     0.0004310194
       44     -0.0008747744    -0.0003343028    -0.0001806004     0.0005792572     0.0013130316     0.0002128275
       45     -0.0011583635    -0.0006231920     0.0000223948     0.0007753175     0.0000889877     0.0004635581
       46     -0.0011927224    -0.0007581899    -0.0000436076    -0.0004852379    -0.0018628803     0.0006055452
       47     -0.0006522699    -0.0008022191    -0.0001082732     0.0002068876    -0.0017962243     0.0006187743
       48     -0.0001716325    -0.0004478391    -0.0002071788     0.0001662151    -0.0015077999     0.0002565102
       49     -0.0001335573    -0.0003569527    -0.0001451594     0.0003098400    -0.0008862285     0.0001151871
       50      0.0000445254    -0.0002150870     0.0002152232    -0.0000620667    -0.0007377375    -0.0000507576
       51      0.0000423728    -0.0000458599     0.0010487891    -0.0000118078     0.0008954392     0.0000766088
       52     -0.0009541855    -0.0001036748    -0.0000435885    -0.0005625455     0.0010825772     0.0002426471
       53     -0.0012262294    -0.0000652126    -0.0001189865    -0.0004645394     0.0012047865     0.0001987884
       54     -0.0004663998    -0.0001830419     0.0000867191    -0.0001954488     0.0013361562    -0.0003729286
       55      0.0000607188    -0.0005246981     0.0002040160    -0.0006321664     0.0005395905    -0.0010053019
       56      0.0000807790    -0.0012687222    -0.0000049099    -0.0004647959    -0.0012730826    -0.0008469091
       57      0.0000231055    -0.0004790554     0.0000326942     0.0004278415    -0.0018172997    -0.0000956506
       58      0.0000107682    -0.0002549994     0.0000342387     0.0000312769    -0.0015304787    -0.0001040270
       59      0.0002140374    -0.0007266313    -0.0001294761     0.0005409747    -0.0007504215    -0.0002760492
       60     -0.0000713681    -0.0003803413     0.0004001212     0.0001175028    -0.0001581090    -0.0006523863
       61      0.0001892385    -0.0004047989     0.0000203067    -0.0020580042     0.0003467768     0.0003075011
       62      0.0000001817    -0.0001933397     0.0000571542    -0.0015394695     0.0007940210     0.0002437861
       63     -0.0002784014    -0.0005894535    -0.0000558879    -0.0006621598     0.0005367333    -0.0005338079
       64     -0.0004614973    -0.0003235634    -0.0001558823     0.0000746462     0.0006515752    -0.0014899145
       65     -0.0002926412    -0.0002800041    -0.0001164289    -0.0010604532     0.0005847498    -0.0022979891
       66      0.0001250237    -0.0007645497     0.0000376447    -0.0004906042    -0.0002395381    -0.0024237563
       67     -0.0000816014    -0.0005898044     0.0000478335    -0.0000921326    -0.0011837661    -0.0017003568
       68     -0.0002377342    -0.0001630584    -0.0001218021     0.0002881792    -0.0010105100    -0.0009505017
       69      0.0001811721    -0.0001966965    -0.0002342498     0.0008384129    -0.0008391477    -0.0007132344
       70      0.0007458417    -0.0001291469     0.0000095955     0.0014830952    -0.0013602972    -0.0011420892
       71     -0.0011261858     0.0000335861    -0.0002843041    -0.0017316893    -0.0000270589     0.0000074159
       72      0.0002793880    -0.0001204156    -0.0003666269    -0.0012612477     0.0004024920    -0.0001702781
       73      0.0009462257    -0.0006981836    -0.0003613076    -0.0008396830     0.0000028795    -0.0008349917
       74      0.0002700895    -0.0003887189    -0.0001224858     0.0000546998    -0.0000068131    -0.0015591912
       75     -0.0004435310    -0.0001990239    -0.0000498168    -0.0001710722     0.0004662045    -0.0019709738
       76     -0.0008525186    -0.0003742696    -0.0001678507    -0.0002854093     0.0003418022    -0.0016862427
       77     -0.0008980148    -0.0006119397    -0.0002662315    -0.0003767714    -0.0000855500    -0.0009756106
       78     -0.0009019048    -0.0001789908    -0.0005799409     0.0003540526    -0.0006836681    -0.0004203483
       79     -0.0010068854     0.0004102335    -0.0003099252     0.0009508185    -0.0008739515    -0.0007935534
       80     -0.0001894671     0.0005681352     0.0001494807     0.0016577339    -0.0012570766    -0.0014563963
       81      0.0007729216     0.0004927174    -0.0004779702    -0.0007453388     0.0000917067     0.0006273336
       82      0.0005352406     0.0001877957    -0.0004056804    -0.0002360794    -0.0004693570    -0.0001098280
       83      0.0000596337    -0.0006591520    -0.0004651565    -0.0005153364    -0.0004479385    -0.0001607853
       84     -0.0001474935    -0.0005626673    -0.0000346515    -0.0005219266    -0.0000555759    -0.0000378068
       85     -0.0005315146    -0.0002626501     0.0000484859    -0.0010279704    -0.0000221259    -0.0002330588
       86     -0.0008848958    -0.0002808820    -0.0003032080    -0.0008933609     0.0011451783    -0.0000557019
       87     -0.0009944503    -0.0001491115    -0.0004170734     0.0000334415     0.0004896000     0.0001872118
       88     -0.0010436292     0.0000147532    -0.0005337069     0.0009622137    -0.0007744112    -0.0000048680
       89     -0.0009714098     0.0007809112    -0.0001784341     0.0021263071    -0.0011489112    -0.0003701924
       90     -0.0018223559     0.0008143128     0.0001436534     0.0025105922    -0.0014527786    -0.0017126604
       91      0.0017159554     0.0001838073    -0.0015200647    -0.0007975582    -0.0012410365     0.0004196892
       92      0.0006702339     0.0006007280    -0.0003223565    -0.0013540180    -0.0014250780     0.0000998957
       93     -0.0000802662    -0.0006127848    -0.0004470812    -0.0013761824    -0.0009773656     0.0001602133
       94     -0.0005382971    -0.0009923295    -0.0003078707    -0.0006879374     0.0001588568     0.0003520457
       95     -0.0001987920    -0.0001194336     0.0003012818    -0.0005985571    -0.0003840797     0.0003820097
       96     -0.0001147752     0.0003295457    -0.0005386172    -0.0002426107     0.0007723283     0.0003174047
       97     -0.0004689175     0.0001668224    -0.0005810752     0.0007027579     0.0012030344     0.0006350306
       98     -0.0002088839     0.0003724022    -0.0003009076     0.0015605410    -0.0007056654     0.0007785279
       99     -0.0002855183     0.0005197947    -0.0003142702     0.0013845070    -0.0013635499     0.0007079739
      100     -0.0007082325     0.0008658681     0.0010975932     0.0002999049    -0.0014213208     0.0013566146
      101      0.0017771513     0.0007400374     0.0014267527     0.0018132958     0.0032807106     0.0008115980
      102      0.0000337612     0.0005595341     0.0008097810     0.0018107485     0.0019284573    -0.0010969751
      103      0.0001781974     0.0001814544     0.0008431373     0.0002641968     0.0009284755    -0.0013499987
      104      0.0001036340    -0.0011547656     0.0006528087     0.0012904072     0.0000635427    -0.0007782029
      105     -0.0003230818    -0.0005173392    -0.0000307320     0.0003540767    -0.0000040346    -0.0009914616
      106     -0.0001383537     0.0006935267    -0.0005865404    -0.0000062035     0.0007199311    -0.0013623475
      107     -0.0003113655     0.0007892648    -0.0012367487    -0.0005657822     0.0008669177    -0.0009977334
      108     -0.0000962759    -0.0007238312    -0.0014108993    -0.0007010389     0.0005148345     0.0002985984
      109     -0.0000800833    -0.0002908161    -0.0010148443    -0.0006240990    -0.0003415837     0.0010415281
      110      0.0008223327     0.0001510071    -0.0019429090    -0.0012850352     0.0001512569    -0.0006998982
      111      0.0005568306     0.0004136507    -0.0000206352     0.0001715751     0.0023151615    -0.0003277433
      112      0.0003388710     0.0002472491     0.0001917839     0.0005024345     0.0018145829    -0.0005830776
      113     -0.0001163104     0.0001418519     0.0003825145     0.0009738041     0.0014977360    -0.0004277272
      114      0.0002638134    -0.0005356627     0.0005223566     0.0004385865     0.0006699948     0.0008704024
      115      0.0004127814    -0.0009628554     0.0000329340     0.0003172673    -0.0000118412     0.0011489346
      116      0.0001796555     0.0003397745    -0.0007371649    -0.0002350209    -0.0000567637     0.0004937120
      117      0.0002302595    -0.0001620098    -0.0010776730    -0.0017164183     0.0004485316    -0.0000512270
      118      0.0001791513    -0.0004767335    -0.0008534715    -0.0011998670     0.0001408287    -0.0007243743
      119      0.0004821799     0.0001707003    -0.0009416793    -0.0008238283    -0.0001714032    -0.0006144569
      120      0.0009210638     0.0001771038    -0.0006243218    -0.0007060902    -0.0002155345     0.0001280038
      121      0.0001279532    -0.0001860084    -0.0003526353     0.0002944626     0.0011979299     0.0012987026
      122     -0.0003606215     0.0003439225    -0.0001402038     0.0002672011     0.0016528956     0.0004738013
      123     -0.0003481926     0.0001083843    -0.0001671300     0.0012105293     0.0021082089     0.0003775968
      124     -0.0001754337    -0.0005470282    -0.0000316982     0.0011495605     0.0018552795     0.0016183363
      125      0.0001723982    -0.0005292040     0.0000638902     0.0002853836    -0.0003765348     0.0026501514
      126      0.0000808788    -0.0010720864    -0.0001933938    -0.0006693871    -0.0009751855     0.0024382947
      127     -0.0002998220    -0.0007677635    -0.0004516818    -0.0016054662    -0.0011150001     0.0013766439
      128     -0.0004359522    -0.0000590721    -0.0004992670    -0.0011314778    -0.0007744156     0.0008080426
      129     -0.0007782698     0.0007763354    -0.0005345449    -0.0005298269    -0.0005069141     0.0002518926
      130     -0.0009419715    -0.0002339537    -0.0004393125    -0.0003572772     0.0006020320    -0.0004628216
      131     -0.0008973088     0.0000957597     0.0006041400    -0.0002291338     0.0000136357     0.0020017268
      132     -0.0003247960     0.0003389082    -0.0000029258     0.0006998985     0.0010807943     0.0010072952
      133     -0.0006445619     0.0000577997    -0.0004242619     0.0011065364     0.0022567245     0.0014878606
      134     -0.0014147922    -0.0006908218    -0.0001979740     0.0010732015     0.0025665451     0.0024171333
      135     -0.0015334346    -0.0006657053     0.0005591030     0.0003684515     0.0006668409     0.0029105832
      136     -0.0010233891    -0.0017165846     0.0009128194    -0.0007378852    -0.0022741732     0.0027791043
      137     -0.0006371215    -0.0009683994     0.0005873110    -0.0007139546    -0.0028589773     0.0018804435
      138     -0.0004708694     0.0002544787    -0.0001759078    -0.0000618298    -0.0015417130     0.0010403001
      139     -0.0005080261     0.0005970157    -0.0004164108    -0.0006710699    -0.0008523644     0.0000696356
      140     -0.0008656347    -0.0000711240    -0.0005484945    -0.0004955507    -0.0003650922    -0.0014292347
      141     -0.0008004252     0.0004389438     0.0007344862     0.0000294262     0.0000087581    -0.0001668576
      142     -0.0009156259     0.0004600793    -0.0000699513    -0.0000889705     0.0008595106     0.0001590242
      143     -0.0010692015     0.0001285562    -0.0001871044     0.0000586919     0.0023539996     0.0006759798
      144     -0.0013466523    -0.0004607689     0.0006390614     0.0006716291     0.0029006946     0.0014093442
      145     -0.0018783793    -0.0013809929     0.0015134162     0.0006477666     0.0011350084     0.0016345372
      146     -0.0020789862    -0.0018768658     0.0017890078    -0.0002976828    -0.0027516259     0.0017922727
      147     -0.0013889984    -0.0006654929     0.0011162349     0.0000039645    -0.0036912566     0.0012796443
      148     -0.0007417040     0.0002288855     0.0003452810     0.0001542308    -0.0024083484     0.0005922985
      149     -0.0002768364    -0.0000506865    -0.0001219189    -0.0003589562    -0.0011232927    -0.0000511104
      150      0.0000651093     0.0003141082    -0.0003135826    -0.0007102853    -0.0005442535     0.0000903613
      151     -0.0000927098     0.0000792593     0.0003348096    -0.0002208423    -0.0007080228    -0.0002722503
      152     -0.0009305033     0.0001751699    -0.0001708246    -0.0008546394     0.0008163914     0.0003575187
      153     -0.0015032742     0.0005689914    -0.0000134281    -0.0007345293     0.0024381173    -0.0000670774
      154     -0.0014926845    -0.0001379028     0.0013003737    -0.0001701006     0.0029483232    -0.0014699848
      155     -0.0012362344    -0.0016704007     0.0019261574    -0.0001025332     0.0006506466    -0.0024594750
      156     -0.0010581920    -0.0020278004     0.0016884077     0.0001852523    -0.0020840063    -0.0016677816
      157     -0.0007677001    -0.0005482873     0.0009818230     0.0008437939    -0.0034281722    -0.0008337883
      158     -0.0003956443     0.0001798494     0.0001526989     0.0002519714    -0.0028732945    -0.0004754965
      159     -0.0003102058    -0.0002656336    -0.0000958518     0.0002319676    -0.0010918500    -0.0004140725
      160     -0.0001114507    -0.0000825044    -0.0001688446    -0.0005745063     0.0000235615    -0.0004949200
      161      0.0000090002     0.0003890107     0.0005455852    -0.0018513245    -0.0001345671    -0.0006877409
      162     -0.0001820958    -0.0000011175    -0.0005832931    -0.0014241808     0.0003362811     0.0001193531
      163     -0.0003843038     0.0004253789    -0.0005015866    -0.0010388685     0.0016912282    -0.0009316388
      164     -0.0003961590    -0.0002999443     0.0006880754    -0.0009747633     0.0021304544    -0.0031852164
      165     -0.0004081876    -0.0011734065     0.0011662914    -0.0009799834     0.0006164951    -0.0044366124
      166     -0.0000540094    -0.0016318130     0.0007223727     0.0002312544    -0.0012216974    -0.0038977848
      167     -0.0001775037    -0.0006296062     0.0001276241     0.0006957571    -0.0026602116    -0.0029897844
      168     -0.0003293277     0.0002992369    -0.0005809837     0.0010935690    -0.0021268493    -0.0018044082
      169      0.0004806791    -0.0003488263    -0.0003027511     0.0008090826    -0.0003275081    -0.0008563798
      170      0.0010040155    -0.0006138002     0.0005439060     0.0003433428    -0.0001703676    -0.0004534230
      171     -0.0006362248     0.0005581794     0.0002178355    -0.0008672424     0.0001591250     0.0003765071
      172      0.0005212760     0.0003495696    -0.0007182938    -0.0010780983    -0.0000752804    -0.0005248510
      173      0.0012278112    -0.0003946921    -0.0007847717    -0.0013521884     0.0005181142    -0.0011043278
      174      0.0007658310    -0.0000989536    -0.0002188587    -0.0010609187     0.0009617430    -0.0019731506
      175      0.0001225717    -0.0007183741     0.0001801077    -0.0006483137     0.0001716079    -0.0030586341
      176     -0.0004904768    -0.0009777605    -0.0000449338     0.0005158244    -0.0008049348    -0.0033558853
      177     -0.0006468086    -0.0006835311    -0.0008057062     0.0004133973    -0.0012740936    -0.0020143950
      178     -0.0006688579     0.0004140015    -0.0009672874     0.0010499609    -0.0009645070    -0.0010138590
      179     -0.0008295839    -0.0000881273    -0.0004324545     0.0016619784     0.0002441162    -0.0009454086
      180     -0.0005266141    -0.0006346795     0.0003461400     0.0014207319    -0.0006391543    -0.0015490767
      181      0.0001500771    -0.0000820526    -0.0007230681    -0.0005724588    -0.0006542529    -0.0001547559
      182     -0.0000415754     0.0004148869    -0.0007646180    -0.0004120188    -0.0003233370    -0.0001847853
      183      0.0000770451    -0.0003413213    -0.0005420692    -0.0008694715    -0.0002537560    -0.0000262998
      184      0.0002337859    -0.0003020124    -0.0002831592    -0.0010136947     0.0005072668    -0.0002041958
      185      0.0002760474    -0.0002645721    -0.0000614016    -0.0012236848    -0.0002765088    -0.0006267847
      186      0.0001367558    -0.0003898775    -0.0005682548    -0.0000352816     0.0000305598    -0.0004984022
      187     -0.0000818117    -0.0003687328    -0.0011625836     0.0010436948     0.0003046598     0.0003467307
      188     -0.0003722556     0.0002462675    -0.0007518335     0.0013841701    -0.0004653964     0.0006773144
      189     -0.0007514962     0.0003728821    -0.0000442621     0.0017567376    -0.0000637096     0.0004074836
      190     -0.0011944535    -0.0004483908     0.0005928703     0.0015362383    -0.0014600047    -0.0011961808
      191      0.0005645993     0.0001561963    -0.0015164825    -0.0019053304    -0.0015698336    -0.0015658366
      192      0.0002233797     0.0005758924    -0.0013133856    -0.0007719504    -0.0006647193    -0.0013857319
      193      0.0000672118    -0.0002312177    -0.0005334744    -0.0009090543    -0.0002281845     0.0001178125
      194      0.0002498498    -0.0001245694    -0.0002339123    -0.0009185841     0.0003365069     0.0008992187
      195      0.0000120049    -0.0005149313    -0.0006230689    -0.0009223250    -0.0001779046     0.0002447053
      196     -0.0004849941     0.0007219738    -0.0000995026    -0.0004377434     0.0007225791    -0.0002207162
      197     -0.0003395978     0.0003739187    -0.0001794238     0.0018515746     0.0012976895     0.0007257124
      198      0.0002634952    -0.0003833002    -0.0001377628     0.0014624598    -0.0002723245     0.0016641053
      199     -0.0002668761     0.0004065438     0.0005776031     0.0007272596    -0.0000389725     0.0010138314
      200     -0.0001816818     0.0007099853     0.0008728023     0.0024406170    -0.0004645771     0.0021445701
      201      0.0017096297     0.0006031245     0.0020410272     0.0015936070     0.0001340609    -0.0001864134
      202      0.0003319553     0.0000641809     0.0009675916     0.0003649779     0.0011750403    -0.0007385279
      203      0.0007473169    -0.0003247537     0.0004117954     0.0007286353    -0.0001413400    -0.0004926177
      204      0.0005445271    -0.0007441544     0.0002073105     0.0012189389     0.0009279295     0.0000936480
      205      0.0002185243    -0.0004912787     0.0001653415    -0.0001760528     0.0007700702    -0.0000253517
      206      0.0001851938     0.0006645006    -0.0012598983    -0.0003286229    -0.0003461218    -0.0007503983
      207     -0.0002520113     0.0001059470    -0.0015892039    -0.0005746410    -0.0007187952    -0.0009528924
      208     -0.0000848426    -0.0003270163    -0.0009702652     0.0006479995    -0.0006796251    -0.0006432961
      209      0.0003262816    -0.0005757462    -0.0009638458    -0.0004285705    -0.0003559562    -0.0008764243
      210      0.0014035067     0.0008465500    -0.0001982086    -0.0026119080    -0.0007464524     0.0007241074
      211      0.0007413197    -0.0003927154     0.0007602054     0.0000796310     0.0013875758    -0.0013869770
      212      0.0007112297     0.0001638370     0.0004854449     0.0001401364     0.0013689158    -0.0004862039
      213      0.0003106436    -0.0002999246    -0.0002692991     0.0016041672     0.0007475936    -0.0003107483
      214      0.0007600297    -0.0005894203    -0.0010075515     0.0013284109     0.0006324138     0.0002612424
      215      0.0013071557    -0.0006986841    -0.0011067055     0.0001859711    -0.0001099448     0.0004932981
      216      0.0013039634    -0.0002042315    -0.0012369873    -0.0011790141    -0.0002998907     0.0003028681
      217      0.0009907971     0.0001251488    -0.0015607528    -0.0016892982    -0.0003452559    -0.0000904908
      218      0.0003436974    -0.0002766239    -0.0018231364    -0.0010686047     0.0003217384    -0.0001534499
      219      0.0000991002    -0.0002114667    -0.0014655576    -0.0011906489     0.0002434671    -0.0002381079
      220      0.0005165347    -0.0001927780    -0.0011799223    -0.0002022713    -0.0004742949    -0.0004167522
      221     -0.0007236374     0.0002274973    -0.0003658665    -0.0003585807     0.0019314942     0.0006493329
      222     -0.0003365320     0.0004050877    -0.0000658055     0.0000814413     0.0017046549     0.0006539319
      223      0.0003888239     0.0000248211    -0.0007755080     0.0023659002     0.0011954756     0.0006723774
      224      0.0011111658    -0.0007220644    -0.0021336362     0.0024682308     0.0017657468     0.0012362323
      225      0.0011810674    -0.0013020120    -0.0027428893     0.0002102764     0.0001005665     0.0020065162
      226      0.0013307573    -0.0016450247    -0.0021999531    -0.0014587914    -0.0005817742     0.0023642364
      227      0.0013595065    -0.0004668608    -0.0017165492    -0.0034843314    -0.0009488303     0.0021683298
      228      0.0005342534     0.0004533486    -0.0015592159    -0.0025145679    -0.0002183884     0.0008819521
      229     -0.0003256309     0.0006396254    -0.0009608130    -0.0010891699     0.0002126800    -0.0002194998
      230     -0.0009679576    -0.0001572253    -0.0010415435    -0.0008386681    -0.0004122601    -0.0005913868
      231     -0.0004822740     0.0004542835    -0.0013388972     0.0005146111     0.0002920080     0.0012349259
      232     -0.0006323433     0.0006542699    -0.0007081229     0.0004536911     0.0008497501     0.0005047868
      233     -0.0005344153     0.0008422903    -0.0013727796     0.0027083095     0.0020820364     0.0014394764
      234     -0.0021709752    -0.0018230072    -0.0030325435     0.0007765018     0.0021471325     0.0019503901
      235     -0.0032521481    -0.0014629242    -0.0045036175    -0.0003630981     0.0000331656     0.0014180305
      236     -0.0028132466    -0.0024115003    -0.0041650179    -0.0000107400    -0.0007017322     0.0018269051
      237     -0.0015569536    -0.0016850080    -0.0026593868    -0.0008079183    -0.0018097890     0.0022310533
      238     -0.0003860082     0.0018217053    -0.0014941857    -0.0019671895    -0.0017590779     0.0012632619
      239     -0.0004668932     0.0008801634    -0.0006678844    -0.0011877827    -0.0001007449     0.0000475322
      240     -0.0006046734    -0.0003789400    -0.0000843098    -0.0009005959    -0.0008845179    -0.0009603269
      241     -0.0009266708    -0.0001045233    -0.0009042180    -0.0010244324    -0.0008743899     0.0001518006
      242     -0.0009152491     0.0010450011    -0.0007061797     0.0001315423     0.0001183212     0.0002412337
      243     -0.0018858456     0.0011362325    -0.0019413328     0.0005262532     0.0025403163     0.0013854162
      244     -0.0022220606    -0.0023493849    -0.0042891195    -0.0006502169     0.0015323837     0.0014485193
      245     -0.0019321902    -0.0014642156    -0.0060494131     0.0002402723    -0.0006191553     0.0007021622
      246     -0.0019567384    -0.0019262076    -0.0057110127     0.0003738544    -0.0003550179     0.0002397751
      247     -0.0022330548    -0.0025483863    -0.0037250524     0.0008256648    -0.0019585728     0.0006118124
      248     -0.0019708810     0.0019026986    -0.0018377564    -0.0004941866    -0.0023020206     0.0004015088
      249     -0.0007722183     0.0006302758    -0.0006973303    -0.0010913602    -0.0006777603    -0.0002074121
      250     -0.0003117855     0.0001439191    -0.0005045697    -0.0009763898    -0.0005830917     0.0000539066
      251     -0.0004407407     0.0003204957    -0.0002541527    -0.0005116087    -0.0007330134    -0.0002495430
      252     -0.0006735812     0.0009471862    -0.0006055726    -0.0008050760     0.0002700184     0.0000632503
      253     -0.0020977681     0.0016086018    -0.0021482591    -0.0010401348     0.0022359752    -0.0003353062
      254     -0.0025501825    -0.0020646099    -0.0047060328     0.0007032435     0.0014345627    -0.0001939729
      255     -0.0017264118    -0.0017424082    -0.0060483774     0.0004960319    -0.0011428274     0.0001589448
      256     -0.0016116110    -0.0018946071    -0.0055661114    -0.0000980728    -0.0003355395    -0.0002455775
      257     -0.0019568328    -0.0024750175    -0.0040060807    -0.0003424945    -0.0021123535    -0.0009596783
      258     -0.0012380524     0.0015074966    -0.0021596797     0.0009447194    -0.0025176309    -0.0016499462
      259     -0.0001610389     0.0005618033    -0.0011279620     0.0004227932    -0.0005697335    -0.0006561023
      260      0.0009860738    -0.0003234259    -0.0011912462    -0.0005555120    -0.0001089169     0.0005038968
      261      0.0001661020     0.0006361490    -0.0001867367    -0.0003011776    -0.0000233071    -0.0000809892
      262     -0.0005602092     0.0002464705    -0.0001997631    -0.0017784871    -0.0000464189     0.0000541121
      263     -0.0005064078     0.0018230171    -0.0013427457    -0.0029082117     0.0012548393    -0.0012626482
      264     -0.0011759978    -0.0011305384    -0.0031476498    -0.0011752236     0.0013449369    -0.0026472023
      265     -0.0025331676    -0.0021535297    -0.0040713692     0.0002043929    -0.0005117448    -0.0026603701
      266     -0.0023761646    -0.0022477350    -0.0037319294    -0.0003706272    -0.0007889802    -0.0027907651
      267     -0.0008478371    -0.0012317572    -0.0028460639     0.0012568025    -0.0023257672    -0.0033100890
      268      0.0000632565     0.0013101185    -0.0015322110     0.0029634707    -0.0018642784    -0.0023826893
      269      0.0003615638     0.0000304986    -0.0010483374     0.0014826533     0.0002860184    -0.0005358717
      270      0.0004697502    -0.0007627100    -0.0016872517     0.0009933353     0.0001035273     0.0007991442
      271     -0.0002550293     0.0003423670     0.0000319672    -0.0014291213    -0.0003593294    -0.0001676604
      272      0.0005223497     0.0004986794    -0.0000371324    -0.0012711061    -0.0005663463    -0.0009616878
      273      0.0014658035     0.0004781406    -0.0003502389    -0.0016855716     0.0004407315    -0.0015341097
      274      0.0017628215    -0.0000521302    -0.0009937127    -0.0029055551     0.0007671306    -0.0023182737
      275      0.0012955945    -0.0017758737    -0.0015969348    -0.0014944657    -0.0000104298    -0.0029800508
      276      0.0009501851    -0.0014898323    -0.0016413929     0.0015672443    -0.0009920306    -0.0033012216
      277      0.0006547589    -0.0003524066    -0.0012085194     0.0026465468    -0.0010892564    -0.0023464055
      278     -0.0000848799     0.0006967506    -0.0006757432     0.0019625799    -0.0003479368    -0.0004613181
      279     -0.0004849456    -0.0004467476    -0.0001622297     0.0017422375     0.0000016030    -0.0001801309
      280     -0.0013289714    -0.0008417660    -0.0001567147    -0.0002393990     0.0002125352    -0.0004766743
      281     -0.0003449426     0.0007090762    -0.0003604453    -0.0011151396    -0.0013599552    -0.0012400024
      282     -0.0000770210     0.0007682697    -0.0005521791    -0.0006956274    -0.0001118810    -0.0005511928
      283      0.0002601683    -0.0001637694    -0.0002407625    -0.0011424235     0.0004781848    -0.0004569861
      284      0.0009370843    -0.0002104526    -0.0003260754    -0.0015823162     0.0001445129    -0.0004623494
      285      0.0015080990    -0.0005655358    -0.0005371870    -0.0012896031    -0.0004209844    -0.0008601907
      286      0.0010298618    -0.0002271019    -0.0003377183     0.0008642973    -0.0006316134    -0.0007658907
      287      0.0004606885    -0.0004291639    -0.0002345422     0.0020293903     0.0004610168     0.0003861940
      288      0.0002611410     0.0001388765    -0.0000037292     0.0017104673    -0.0001649303     0.0012344419
      289     -0.0005389600    -0.0002011282     0.0005828860     0.0015987926    -0.0004407452     0.0008178105
      290     -0.0004795990    -0.0005141516     0.0012604122     0.0014296484    -0.0004003749    -0.0007774646
      291     -0.0003016689     0.0009868531    -0.0015499502    -0.0006353948     0.0007249441    -0.0006739578
      292      0.0001162685     0.0009094072    -0.0005518803    -0.0005526188    -0.0002271853     0.0001229920
      293      0.0005353180    -0.0001816965    -0.0005679383    -0.0003079777     0.0010486056    -0.0007133892
      294      0.0006298456    -0.0002671501    -0.0004509843    -0.0012574340    -0.0005230839    -0.0005964055
      295      0.0003818046     0.0000353457    -0.0005129181    -0.0012177116    -0.0008514442    -0.0005334670
      296     -0.0000125268     0.0006072465    -0.0003688528    -0.0004532812     0.0010468339     0.0009159262
      297     -0.0001769396     0.0000779426     0.0000108831     0.0021389739    -0.0000098014     0.0015460211
      298      0.0005357478    -0.0002252803     0.0001281390     0.0020472566    -0.0007274278     0.0012560618
      299      0.0003806449    -0.0001539442     0.0000352915     0.0002782036    -0.0008554740     0.0010101655
      300     -0.0001369728     0.0008780286     0.0003007563     0.0016191391    -0.0001567045     0.0002125767
      301      0.0005910613     0.0004859002    -0.0006806055     0.0001048640     0.0006719745     0.0007678168
      302      0.0000179860    -0.0010493534     0.0003410781    -0.0000782325    -0.0005441724    -0.0005989580
      303      0.0006435205    -0.0000015009     0.0001489414     0.0012167983    -0.0015956868    -0.0008642847
      304      0.0006261168     0.0004385343    -0.0005518152     0.0000363531    -0.0006259512    -0.0014084317
      305     -0.0001521768    -0.0004362834    -0.0014138018    -0.0006921100    -0.0004550567    -0.0013293733
      306     -0.0003546008    -0.0008286832    -0.0010351393    -0.0012106748    -0.0020019335    -0.0001780626
      307     -0.0000451589     0.0003548947    -0.0009743725    -0.0003029921     0.0002283533    -0.0000712951
      308      0.0001096282     0.0006053772    -0.0011022902    -0.0000076024     0.0009127838    -0.0011538364
      309      0.0000922497    -0.0005681226    -0.0005619361    -0.0002398360     0.0013292671    -0.0008828251
      310      0.0006438009     0.0007043008    -0.0000451825    -0.0022346027     0.0010028157     0.0007459380
      311      0.0000400666    -0.0000958841     0.0005804534     0.0000505507    -0.0002024438    -0.0012255219
      312      0.0006676381    -0.0003505520     0.0000504700     0.0003321040    -0.0001724467    -0.0004986021
      313      0.0005405889    -0.0003453900    -0.0003553807     0.0013889639    -0.0012398374    -0.0007766241
      314      0.0008811440    -0.0002522565    -0.0007735826     0.0010653499    -0.0005947246    -0.0015693788
      315      0.0013685550    -0.0005447881    -0.0010601654    -0.0003316053    -0.0009009848    -0.0018957232
      316      0.0013694640    -0.0006273052    -0.0007728760    -0.0007344674    -0.0007992399    -0.0005892051
      317      0.0010614616     0.0000030300    -0.0005373534    -0.0010497351    -0.0007274433     0.0003946551
      318      0.0003784073     0.0003221934    -0.0006080180    -0.0010244819    -0.0005192760    -0.0001170626
      319     -0.0000062886    -0.0001008344    -0.0005279438    -0.0013853854     0.0006118133    -0.0000004760
      320     -0.0003390063    -0.0008196257    -0.0004276577    -0.0008117510     0.0005335910    -0.0011440660
      321     -0.0008817784    -0.0000214540     0.0007263545     0.0003388761     0.0010548731    -0.0005644306
      322     -0.0006587162     0.0001691799    -0.0002172523     0.0009265960     0.0000381712    -0.0006478314
      323      0.0002791520    -0.0003058323    -0.0008350549     0.0025365071    -0.0014716213    -0.0007649132
      324      0.0011783929    -0.0005841871    -0.0017012594     0.0022415091    -0.0016206801    -0.0022927294
      325      0.0013509529    -0.0014232713    -0.0022465114    -0.0002350713    -0.0011472200    -0.0034057672
      326      0.0016915535    -0.0015480174    -0.0021424597    -0.0015377999     0.0004356215    -0.0031566645
      327      0.0016331411    -0.0001459199    -0.0014359234    -0.0031621673     0.0006082090    -0.0015520283
      328      0.0006887016     0.0004413373    -0.0008877695    -0.0024394458     0.0002221608    -0.0002804477
      329     -0.0002926928     0.0003741517    -0.0008650915    -0.0016961464     0.0004276755    -0.0002014344
      330     -0.0006823069    -0.0007907800    -0.0005636955    -0.0014312840    -0.0008426728     0.0004047925
      331     -0.0006826192     0.0001507918    -0.0002868550     0.0001000310     0.0009357211     0.0014254723
      332     -0.0005561186     0.0005943147    -0.0006185702     0.0002161243    -0.0002907409     0.0005205811
      333     -0.0005815898     0.0004939576    -0.0016083360     0.0026303171    -0.0024298459    -0.0010919627
      334     -0.0017739291    -0.0018400772    -0.0033089884     0.0006747592    -0.0023843158    -0.0015211836
      335     -0.0027406550    -0.0018190993    -0.0042652646    -0.0007761763    -0.0008287330    -0.0010316492
      336     -0.0026942943    -0.0017426118    -0.0042595699     0.0005050762     0.0003139304    -0.0014212573
      337     -0.0016414113    -0.0014798485    -0.0031293756    -0.0008448091     0.0025152069    -0.0022555237
      338     -0.0006888548     0.0015297734    -0.0016007710    -0.0027069182     0.0016744123    -0.0013633228
      339     -0.0002810201     0.0007501907    -0.0010300660    -0.0008460741     0.0001991672    -0.0002738130
      340     -0.0001081467    -0.0005131308    -0.0003309195    -0.0004734085     0.0000906667    -0.0005811455
      341     -0.0004196859    -0.0002106546    -0.0005414136    -0.0007360578    -0.0004727508     0.0008135710
      342     -0.0007016240     0.0010720057    -0.0009816930     0.0002125503    -0.0011426126     0.0007943230
      343     -0.0016913869     0.0011463108    -0.0025009780     0.0005885947    -0.0030617101    -0.0001843928
      344     -0.0024706848    -0.0026215372    -0.0046740516    -0.0004023222    -0.0019738151    -0.0002572119
      345     -0.0023107431    -0.0017205697    -0.0059845624    -0.0002234170    -0.0001327649     0.0000639270
      346     -0.0023227747    -0.0012697719    -0.0056579991    -0.0000288114    -0.0004144585    -0.0000356376
      347     -0.0025193868    -0.0026683234    -0.0039398207     0.0002536179     0.0017807203    -0.0006789667
      348     -0.0018207758     0.0019361050    -0.0021504309    -0.0008456768     0.0022958041    -0.0011641129
      349     -0.0006063932     0.0010062242    -0.0009226844    -0.0002297492     0.0007741844    -0.0001694854
      350     -0.0000039764     0.0004976043    -0.0000495707    -0.0005166527     0.0004589112     0.0000631264
      351     -0.0006198732     0.0002361085    -0.0006527586    -0.0007672090    -0.0005958131     0.0000154379
      352     -0.0010213895     0.0008833171    -0.0010344959    -0.0006220590    -0.0014510512     0.0005501427
      353     -0.0022238648     0.0018966847    -0.0025381563    -0.0010320320    -0.0030400205     0.0012016174
      354     -0.0023765280    -0.0025360655    -0.0048314427     0.0005370434    -0.0018662036     0.0009409225
      355     -0.0017030215    -0.0018202429    -0.0062861860     0.0001254183    -0.0000929597    -0.0003376520
      356     -0.0018148070    -0.0016166954    -0.0057455971    -0.0000980289    -0.0005291972    -0.0008698434
      357     -0.0022513698    -0.0022242385    -0.0036371291     0.0001642000     0.0015439138    -0.0001052614
      358     -0.0014681494     0.0014358978    -0.0015890125     0.0011386971     0.0021718554     0.0005446506
      359     -0.0002275996     0.0011185932    -0.0006082179     0.0007829029     0.0008724910    -0.0003698060
      360      0.0011779749     0.0002000089    -0.0001824215    -0.0004238594     0.0013230837     0.0000153120
      361      0.0000876361     0.0003423401    -0.0008057596    -0.0003891171    -0.0003220437     0.0004316447
      362     -0.0002941093     0.0002089818    -0.0009210243    -0.0016091775    -0.0014712291     0.0008677370
      363     -0.0005621574     0.0020776021    -0.0018983395    -0.0031417914    -0.0026617805     0.0022622798
      364     -0.0016259887    -0.0013580022    -0.0034736558    -0.0012417120    -0.0024589972     0.0027593241
      365     -0.0028114583    -0.0019459501    -0.0041823983     0.0001058304    -0.0005681063     0.0017266097
      366     -0.0024313871    -0.0019230730    -0.0039122837     0.0000358517     0.0006910117     0.0011874373
      367     -0.0008751661    -0.0012422340    -0.0023045084     0.0015178576     0.0020954145     0.0012337570
      368      0.0001367646     0.0010277869    -0.0007482230     0.0032179671     0.0013072049     0.0003610634
      369      0.0001868784     0.0004304978    -0.0003807015     0.0014247516     0.0005921582    -0.0000999767
      370     -0.0002970943    -0.0009175749     0.0001490240     0.0004021675     0.0004909195    -0.0004261288
      371     -0.0002780160     0.0001517241    -0.0007494523    -0.0012928148    -0.0010319237    -0.0000688650
      372      0.0000479159     0.0005162372    -0.0007369364    -0.0011551368    -0.0009066695    -0.0002623119
      373      0.0009936571     0.0006905182    -0.0010528725    -0.0014130604    -0.0015181387     0.0008399446
      374      0.0017294184    -0.0001268960    -0.0017729639    -0.0028491378    -0.0018761965     0.0025375883
      375      0.0012673255    -0.0014638978    -0.0018369740    -0.0017247273    -0.0008291650     0.0030790146
      376      0.0009448233    -0.0012982963    -0.0013638422     0.0012008863     0.0007087570     0.0023066832
      377      0.0010441396    -0.0004511151    -0.0006564198     0.0030425774     0.0007252147     0.0011739415
      378      0.0005254323     0.0001801022     0.0000159789     0.0020606005     0.0003577016     0.0007355708
      379     -0.0002443075    -0.0003171283     0.0000664845     0.0008143795     0.0007390316     0.0005778212
      380     -0.0011258990    -0.0009502402    -0.0003899120     0.0000093270    -0.0003203888     0.0008679899
      381     -0.0005308881     0.0008338278    -0.0005072872    -0.0004601076    -0.0002489968    -0.0014197568
      382      0.0000029840     0.0007687886    -0.0004091959    -0.0007824618    -0.0002865283    -0.0007507784
      383      0.0002193246     0.0000020267    -0.0006614328    -0.0007150932    -0.0003122890    -0.0001044717
      384      0.0006950175    -0.0002914451    -0.0008925137    -0.0014245615    -0.0007407936     0.0001138322
      385      0.0015666406    -0.0006103048    -0.0007363789    -0.0013100650    -0.0003372414     0.0004775050
      386      0.0014226227    -0.0001210510    -0.0002457032     0.0005819783    -0.0005072972     0.0007013195
      387      0.0004425141    -0.0003690053    -0.0000287328     0.0020531270    -0.0000465038     0.0010571450
      388     -0.0001692013    -0.0002393100     0.0003854208     0.0019148726     0.0003679419     0.0013507292
      389     -0.0004921582    -0.0003246653     0.0003624917     0.0016725227     0.0001859418     0.0008193151
      390     -0.0007383941    -0.0002293258    -0.0003857843     0.0010800341    -0.0002598929     0.0003964835
      391     -0.0001611452     0.0008694973     0.0012904808     0.0001517433     0.0014676162    -0.0006815437
      392     -0.0000275347     0.0005913904     0.0000028340    -0.0006434233    -0.0005900112    -0.0007919542
      393      0.0002929994     0.0000848644    -0.0004249981    -0.0005318368     0.0001836025    -0.0010688294
      394      0.0003733562    -0.0005882965    -0.0006749348    -0.0012884712    -0.0000212327    -0.0002820682
      395      0.0004162814     0.0004546998     0.0000124176    -0.0005687929    -0.0001463373    -0.0002441951
      396      0.0005340657    -0.0000511793     0.0005992822     0.0001278681     0.0006049627     0.0011185647
      397      0.0002042430    -0.0001454406     0.0002150814     0.0006386609    -0.0009196814     0.0015980981
      398      0.0003338015     0.0004707935    -0.0001496375     0.0018707783    -0.0006342962    -0.0007479823
      399      0.0005693239    -0.0006596076     0.0003302092     0.0009159926     0.0000452456    -0.0010372868
      400      0.0002720335     0.0012606983     0.0001223833     0.0005720969    -0.0003554344    -0.0002322598
      401      0.0002256666    -0.0000287708     0.0007467823     0.0002531681     0.0011458947    -0.0028159037
      402      0.0000184967    -0.0013692938    -0.0001517418    -0.0007822238     0.0007536348    -0.0009988233
      403      0.0004703471    -0.0008311159    -0.0002137418     0.0008009463    -0.0001661101    -0.0010046039
      404      0.0004930248     0.0011063682    -0.0001360193    -0.0005188820    -0.0020466785    -0.0008115910
      405      0.0003228136    -0.0001413432    -0.0003381169    -0.0004518645    -0.0016370964    -0.0002542389
      406     -0.0001507655    -0.0007474789     0.0000284495    -0.0009858310    -0.0001146154     0.0000804039
      407      0.0001873100     0.0004407934     0.0002974484    -0.0004905274     0.0004622856     0.0001338224
      408      0.0002239894     0.0009040404    -0.0001845525    -0.0007422216    -0.0000136837    -0.0000126335
      409     -0.0002347361    -0.0003868104    -0.0010574490    -0.0004319488    -0.0000985681    -0.0000424511
      410     -0.0005958633     0.0007443081    -0.0012215561    -0.0006470006     0.0012361988    -0.0000350151
      411      0.0003635528    -0.0003716738     0.0008142250     0.0002660895     0.0006325051    -0.0009065204
      412     -0.0000036700    -0.0006135727     0.0006391367     0.0003733580    -0.0002575430    -0.0010952591
      413      0.0002110299    -0.0007494908     0.0001813783     0.0005954837    -0.0009503851    -0.0017279052
      414      0.0005579499    -0.0001352145    -0.0002282523     0.0003802633    -0.0016401522    -0.0019804839
      415      0.0004228458    -0.0000221001    -0.0003844818    -0.0004492887    -0.0010822728    -0.0009211588
      416      0.0004788274    -0.0004634044    -0.0003748820    -0.0008446952    -0.0001855744    -0.0002701195
      417      0.0004613924    -0.0000779911    -0.0002759593    -0.0011358994     0.0000585602    -0.0002877760
      418      0.0000852724     0.0004123818    -0.0003368684    -0.0011156115    -0.0001142283    -0.0001061400
      419     -0.0004364634     0.0002805083    -0.0006940976    -0.0015318586     0.0005669536    -0.0000126182
      420     -0.0010015025     0.0001273598    -0.0007009159    -0.0015731376     0.0010152548     0.0002433458
      421     -0.0006357724    -0.0003645767     0.0008583530     0.0001390488    -0.0001918501    -0.0008722388
      422     -0.0002585384    -0.0003892799     0.0001431920     0.0007536372    -0.0006030361    -0.0011351098
      423     -0.0000287130    -0.0006378219    -0.0002394251     0.0016794717    -0.0016940917    -0.0018179299
      424      0.0002526765    -0.0007484702     0.0000879442     0.0010607970    -0.0016045726    -0.0026798614
      425      0.0003721772    -0.0004255622     0.0005696420    -0.0001281724    -0.0007305809    -0.0029831708
      426      0.0003748404    -0.0010655713     0.0003622609    -0.0007475110     0.0001308388    -0.0027602118
      427      0.0003482540     0.0000113071    -0.0004688947    -0.0012183688     0.0004678166    -0.0020942814
      428     -0.0000084681     0.0002060150    -0.0006051191    -0.0012375879     0.0003810204    -0.0006219927
      429     -0.0004411926     0.0002961695    -0.0004212638    -0.0014954203     0.0009166800    -0.0001358318
      430     -0.0005306298    -0.0003693592    -0.0000830563    -0.0016858819     0.0014264510     0.0001318347
      431     -0.0012719542    -0.0001981552     0.0001021449    -0.0000133511    -0.0005662004     0.0001939100
      432     -0.0005745120     0.0001535029    -0.0003664843    -0.0001199032    -0.0013485707     0.0002461310
      433     -0.0007017220    -0.0004106468    -0.0004171534     0.0006903069    -0.0023331841    -0.0014417306
      434     -0.0010237869    -0.0009770595     0.0006696736     0.0008616641    -0.0019438847    -0.0032358300
      435     -0.0010473786    -0.0012086383     0.0015148269    -0.0003565688    -0.0007757461    -0.0039173721
      436     -0.0010473244    -0.0012910211     0.0014746308    -0.0003800822     0.0006515783    -0.0036511454
      437     -0.0010517638    -0.0000826174     0.0003918165    -0.0009889910     0.0014788235    -0.0024030628
      438     -0.0009047632     0.0002460747    -0.0003931289    -0.0012618165     0.0015235707    -0.0012187203
      439     -0.0001480138     0.0006147488    -0.0001222167    -0.0004602735     0.0011920951    -0.0003087632
      440      0.0004224953     0.0001445222    -0.0000547111     0.0006005517     0.0019980189     0.0006259522
      441     -0.0002411270    -0.0001519887    -0.0008795842     0.0001209099    -0.0014114186     0.0006274604
      442     -0.0004011103     0.0006029199    -0.0006722466    -0.0001566723    -0.0020901123    -0.0000032291
      443     -0.0007236206     0.0001684404    -0.0001321412    -0.0002529819    -0.0030704797    -0.0004229550
      444     -0.0014440477    -0.0009000596     0.0011283868     0.0003304721    -0.0028541960    -0.0014744179
      445     -0.0020988752    -0.0016964954     0.0018658353    -0.0003016593    -0.0011606728    -0.0022625322
      446     -0.0023406301    -0.0014806227     0.0018114740    -0.0002024340     0.0015266351    -0.0020770612
      447     -0.0017585014    -0.0003272924     0.0009856003    -0.0003900442     0.0021660111    -0.0014376336
      448     -0.0007448025     0.0005477795     0.0000456439    -0.0002922041     0.0021422256    -0.0007094448
      449     -0.0000177440     0.0010459777    -0.0001666072     0.0006749483     0.0015856818    -0.0001091915
      450      0.0007869855     0.0012046713     0.0002144494     0.0003411915     0.0010567911     0.0001550056
      451     -0.0000614997     0.0005524675    -0.0012060379    -0.0005149790    -0.0015080511    -0.0004418062
      452     -0.0010822968     0.0004614221    -0.0007633056    -0.0004610686    -0.0020037507     0.0011046618
      453     -0.0013544413     0.0005569962    -0.0001147215    -0.0009264458    -0.0037114005     0.0010576264
      454     -0.0015103616    -0.0006189652     0.0011266731    -0.0011218483    -0.0040657478     0.0010105174
      455     -0.0017364863    -0.0015098261     0.0018298425    -0.0007216689    -0.0011983209     0.0011244905
      456     -0.0016717110    -0.0014405659     0.0018337724     0.0005599026     0.0023434622     0.0008450576
      457     -0.0013634727    -0.0003746787     0.0010763104     0.0018637771     0.0030677517     0.0008650167
      458     -0.0006189474     0.0003772327     0.0001262794     0.0012810199     0.0022431825     0.0007717114
      459     -0.0001667447     0.0008252790     0.0001072619     0.0007374976     0.0013666016     0.0002390427
      460      0.0001127130     0.0010446063     0.0003062549    -0.0000565762     0.0002987968     0.0005612629
      461     -0.0000160407     0.0004596551    -0.0013098596    -0.0003169363    -0.0007659605     0.0010727160
      462      0.0001127787     0.0002175490    -0.0008661308    -0.0013077648    -0.0010928458     0.0012371133
      463     -0.0003763035     0.0006040201    -0.0003084620    -0.0013175030    -0.0034528627     0.0020902020
      464     -0.0005630158    -0.0003053666     0.0005275049    -0.0014366541    -0.0034112942     0.0030113076
      465     -0.0004172658    -0.0007691828     0.0011174136    -0.0008310774    -0.0010499533     0.0036344881
      466     -0.0002140563    -0.0010476286     0.0013775142     0.0005761048     0.0011151110     0.0032582638
      467     -0.0001759948    -0.0005094584     0.0008736749     0.0013985406     0.0024078363     0.0019866088
      468     -0.0003289822    -0.0000128055     0.0004115891     0.0015580330     0.0016856004     0.0007643766
      469     -0.0001362976    -0.0001402172     0.0004446357     0.0006667460     0.0005632638     0.0004913748
      470     -0.0008875442    -0.0001546172     0.0002196728    -0.0017685661     0.0008151498    -0.0000136592
      471     -0.0001141661     0.0000570268    -0.0013276741    -0.0000317679    -0.0003265830     0.0011699085
      472     -0.0002456890     0.0002088292    -0.0009446459    -0.0001856835    -0.0002449586     0.0007513937
      473      0.0001939773     0.0002428443    -0.0005072938    -0.0006069048    -0.0015871467     0.0016032195
      474      0.0003319018    -0.0000050082     0.0000274053    -0.0010217270    -0.0014012276     0.0026209761
      475      0.0000692309    -0.0004586846     0.0003752495    -0.0010728285    -0.0004462554     0.0030547449
      476      0.0000003549    -0.0007708162     0.0004496832     0.0002699829     0.0001183207     0.0029567434
      477      0.0002459114    -0.0004806918     0.0003847545     0.0012413679     0.0007157259     0.0017482940
      478      0.0001959062    -0.0002689059     0.0002441171     0.0010946331     0.0012584093     0.0006443328
      479     -0.0005215931    -0.0003045767    -0.0000569361     0.0010791736     0.0004704650     0.0004344011
      480     -0.0001888026    -0.0012333553    -0.0000042544     0.0006034157     0.0003096774    -0.0004412232
      481     -0.0013017992     0.0001788428    -0.0004095615     0.0000228868     0.0006084491     0.0003737260
      482     -0.0005345634     0.0001163044    -0.0002848679    -0.0005682152    -0.0002161193     0.0008646229
      483     -0.0002078868     0.0001581708    -0.0004286423    -0.0002604259    -0.0001147802     0.0005824309
      484      0.0000154126     0.0001204667    -0.0000182467    -0.0008072793     0.0000606242     0.0008710239
      485      0.0004911910    -0.0004198237     0.0002428065    -0.0003351521     0.0006967473     0.0013388845
      486      0.0006655543    -0.0005403889     0.0001858914     0.0005845707     0.0004842075     0.0015442216
      487      0.0001516595    -0.0004134519     0.0002786901     0.0013439906     0.0001646258     0.0014399797
      488     -0.0001623259    -0.0001573310    -0.0001446169     0.0013824731     0.0006823544     0.0012045583
      489     -0.0000934995    -0.0000471048    -0.0004356885     0.0012013470     0.0000935597     0.0006920458
      490     -0.0005008042    -0.0009449637    -0.0004239850     0.0013148595    -0.0003482008     0.0013274738
      491     -0.0005224350    -0.0008823618    -0.0004381250     0.0007280264     0.0016018246     0.0005461403
      492     -0.0004485071     0.0001538310     0.0002466818    -0.0002511356    -0.0004010593     0.0010603246
      493     -0.0000998789     0.0003419192    -0.0000060731    -0.0005368355    -0.0001896685     0.0007703671
      494      0.0001950082     0.0003034661    -0.0001206507    -0.0009249965     0.0010043765     0.0000067553
      495      0.0002418343     0.0001052723     0.0001965683    -0.0002767516     0.0016852990     0.0002017258
      496      0.0004737521    -0.0009898346    -0.0000603329     0.0004928917     0.0014003136     0.0014646705
      497      0.0004764629    -0.0001965143    -0.0001018698     0.0000223409    -0.0001210849     0.0020279956
      498     -0.0002080262     0.0007582083     0.0001396978     0.0011580861    -0.0006586297     0.0002803311
      499     -0.0001191111    -0.0002611050    -0.0000586484     0.0020178347     0.0003315141    -0.0002601238
      500      0.0004294620    -0.0012512538     0.0001401934     0.0004908924    -0.0022027000     0.0013384495
      501      0.0012331203    -0.0004209499     0.0009880125     0.0010022030     0.0005249339    -0.0007278506
      502      0.0003812516    -0.0013842777     0.0006512463    -0.0001029833    -0.0007773986    -0.0012657507
      503      0.0001409774    -0.0017073942     0.0003869772     0.0000005687    -0.0005252610    -0.0010665982
      504      0.0000546229     0.0007035585    -0.0000316602     0.0001675434    -0.0021017339    -0.0006666566
      505      0.0003923956     0.0008487761    -0.0004581862    -0.0009150649    -0.0016061609     0.0001609831
      506      0.0006958018     0.0001026471    -0.0001289935    -0.0014992762     0.0007446155    -0.0005202685
      507      0.0002791317    -0.0004797452     0.0003850776    -0.0003634289    -0.0000243175    -0.0004200828
      508     -0.0002053910     0.0008782742    -0.0000697890    -0.0001064466    -0.0005686710     0.0000499073
      509     -0.0003953854     0.0004051051    -0.0003246722    -0.0008064258     0.0001183673     0.0002718026
      510     -0.0014342798     0.0003122447    -0.0012024616    -0.0002433777     0.0007171399    -0.0000810448
      511      0.0010692797    -0.0008829058     0.0006273301     0.0003395310     0.0000835498    -0.0008155571
      512      0.0001741091    -0.0009726970     0.0000160412    -0.0000659790    -0.0000926420    -0.0010609388
      513      0.0000918980    -0.0012691895     0.0000240379     0.0001455517    -0.0013190127    -0.0015711362
      514      0.0002549919    -0.0002912067     0.0000199277     0.0007182570    -0.0010434558    -0.0015169149
      515      0.0000747058     0.0006509840    -0.0001179202    -0.0002341758    -0.0009867470    -0.0008785070
      516      0.0000027359    -0.0001859055     0.0000070229    -0.0014979774     0.0000617070    -0.0005902711
      517      0.0000590225    -0.0001518429     0.0002072812    -0.0014626834    -0.0002262497    -0.0006338398
      518     -0.0001561890     0.0004020534     0.0001976988    -0.0009331019    -0.0004666010    -0.0005785943
      519     -0.0007355415     0.0006676837     0.0000864763    -0.0015548482     0.0003814339     0.0000870426
      520     -0.0010206881     0.0001261501    -0.0004781240    -0.0015574394    -0.0001831249     0.0003324061
      521     -0.0004405948    -0.0005779167     0.0004807935    -0.0007824269    -0.0006562709    -0.0009212380
      522     -0.0000940065    -0.0007384082     0.0001978623     0.0000744101    -0.0008750654    -0.0012235857
      523     -0.0001964041    -0.0007559291     0.0001655869     0.0004918829    -0.0011788893    -0.0016651055
      524     -0.0005187803    -0.0007146951     0.0002146330     0.0013135840    -0.0004458699    -0.0014074658
      525     -0.0006301466    -0.0000836729     0.0000806995     0.0002053713    -0.0004536786    -0.0008298802
      526     -0.0004614010    -0.0005062300    -0.0000161710    -0.0004250826    -0.0001180455    -0.0010566851
      527     -0.0001794828    -0.0002632672     0.0000436204    -0.0006331183    -0.0001204823    -0.0014494230
      528     -0.0003823206     0.0005057016    -0.0000811929    -0.0004584135     0.0004636708    -0.0007460540
      529     -0.0005501506     0.0004069453     0.0000999388    -0.0012777664     0.0009465875     0.0004714036
      530     -0.0005871644     0.0003667876    -0.0001837862    -0.0007650495     0.0007486539     0.0010683432
      531     -0.0014261396    -0.0000056256     0.0004057549    -0.0007514942    -0.0006478138    -0.0001371140
      532     -0.0006064299     0.0000114128    -0.0000595314     0.0000391530    -0.0013892805    -0.0002777583
      533     -0.0003917240    -0.0004035075     0.0000620440    -0.0004979615    -0.0011979861    -0.0010181184
      534     -0.0009122266    -0.0008909093     0.0003374961     0.0003346571    -0.0004195317    -0.0019993744
      535     -0.0013213791    -0.0006300060     0.0003409445    -0.0001656661    -0.0002816679    -0.0022198967
      536     -0.0015179103    -0.0010495155     0.0001176137    -0.0005994554     0.0001925974    -0.0020044845
      537     -0.0012196496     0.0000282660    -0.0000805705    -0.0003994207     0.0003883353    -0.0009776714
      538     -0.0006362624     0.0002748307    -0.0001114969    -0.0007420290     0.0012441593     0.0001336820
      539      0.0000989644     0.0008408746     0.0000175562    -0.0002052845     0.0010862202     0.0002666127
      540      0.0009502041     0.0008012853     0.0001590712     0.0005541611     0.0014292040     0.0003575851
      541     -0.0003043486     0.0003390580    -0.0002083748    -0.0002937149    -0.0007681387     0.0008029719
      542     -0.0004751904     0.0005038549    -0.0001933488    -0.0004070302    -0.0014957433     0.0001508791
      543     -0.0004881021    -0.0001305035    -0.0001703316    -0.0013422516    -0.0019112278    -0.0001391112
      544     -0.0003595024    -0.0006283422     0.0000430057    -0.0006941732    -0.0010714551    -0.0008576638
      545     -0.0008026737    -0.0007107835     0.0003090023    -0.0005031235    -0.0003721756    -0.0014150388
      546     -0.0010686189    -0.0012743552     0.0000954366     0.0001380790     0.0009524269    -0.0013887660
      547     -0.0010513505    -0.0000660728    -0.0000036180     0.0007609324     0.0012204742    -0.0008377166
      548     -0.0007583968     0.0003386982     0.0002100269     0.0003073706     0.0012551744    -0.0004584161
      549      0.0000420344     0.0012630883     0.0000780670     0.0011543376     0.0012181348    -0.0000296581
      550      0.0009361318     0.0011833577    -0.0001145361     0.0006761245     0.0009951985    -0.0002154783
      551      0.0001940803     0.0009423134     0.0001553691    -0.0004611549    -0.0011307471     0.0005332853
      552     -0.0004184949     0.0005042010    -0.0003139597    -0.0002711308    -0.0015627674     0.0004667335
      553     -0.0005985894    -0.0002266399    -0.0002507678    -0.0011590453    -0.0021937664     0.0005997428
      554     -0.0007612132    -0.0001816090    -0.0000523730    -0.0014565524    -0.0013496872     0.0003088781
      555     -0.0008504465    -0.0001429580     0.0002066432    -0.0011377564    -0.0007709764     0.0001682504
      556     -0.0007448661    -0.0007039194    -0.0000104091     0.0006478695     0.0013017792     0.0003909283
      557     -0.0005323993    -0.0003982414     0.0000833618     0.0017979191     0.0015261784     0.0003677814
      558     -0.0000072928     0.0001050212     0.0003048995     0.0016765043     0.0012858349     0.0002775346
      559      0.0002000645     0.0006542059     0.0000668110     0.0009770858     0.0010118606     0.0003046413
      560      0.0001584645     0.0007221211     0.0004367602    -0.0001759632     0.0007899773     0.0008344856
      561      0.0008757882     0.0010833259     0.0001647235     0.0001322174    -0.0005981656     0.0006184026
      562      0.0002108146     0.0001426259    -0.0007379872    -0.0005832059    -0.0007147688     0.0008295910
      563     -0.0000705314    -0.0004080831    -0.0005409162    -0.0007811921    -0.0016714369     0.0015130513
      564     -0.0001129197     0.0000368207     0.0000974345    -0.0012157770    -0.0011736432     0.0019353225
      565     -0.0000593069     0.0003382310     0.0002284175    -0.0008996030    -0.0007394441     0.0023114259
      566      0.0001245633    -0.0002869683     0.0000131697    -0.0002414752     0.0009854362     0.0019061846
      567      0.0000780349    -0.0003604829     0.0001892582     0.0006073618     0.0012424719     0.0009246384
      568     -0.0001293734    -0.0002867931     0.0002915501     0.0010961333     0.0010440704     0.0007479511
      569     -0.0004158592    -0.0004780255     0.0003594174     0.0003239722     0.0006886082     0.0005104247
      570     -0.0015511824    -0.0001218349     0.0001976480    -0.0013757530     0.0001465761     0.0001194016
      571     -0.0008739224    -0.0000376750    -0.0003820065     0.0009430816     0.0003199395     0.0010388327
      572     -0.0003973065    -0.0002475155    -0.0003084745    -0.0000369000     0.0000745435     0.0008760481
      573     -0.0005149700    -0.0000449246    -0.0003525865     0.0000761033    -0.0006416966     0.0011290127
      574     -0.0003512077     0.0000069374     0.0001249947     0.0003668144    -0.0005218208     0.0016959739
      575      0.0000461452     0.0002536233     0.0003119226     0.0000785547    -0.0003138895     0.0018508601
      576      0.0000560747    -0.0006492460     0.0002392553     0.0003800068     0.0006921957     0.0015684588
      577     -0.0000325048    -0.0002931618     0.0004197859     0.0004671186     0.0005616354     0.0010872186
      578     -0.0003609518    -0.0002437997     0.0004165720     0.0008743582     0.0004733728     0.0004905068
      579     -0.0006601183    -0.0007991098     0.0002965023     0.0009099861     0.0001741225    -0.0000295314
      580     -0.0004640970    -0.0008510145    -0.0001644898    -0.0002576757    -0.0002196709     0.0001713120
      581     -0.0012349103    -0.0007424528    -0.0001731250    -0.0001080937     0.0007773447     0.0015664178
      582     -0.0007310130    -0.0002662793    -0.0000699195    -0.0003520752    -0.0002534261     0.0009565772
      583     -0.0001835128     0.0003586694     0.0000568335    -0.0005834177     0.0001681807     0.0002212978
      584     -0.0002648958     0.0004254471    -0.0000834608     0.0000889217     0.0004064360     0.0003577017
      585     -0.0003515206    -0.0001395523    -0.0000303539     0.0004847651     0.0003454422     0.0011576747
      586      0.0001025091    -0.0009793231     0.0003060583     0.0008227462     0.0006748951     0.0014742485
      587      0.0002586472    -0.0006413037     0.0004066958     0.0006067921     0.0002933201     0.0012420437
      588      0.0000158874    -0.0001062358     0.0000304299     0.0004166878    -0.0001790875     0.0007711984
      589     -0.0001810586    -0.0002019980    -0.0003297999     0.0010405736    -0.0003084364     0.0007957070
      590      0.0005995871    -0.0007170225     0.0002752670     0.0018580660     0.0000863656     0.0002601970
      591     -0.0011342116    -0.0006062996     0.0002676832     0.0004071002    -0.0005514254     0.0008218382
      592     -0.0000175160    -0.0003221085    -0.0001908702    -0.0002544015    -0.0005715441     0.0014908790
      593      0.0002326728     0.0006501302    -0.0001118942    -0.0011787919    -0.0003109012     0.0008942552
      594     -0.0000298967     0.0014388854     0.0000169729    -0.0010061892     0.0008089644    -0.0001247254
      595     -0.0001033512    -0.0002390064    -0.0000253181     0.0006073270     0.0015325016     0.0001653202
      596     -0.0000344425    -0.0016241235     0.0001086788     0.0007109002     0.0009210400     0.0008184924
      597      0.0001064928    -0.0006575493     0.0002234211     0.0003697960     0.0004034865     0.0010816332
      598      0.0001731991     0.0005581590     0.0001451786     0.0009692594    -0.0009285329     0.0009878384
      599      0.0001664484    -0.0000775176    -0.0000146790     0.0017730411    -0.0003482683     0.0006203978
      600      0.0000188081    -0.0021336667     0.0000930234     0.0001776394     0.0004368371     0.0008660491
