Nodal Strains (computed using Matlab)
     NODE    EPELX          EPELY          EPELZ          EPELXY         EPELYZ         EPELXZ
       1    0.0005865252   0.0057969661  -0.0028864634   0.0034196147   0.0046181902   0.0011294984
       2   -0.0003621544   0.0023887340   0.0006008301   0.0043743593   0.0013326759   0.0005970854
       3   -0.0016047248   0.0008738188   0.0018037340   0.0031129943   0.0002934925  -0.0002178691
       4   -0.0021062445   0.0003236801   0.0008446835   0.0004000478   0.0009241861  -0.0009945098
       5   -0.0018088788  -0.0008371090  -0.0001730070  -0.0005152536   0.0012360740  -0.0011005321
       6   -0.0015325219  -0.0005821200  -0.0006224268  -0.0009947037   0.0010740628  -0.0006845563
       7   -0.0008838507   0.0000965489  -0.0004625992  -0.0005460480   0.0004436677  -0.0003491689
       8   -0.0006428673   0.0006708297  -0.0002690126  -0.0005646595   0.0007187724  -0.0003931510
       9   -0.0001643669   0.0000824762  -0.0008040624  -0.0007630161  -0.0003550224  -0.0004816868
      10    0.0001751384   0.0005682521  -0.0001623550  -0.0004909888  -0.0015372911  -0.0000092355
      11    0.0000347693   0.0024959094   0.0022623170  -0.0003289375  -0.0021206503   0.0001967912
      12    0.0014677969   0.0021783387  -0.0004524113   0.0026044021   0.0010679548   0.0012320883
      13    0.0003033358   0.0011748178   0.0005699338   0.0027266642   0.0006278977   0.0009924730
      14   -0.0009583095   0.0008363997   0.0007473122   0.0015875048   0.0007552859   0.0005398442
      15   -0.0011829748   0.0001511066   0.0003457056  -0.0001798018   0.0007531040   0.0003488976
      16   -0.0011378176  -0.0007342772  -0.0000841494  -0.0002209205   0.0009709582   0.0002519226
      17   -0.0009646501  -0.0004491402  -0.0002599118  -0.0001627292   0.0005799556   0.0000958365
      18   -0.0006679452  -0.0000956432  -0.0000806021  -0.0003284049   0.0005892282  -0.0000733388
      19   -0.0004145283   0.0001787514  -0.0001237299  -0.0005334727   0.0001293219  -0.0005420452
      20    0.0000807899   0.0000565011  -0.0003413690  -0.0007532772  -0.0004189845  -0.0005541443
      21    0.0002568949   0.0004017666   0.0002183367  -0.0006298678  -0.0007920567  -0.0001852667
      22    0.0007375460   0.0005085789   0.0001138709  -0.0004663349  -0.0011771952  -0.0005256534
      23    0.0007128892   0.0000548157   0.0002916446   0.0014523156  -0.0002783440   0.0013525395
      24   -0.0002126882   0.0003070527   0.0001874176   0.0014418463   0.0005144488   0.0009369342
      25   -0.0006328229   0.0003801712   0.0001558443   0.0007282642   0.0006556208   0.0008051066
      26   -0.0009733147  -0.0000756286   0.0000918526  -0.0001080528   0.0009294155   0.0011271658
      27   -0.0008901065  -0.0003238658   0.0001287178  -0.0000096975   0.0005530469   0.0012406980
      28   -0.0007647952  -0.0003958995   0.0000537679   0.0003021867   0.0004645454   0.0006582376
      29   -0.0006985151  -0.0002873319  -0.0000620286   0.0000286510   0.0000563687  -0.0000756439
      30   -0.0006525168  -0.0003886138  -0.0000874184  -0.0005668041  -0.0002701473  -0.0002325999
      31   -0.0006553785  -0.0000447538  -0.0000517902  -0.0006449675  -0.0001262560  -0.0001549755
      32   -0.0002138612  -0.0000595450  -0.0003188588  -0.0002768833  -0.0000333574  -0.0004647818
      33    0.0005620344  -0.0004648947  -0.0004449551   0.0000506395  -0.0006131165  -0.0007471787
      34   -0.0007028982  -0.0005801591   0.0002755366   0.0005408006   0.0003558271   0.0012023001
      35   -0.0004443161  -0.0001536190   0.0001341266   0.0010298111   0.0006092740   0.0006718021
      36   -0.0007123564   0.0000692853  -0.0000549125   0.0005204017   0.0011160566   0.0009030920
      37   -0.0009896254  -0.0002107951  -0.0000816452   0.0000997296   0.0012185055   0.0011744698
      38   -0.0009168497  -0.0001395795  -0.0000741289   0.0002815982   0.0004943810   0.0011049175
      39   -0.0007763184  -0.0001510514  -0.0002812366   0.0002277000  -0.0003536390   0.0007956466
      40   -0.0008813379  -0.0005778831  -0.0004142137  -0.0000077351  -0.0005077251   0.0002898096
      41   -0.0009668339  -0.0008029027  -0.0003249914  -0.0000604128  -0.0003344499   0.0001003657
      42   -0.0006908018  -0.0002944364  -0.0001825233   0.0001319646  -0.0002008565  -0.0000434319
      43   -0.0004437489  -0.0000246750  -0.0001241738   0.0007361599  -0.0004262950  -0.0006962425
      44   -0.0005107688  -0.0005826870   0.0000867369   0.0006776031  -0.0002963716  -0.0016554461
      45   -0.0003141287  -0.0002007480   0.0014317188   0.0005207450   0.0001721481   0.0007940469
      46   -0.0003990874   0.0001199836   0.0005685220   0.0003956114   0.0008086402   0.0009088463
      47   -0.0006490595  -0.0000715464  -0.0001396385   0.0001220159   0.0016214494   0.0007543256
      48   -0.0006797077  -0.0002724468  -0.0003631205   0.0002741192   0.0011721741   0.0003728351
      49   -0.0007743023  -0.0002142152  -0.0005247884   0.0005020587   0.0001398945   0.0002817084
      50   -0.0009557877  -0.0000802814  -0.0007439649   0.0001566749  -0.0007729015   0.0004864896
      51   -0.0007675887  -0.0006043682  -0.0008275339   0.0000169467  -0.0009089708   0.0003411413
      52   -0.0002707197  -0.0009103081  -0.0004344739   0.0002760569  -0.0007092286   0.0001367763
      53   -0.0000438590  -0.0004826249  -0.0002078867   0.0006868433  -0.0007592690  -0.0000835778
      54   -0.0002016540  -0.0002787236   0.0000899972   0.0007086956  -0.0006784061  -0.0005955043
      55   -0.0004735107  -0.0005792063   0.0004529908   0.0004242199  -0.0005867434  -0.0019544981
      56    0.0003582422   0.0002421995   0.0021278943   0.0006054966   0.0006038140   0.0005539175
      57   -0.0004645638   0.0000280915   0.0007413730  -0.0000245929   0.0014305152   0.0005657484
      58   -0.0008927746  -0.0001244706  -0.0001438234  -0.0002890096   0.0013456790   0.0002760898
      59   -0.0006555602  -0.0002945384  -0.0003724696  -0.0000099496   0.0007346641  -0.0001152360
      60   -0.0001731296  -0.0002381433  -0.0006430367   0.0001572905   0.0001548946  -0.0001939419
      61   -0.0000065928  -0.0002276059  -0.0008442159  -0.0003810177  -0.0004324238  -0.0001289155
      62    0.0000336479  -0.0006714587  -0.0007604806  -0.0001906074  -0.0010108827   0.0001104406
      63    0.0001427121  -0.0006479014  -0.0004375270   0.0001070633  -0.0010350955   0.0002694891
      64    0.0001173269  -0.0006318844  -0.0001473191   0.0003741021  -0.0007737622   0.0001323470
      65    0.0001393242  -0.0006673013   0.0002089726   0.0004658692  -0.0005961380  -0.0002167754
      66    0.0000729266  -0.0003514896   0.0008141148   0.0000886666  -0.0004627483  -0.0002584075
      67    0.0005204512  -0.0004966944   0.0009523498  -0.0008164613   0.0011321685   0.0004119103
      68   -0.0001414591  -0.0004550819   0.0001711548  -0.0010216032   0.0009665860   0.0004377284
      69   -0.0004998280  -0.0004445267   0.0000933950  -0.0007685033   0.0007106318   0.0001354281
      70   -0.0003250852  -0.0005553107  -0.0002529984  -0.0002240353   0.0002406473  -0.0001757438
      71    0.0000179488  -0.0000473060  -0.0006369188  -0.0003234115   0.0003805341  -0.0005041647
      72    0.0003070995  -0.0002963734  -0.0007139290  -0.0008446344   0.0000977245  -0.0009036151
      73    0.0002792864  -0.0005414092  -0.0003801486  -0.0004393755  -0.0004801637  -0.0007136266
      74    0.0000542132  -0.0004704912  -0.0000513216  -0.0000883548  -0.0006806983  -0.0002974097
      75    0.0001960201  -0.0005661697  -0.0000064330   0.0003006153  -0.0006681975  -0.0002629706
      76    0.0002025647  -0.0003946308   0.0001708645   0.0009253313  -0.0009503214  -0.0006995200
      77    0.0002358921  -0.0001566361   0.0004788108   0.0011652891  -0.0008615853  -0.0013240596
      78   -0.0006672474  -0.0006292370  -0.0004679684  -0.0027064364  -0.0000074032   0.0004407207
      79   -0.0002412653  -0.0003504459  -0.0001087906  -0.0018925366   0.0004469468   0.0000359417
      80    0.0002028521  -0.0007715525   0.0000176743  -0.0010272501   0.0002648508  -0.0001357220
      81    0.0000323731  -0.0005817575  -0.0002790143   0.0000473545  -0.0002024347  -0.0006133168
      82   -0.0003269437  -0.0001469183  -0.0004077403  -0.0000167577   0.0001738537  -0.0011913715
      83   -0.0004626841  -0.0000578084  -0.0003027761  -0.0005630390   0.0006074936  -0.0014543183
      84   -0.0004933126  -0.0004243177  -0.0001378278  -0.0007085102   0.0003640326  -0.0009567241
      85   -0.0005697170  -0.0004836243   0.0000196288  -0.0003555577  -0.0001646528  -0.0005385316
      86   -0.0006244765  -0.0001423437  -0.0001975175   0.0004412213  -0.0009095194  -0.0005352454
      87   -0.0001762035   0.0004088848  -0.0001992200   0.0013396633  -0.0016596176  -0.0011605211
      88    0.0008625174   0.0006419630   0.0000063070   0.0024013718  -0.0021498947  -0.0017430881
      89   -0.0008372009   0.0003878334  -0.0004567573  -0.0018252755   0.0001435709   0.0005343379
      90    0.0002105802   0.0001746171  -0.0002344542  -0.0010825961   0.0003053787   0.0003728265
      91    0.0005289296  -0.0004551345  -0.0002040924  -0.0005409754  -0.0002932947  -0.0002328974
      92    0.0001538256  -0.0007290795  -0.0002025789  -0.0000881231  -0.0004175467  -0.0005783253
      93   -0.0004499579  -0.0002885912  -0.0000349713  -0.0001743149   0.0000283608  -0.0006367453
      94   -0.0009705159  -0.0001278531  -0.0001213547  -0.0007458330   0.0008330447  -0.0004706522
      95   -0.0012256844  -0.0003089039  -0.0000874605  -0.0007925870   0.0010485481  -0.0002622147
      96   -0.0012459212  -0.0003246649  -0.0001660240  -0.0001833063  -0.0001470625  -0.0001949059
      97   -0.0011931260   0.0003234384  -0.0003153378   0.0008150689  -0.0012270061  -0.0005298223
      98   -0.0009682212   0.0010461091  -0.0001315142   0.0019630058  -0.0016089605  -0.0012544495
      99   -0.0009997848   0.0014118174   0.0001986854   0.0025750248  -0.0016419845  -0.0021990613
     100    0.0021283485   0.0005568630  -0.0011500845  -0.0003961041   0.0000617392   0.0015830993
     101    0.0013556309   0.0003163921  -0.0005926791  -0.0004623207  -0.0007152470   0.0007743934
     102    0.0004035712  -0.0001941020  -0.0001430832  -0.0009273871  -0.0010685701   0.0003351595
     103   -0.0003087951  -0.0008672889  -0.0002299647  -0.0007691857  -0.0006585118   0.0001306142
     104   -0.0007529515  -0.0007007297   0.0000107937  -0.0006025076  -0.0000565480   0.0000774357
     105   -0.0007406065   0.0000427683   0.0001743350  -0.0008242026   0.0006049361   0.0002476646
     106   -0.0007513646  -0.0000266080  -0.0003833945  -0.0003037232   0.0009612076   0.0003656368
     107   -0.0008791435  -0.0000084361  -0.0005040720   0.0004220453  -0.0000477780   0.0002057595
     108   -0.0008004334   0.0007128982  -0.0004061589   0.0016253049  -0.0013777701  -0.0001379530
     109   -0.0011085152   0.0010892103  -0.0001481370   0.0019882282  -0.0016759779  -0.0002101504
     110   -0.0022156991   0.0013139335   0.0008780337   0.0013215230  -0.0017932337  -0.0010932809
     111    0.0037962746  -0.0004818593  -0.0032339347   0.0010175008  -0.0015772461   0.0017900182
     112    0.0018252514   0.0006351890  -0.0007487375  -0.0013036883  -0.0020920329   0.0010805868
     113    0.0003316986   0.0002234178   0.0000752906  -0.0021888822  -0.0020288630   0.0005972283
     114   -0.0007124224  -0.0013149587  -0.0004711451  -0.0014366956  -0.0008057746   0.0002912099
     115   -0.0007324928  -0.0009021137   0.0001454550  -0.0003639348  -0.0000355532   0.0005360243
     116    0.0001907187   0.0003472241   0.0001881194  -0.0000541387  -0.0002411012   0.0007774284
     117    0.0001470618   0.0004063562  -0.0009695707   0.0002479914   0.0011523137   0.0007455299
     118   -0.0002260279   0.0005291216  -0.0006053194   0.0011968247   0.0006046562   0.0007922842
     119    0.0000522863   0.0006947433  -0.0005104114   0.0017547151  -0.0016669124   0.0009375391
     120   -0.0001399098   0.0006828895   0.0002512637  -0.0001532110  -0.0020835750   0.0017058019
     121   -0.0006203843   0.0009547446   0.0031130023  -0.0042635740  -0.0020003592   0.0031309783
     122    0.0024665616   0.0022935087   0.0008954658   0.0028459980   0.0048132240   0.0019982299
     123    0.0007463357   0.0012743459   0.0014303348   0.0031490190   0.0022836219   0.0003181644
     124   -0.0005905494   0.0006632619   0.0012770861   0.0019179318   0.0011953375  -0.0011364052
     125   -0.0005253768  -0.0002876252   0.0008393519   0.0005537787   0.0004521022  -0.0014175667
     126   -0.0008092301  -0.0009042525   0.0001382793   0.0004326041   0.0004109061  -0.0014443797
     127   -0.0008081406  -0.0000200355  -0.0004552995  -0.0001908060   0.0005023215  -0.0015800617
     128   -0.0005596180   0.0007218560  -0.0006915496  -0.0002357043   0.0009838757  -0.0013355683
     129   -0.0005063698   0.0004291410  -0.0010787966  -0.0003505388   0.0008282207  -0.0005647976
     130   -0.0001774827  -0.0004276508  -0.0012874094  -0.0005042721  -0.0001372807   0.0006455861
     131    0.0001305830   0.0002265228  -0.0009157535  -0.0008024484  -0.0006098791   0.0004623024
     132    0.0008115463   0.0008120516  -0.0018122079  -0.0012509208  -0.0000882834  -0.0014450647
     133    0.0016950033   0.0010824020   0.0005499386   0.0016022586   0.0024094805   0.0010523519
     134    0.0005027057   0.0007773821   0.0005035683   0.0015935391   0.0018196653   0.0000887567
     135   -0.0002129189   0.0004646938   0.0006252662   0.0010807810   0.0012324134  -0.0003880031
     136   -0.0003483756  -0.0001961876   0.0005240200   0.0005108707   0.0007865332  -0.0001756027
     137   -0.0003167337  -0.0007358607   0.0001753207   0.0003365426   0.0004382428   0.0000945715
     138   -0.0003024702  -0.0002239620  -0.0002943842   0.0000127473   0.0003609725  -0.0000936009
     139   -0.0002380267   0.0002422692  -0.0006566973  -0.0005208998   0.0004898821  -0.0003286625
     140   -0.0001260785  -0.0000707328  -0.0008098793  -0.0008914695   0.0003647441  -0.0003608727
     141    0.0000901615  -0.0001857617  -0.0007846862  -0.0008329937  -0.0000894774  -0.0001756938
     142    0.0004664796   0.0001391034  -0.0007744911  -0.0007980765  -0.0003453515  -0.0001707387
     143    0.0010332499   0.0002966159  -0.0011373566  -0.0008907586  -0.0003387914  -0.0007538855
     144    0.0004179382   0.0001195409  -0.0001211682   0.0005026652   0.0012865497   0.0009719233
     145    0.0000814953   0.0002253185   0.0000119530   0.0007240668   0.0012815269   0.0004601584
     146   -0.0003009738   0.0002728877   0.0001011504   0.0007404794   0.0014118057   0.0002611253
     147   -0.0003761385  -0.0001320080   0.0001618259   0.0005662954   0.0012926204   0.0008082188
     148   -0.0001897411  -0.0005532955   0.0001225666   0.0003837478   0.0005854139   0.0014377566
     149   -0.0001129605  -0.0004687062  -0.0001447768   0.0000700536  -0.0000905242   0.0013043083
     150   -0.0002010454  -0.0004122243  -0.0004266800  -0.0007251679  -0.0002366708   0.0006931990
     151   -0.0002979712  -0.0003866747  -0.0005016160  -0.0011214471  -0.0003065624   0.0001821399
     152   -0.0002885309   0.0000514408  -0.0005092600  -0.0008081965  -0.0002673136  -0.0000842133
     153   -0.0000936137   0.0001600554  -0.0004970154  -0.0004992100  -0.0000976008  -0.0002398918
     154    0.0002844521  -0.0002130870  -0.0003349392  -0.0002566904  -0.0000789589  -0.0002828276
     155   -0.0003945585  -0.0003771201   0.0002575318   0.0001913175   0.0003421664   0.0016374909
     156   -0.0004131251   0.0000668859   0.0000718432   0.0004767191   0.0008481058   0.0010523523
     157   -0.0005091668   0.0001428040  -0.0001379764   0.0007615768   0.0015382541   0.0008306781
     158   -0.0007364903  -0.0002355356  -0.0001732218   0.0008069143   0.0018299582   0.0013531238
     159   -0.0007883030  -0.0004408219   0.0000217101   0.0005392883   0.0009260998   0.0020087795
     160   -0.0006750961  -0.0006990615   0.0001132095  -0.0000563030  -0.0005457401   0.0020917989
     161   -0.0006166731  -0.0009755803   0.0000034669  -0.0006026654  -0.0013418880   0.0014987523
     162   -0.0006030487  -0.0005383913  -0.0001564196  -0.0006146061  -0.0011892425   0.0008626784
     163   -0.0006153163   0.0001845474  -0.0003171050  -0.0003081349  -0.0007188669   0.0003529289
     164   -0.0006926466   0.0001546902  -0.0003593838  -0.0001255275  -0.0002851239  -0.0005005715
     165   -0.0008830274  -0.0005972791  -0.0002780753  -0.0001239932   0.0002819629  -0.0016309993
     166   -0.0006840760   0.0001269390   0.0012407219  -0.0000022816  -0.0003529221   0.0010992736
     167   -0.0006276085   0.0002482442   0.0003787970   0.0002102475   0.0006320803   0.0007555379
     168   -0.0006979769   0.0001488245  -0.0001722087   0.0003503950   0.0015989669   0.0007886128
     169   -0.0009828830  -0.0002590317  -0.0001684113   0.0005747097   0.0020667320   0.0011169766
     170   -0.0012808366  -0.0005912675   0.0002399913   0.0006264479   0.0012501220   0.0014913409
     171   -0.0013734442  -0.0009733982   0.0005517968   0.0000144479  -0.0007787097   0.0016795590
     172   -0.0011118071  -0.0010730073   0.0004722881  -0.0002876093  -0.0022193004   0.0014184408
     173   -0.0006512215  -0.0004968109   0.0001548719   0.0000046314  -0.0019864694   0.0008452880
     174   -0.0003670621   0.0000107354  -0.0001150687   0.0000531224  -0.0012448534   0.0002514822
     175   -0.0003368632   0.0000258678  -0.0001899949  -0.0001157375  -0.0007166646  -0.0004277149
     176   -0.0004103846  -0.0001989395  -0.0001160668  -0.0002759541  -0.0003696968  -0.0012326562
     177   -0.0000196971   0.0002119690   0.0013095543   0.0002054643  -0.0001463127  -0.0000709973
     178   -0.0006024431   0.0001996117   0.0003791950  -0.0001803022   0.0005728666   0.0001948572
     179   -0.0010289328   0.0001662717  -0.0001223940  -0.0003590253   0.0015041091   0.0003237046
     180   -0.0010978720  -0.0000714425   0.0001467805  -0.0000489656   0.0020500981   0.0001272461
     181   -0.0010490962  -0.0006644125   0.0006889422   0.0001967152   0.0013640548  -0.0001984279
     182   -0.0010576725  -0.0012663577   0.0008868603  -0.0000467600  -0.0006946702  -0.0001854443
     183   -0.0008793731  -0.0010533291   0.0006814221   0.0000525029  -0.0023380685   0.0001065134
     184   -0.0005105094  -0.0003486448   0.0002934398   0.0002607727  -0.0023816093   0.0001547831
     185   -0.0002255968  -0.0002117510  -0.0000209208   0.0001659400  -0.0015214643  -0.0000445950
     186   -0.0000724683  -0.0002204661  -0.0000449361  -0.0000631912  -0.0006585414  -0.0002167184
     187   -0.0000041610   0.0000868151   0.0001177127  -0.0005010392  -0.0000612967  -0.0003356420
     188    0.0002936880  -0.0000724396   0.0006045693  -0.0010066791  -0.0003930081  -0.0002854838
     189   -0.0002398376  -0.0000131689   0.0001511173  -0.0010653517   0.0004286121   0.0000484280
     190   -0.0006823515   0.0000270928  -0.0001788051  -0.0009101165   0.0011125170  -0.0000463038
     191   -0.0007761187  -0.0000755935   0.0001536746  -0.0005207204   0.0016171718  -0.0009814725
     192   -0.0005866356  -0.0005741202   0.0006374152  -0.0005051003   0.0011822489  -0.0020896778
     193   -0.0003478429  -0.0011676743   0.0007029439  -0.0004142537  -0.0003033553  -0.0023794513
     194   -0.0002387623  -0.0009924548   0.0004541862   0.0001670458  -0.0017384717  -0.0018069765
     195   -0.0002444547  -0.0002732156   0.0000842658   0.0004425321  -0.0020788228  -0.0011192517
     196   -0.0000482819  -0.0001845949  -0.0001597721   0.0005106793  -0.0013187575  -0.0006992712
     197    0.0002665901  -0.0003429476   0.0000028061   0.0004737341  -0.0005842674  -0.0006253193
     198    0.0005826157  -0.0002387785   0.0002389076   0.0003019107  -0.0002677376  -0.0008131302
     199   -0.0006946624   0.0002800268   0.0004276561  -0.0018514614  -0.0001390308  -0.0001564292
     200   -0.0001181777   0.0000763343  -0.0001389545  -0.0014764071   0.0002252237  -0.0000410383
     201    0.0002662602  -0.0001527817  -0.0004143267  -0.0011494870   0.0005258086  -0.0004670945
     202    0.0002111995  -0.0002960163  -0.0001890882  -0.0007249045   0.0008107394  -0.0014515299
     203   -0.0001054405  -0.0004352486   0.0001713752  -0.0005957698   0.0006970021  -0.0024964603
     204   -0.0002867211  -0.0007649002   0.0002159233  -0.0003610947  -0.0000106638  -0.0028909848
     205   -0.0003844887  -0.0007829093  -0.0000436559   0.0000764145  -0.0008909987  -0.0023804770
     206   -0.0004927191  -0.0002679615  -0.0003933118   0.0004282515  -0.0012486444  -0.0014836580
     207   -0.0004140553   0.0000184716  -0.0004411743   0.0008807568  -0.0008227532  -0.0009372117
     208   -0.0000176053  -0.0001291135  -0.0000287823   0.0011456495  -0.0006529233  -0.0009886952
     209    0.0005936327  -0.0002291409   0.0005887963   0.0012865199  -0.0009132201  -0.0012152179
     210   -0.0004398079   0.0003789904  -0.0001009168  -0.0010537832   0.0000912472   0.0006237551
     211    0.0000568647   0.0002292834  -0.0004403407  -0.0008630217  -0.0001119953  -0.0000166552
     212    0.0004506306  -0.0001576890  -0.0005510655  -0.0008205154  -0.0000807729  -0.0003895184
     213    0.0004291161  -0.0004307126  -0.0003515575  -0.0007648149   0.0001532400  -0.0007375936
     214    0.0000682233  -0.0003496215  -0.0000677225  -0.0007016102   0.0002182248  -0.0012079745
     215   -0.0003334452  -0.0004334262  -0.0001208590  -0.0004711586   0.0001314729  -0.0014357104
     216   -0.0005890276  -0.0004795131  -0.0004669802   0.0000519418   0.0000184027  -0.0010065369
     217   -0.0007009666  -0.0001646604  -0.0006855454   0.0006080199  -0.0004316708  -0.0004022280
     218   -0.0008182528   0.0002464914  -0.0004747306   0.0012807798  -0.0005913048  -0.0003079289
     219   -0.0009115332   0.0002219096   0.0000333836   0.0017026422  -0.0008314338  -0.0009519981
     220   -0.0010702167  -0.0000534432   0.0005832066   0.0018170838  -0.0014990380  -0.0019651126
     221    0.0011102318  -0.0000407980  -0.0013484359  -0.0009061666  -0.0008800727  -0.0000809367
     222    0.0005738540   0.0003162464  -0.0008804532  -0.0008493441  -0.0007819885  -0.0002817524
     223    0.0001888629  -0.0000081466  -0.0005992277  -0.0008055139  -0.0005987170  -0.0001861886
     224   -0.0000098163  -0.0004782568  -0.0003559219  -0.0008515234  -0.0001200237   0.0001375253
     225   -0.0000805511  -0.0003928957  -0.0001492871  -0.0008643350   0.0000108045   0.0000970167
     226   -0.0002237704  -0.0000976034  -0.0002305357  -0.0006726917   0.0002262533  -0.0000863180
     227   -0.0004040858   0.0000504571  -0.0004812173   0.0002528090   0.0007457036   0.0001796587
     228   -0.0004057563   0.0000341274  -0.0005080458   0.0011251067   0.0001346483   0.0006262206
     229   -0.0004545717   0.0002912818  -0.0002104467   0.0014205245  -0.0006041176   0.0006092720
     230   -0.0007727530   0.0005027384   0.0003434445   0.0015977705  -0.0009267281   0.0002939300
     231   -0.0011930988   0.0003666440   0.0011889787   0.0013705628  -0.0015631869  -0.0000906701
     232    0.0017907656  -0.0001641012  -0.0023227209  -0.0021391605  -0.0024757311  -0.0013025084
     233    0.0009309209   0.0005419513  -0.0013455950  -0.0018199168  -0.0016929923  -0.0009083352
     234    0.0002514036   0.0001349977  -0.0007867475  -0.0014079957  -0.0010415392  -0.0004719396
     235   -0.0001755346  -0.0005701150  -0.0004467408  -0.0010243379  -0.0001175455   0.0005158137
     236   -0.0000316120  -0.0003576511  -0.0001403819  -0.0006507199  -0.0001498336   0.0008991156
     237   -0.0000701196   0.0001943057  -0.0004392459  -0.0003122816   0.0001646693   0.0004920000
     238   -0.0003761254   0.0007550114  -0.0002734671   0.0005352082   0.0013502712   0.0005457340
     239   -0.0000442362   0.0004075359   0.0000041974   0.0017458851   0.0006461273   0.0012414384
     240    0.0002059649   0.0000061891   0.0000757243   0.0011178143  -0.0006005198   0.0015573489
     241    0.0000391088   0.0006468522   0.0009523834   0.0004030308  -0.0008080564   0.0022246532
     242    0.0000626169   0.0012122975   0.0017638382   0.0015711464  -0.0007259627   0.0041379373
     243    0.0031972985   0.0010001015   0.0029506120   0.0027137441   0.0022060331   0.0016298013
     244    0.0011289244   0.0008187505   0.0017859929   0.0021012298   0.0013446572  -0.0001309131
     245    0.0003016160   0.0001050905   0.0009937687   0.0006709482   0.0007818743  -0.0012131788
     246    0.0004625423  -0.0006715378   0.0007316496   0.0008696167   0.0000708054  -0.0010894114
     247   -0.0001019406  -0.0006541890   0.0005364812   0.0006536768   0.0005152075  -0.0010023397
     248   -0.0003660895   0.0002276417  -0.0000722894  -0.0000725023   0.0006991387  -0.0013760671
     249   -0.0005442328   0.0010183114  -0.0012135945   0.0001314444   0.0002235217  -0.0015157860
     250   -0.0005656827  -0.0001054838  -0.0014482490   0.0001050057  -0.0000040504  -0.0005336881
     251   -0.0002314308  -0.0006073296  -0.0008950371   0.0002026561  -0.0005084686   0.0002466363
     252    0.0006501220  -0.0000648453  -0.0012341708  -0.0011916198  -0.0003813418  -0.0003192263
     253    0.0017808261   0.0010542055  -0.0016347044  -0.0033129760  -0.0000021437  -0.0001697985
     254    0.0015951414   0.0005173606   0.0012670917   0.0011389697   0.0016442770  -0.0000705218
     255    0.0007750936   0.0002998623   0.0008327439   0.0008095508   0.0016755631  -0.0004992900
     256    0.0003169581   0.0000916786   0.0004778437   0.0007986376   0.0011649327  -0.0006857346
     257    0.0003489814  -0.0004156719   0.0002178840   0.0009808934   0.0006657932  -0.0002667502
     258    0.0004109230  -0.0007117701  -0.0000705297   0.0006197007   0.0003672663   0.0001340637
     259    0.0003932298  -0.0001470734  -0.0005949691  -0.0001334499   0.0000826756  -0.0000863433
     260    0.0002735173   0.0002939901  -0.0011606212  -0.0007868751   0.0000335691  -0.0004260637
     261    0.0001249263  -0.0001182318  -0.0013152689  -0.0008584563   0.0000686468  -0.0004143582
     262    0.0001461511  -0.0003389417  -0.0011804624  -0.0006735822  -0.0000409624  -0.0002387479
     263    0.0005613645   0.0000093193  -0.0010414111  -0.0009840564  -0.0002388126  -0.0001190000
     264    0.0012948867   0.0006026456  -0.0007155918  -0.0017177260  -0.0004299131   0.0005196133
     265    0.0003052827  -0.0002560148   0.0000208494   0.0000384611   0.0015989639   0.0000393609
     266    0.0001319267   0.0001528151   0.0000615360   0.0001472877   0.0016716513   0.0000364709
     267    0.0000734890   0.0001419036  -0.0000447754   0.0008932018   0.0015112579   0.0000462438
     268    0.0002743175  -0.0003023804  -0.0004349940   0.0014423987   0.0013090561   0.0005372140
     269    0.0006291222  -0.0007358664  -0.0008004125   0.0007979609   0.0005657101   0.0012856392
     270    0.0007460822  -0.0007592904  -0.0010150337  -0.0003179144  -0.0002889210   0.0014872514
     271    0.0006469995  -0.0004816317  -0.0011467695  -0.0015047160  -0.0004842711   0.0011252959
     272    0.0003627364  -0.0002038208  -0.0011927185  -0.0018012539  -0.0003113490   0.0005269283
     273    0.0000123162   0.0001270142  -0.0010797107  -0.0011934989  -0.0000940509  -0.0000010002
     274   -0.0001243689   0.0001210427  -0.0008984618  -0.0007172226  -0.0000902785  -0.0002703911
     275   -0.0000546495  -0.0003496134  -0.0007260581  -0.0002358449  -0.0000272184  -0.0005590788
     276   -0.0007337213   0.0000426983  -0.0002865635  -0.0002869238   0.0006486871   0.0015436302
     277   -0.0004536950   0.0002917151  -0.0002962896   0.0002154489   0.0010903953   0.0009780629
     278   -0.0003490798   0.0003469355  -0.0004570922   0.0011116884   0.0016163175   0.0008271408
     279   -0.0004735476  -0.0003437033  -0.0010169414   0.0016073462   0.0019971437   0.0013999254
     280   -0.0007602691  -0.0009678459  -0.0015024207   0.0007460635   0.0010948428   0.0020259217
     281   -0.0007321396  -0.0013506302  -0.0015336324  -0.0002969738  -0.0005136034   0.0022992277
     282   -0.0004449238  -0.0013416535  -0.0012357315  -0.0011860593  -0.0014081827   0.0021331264
     283   -0.0002366209  -0.0001771964  -0.0009961104  -0.0015358419  -0.0013782740   0.0014562534
     284   -0.0003546746   0.0006704500  -0.0007885287  -0.0011441143  -0.0006926173   0.0005178897
     285   -0.0006823822   0.0002564871  -0.0005866642  -0.0007587426  -0.0002883977  -0.0004117762
     286   -0.0010950431  -0.0005765583  -0.0005816186  -0.0005415177  -0.0002993765  -0.0013286319
     287   -0.0007103523   0.0001658354  -0.0001827065  -0.0001325531  -0.0004921206   0.0009064633
     288   -0.0007368366   0.0004228403  -0.0002989586   0.0000608291   0.0002935485   0.0006417419
     289   -0.0008652548   0.0005828922  -0.0006765823   0.0006994941   0.0015176816   0.0008626341
     290   -0.0014110631  -0.0003948880  -0.0013507568   0.0007838633   0.0022974791   0.0015267650
     291   -0.0019688291  -0.0012872276  -0.0019201359   0.0003455635   0.0012953269   0.0017363375
     292   -0.0020585641  -0.0016131245  -0.0019568393   0.0000276173  -0.0006083362   0.0016629213
     293   -0.0017110611  -0.0017248056  -0.0014818871  -0.0001705872  -0.0020501431   0.0015801263
     294   -0.0011731989  -0.0002074398  -0.0009804328  -0.0003826523  -0.0022912195   0.0011625404
     295   -0.0006991796   0.0007830670  -0.0006332642  -0.0007097680  -0.0013456653   0.0003945018
     296   -0.0004676198   0.0002580915  -0.0004193126  -0.0007989988  -0.0006413897  -0.0002983311
     297   -0.0003782047  -0.0002215863  -0.0002647614  -0.0007867410  -0.0006454223  -0.0007779203
     298   -0.0003585437  -0.0001278149   0.0000546302  -0.0005624087  -0.0012059483  -0.0003140131
     299   -0.0007119383   0.0004202015  -0.0002052004  -0.0004180751  -0.0000303033   0.0000355221
     300   -0.0012488811   0.0007587273  -0.0007303316  -0.0003508578   0.0014540812   0.0003100049
     301   -0.0017709587  -0.0001962856  -0.0014182302  -0.0000793955   0.0022980466   0.0003566148
     302   -0.0017980994  -0.0014088355  -0.0019642418   0.0002295116   0.0011049546   0.0001537594
     303   -0.0016848429  -0.0017479373  -0.0020572407   0.0001806111  -0.0006878146   0.0000193572
     304   -0.0016315142  -0.0017453331  -0.0016790980   0.0001867850  -0.0020895681   0.0000270848
     305   -0.0013366085  -0.0003022817  -0.0011415664   0.0002734580  -0.0026614562  -0.0001292057
     306   -0.0007333226   0.0005868361  -0.0006928149   0.0000076474  -0.0016954914  -0.0003075416
     307   -0.0001115441   0.0001159820  -0.0005276633  -0.0004515311  -0.0005844171  -0.0001469316
     308    0.0003217836  -0.0000627826  -0.0005146188  -0.0008770492  -0.0000006551   0.0000834290
     309    0.0000163971   0.0002970881   0.0004799509  -0.0007546574  -0.0007681976  -0.0006026027
     310   -0.0003380922   0.0003490780  -0.0001399935  -0.0009684170  -0.0000278298  -0.0000870362
     311   -0.0008547679   0.0007242123  -0.0006956841  -0.0013230159   0.0011245540  -0.0002503045
     312   -0.0012633472   0.0000991242  -0.0012339066  -0.0009173235   0.0019348046  -0.0012616309
     313   -0.0014398781  -0.0012965926  -0.0016115664  -0.0002498670   0.0009338558  -0.0021117361
     314   -0.0013754973  -0.0018177126  -0.0017393198  -0.0000542856  -0.0006022067  -0.0022499277
     315   -0.0011062314  -0.0015858280  -0.0015787447   0.0003002082  -0.0018695910  -0.0020869061
     316   -0.0007062052  -0.0001984958  -0.0012328591   0.0009634487  -0.0024885697  -0.0018007350
     317   -0.0001910962   0.0004093179  -0.0008368847   0.0010250284  -0.0013856408  -0.0010968708
     318    0.0003399234  -0.0002255748  -0.0006347924   0.0003941446  -0.0002319086  -0.0002634660
     319    0.0010047094  -0.0007331609  -0.0004300159  -0.0003093463   0.0001164404   0.0004794135
     320   -0.0002868354   0.0006309986   0.0003894517  -0.0006901751  -0.0000251404   0.0000515934
     321   -0.0000518539   0.0003774135  -0.0001162289  -0.0012500923  -0.0000887304  -0.0002341196
     322    0.0002630280   0.0004281808  -0.0005647282  -0.0015670891   0.0004441436  -0.0007682248
     323    0.0003449248   0.0000937848  -0.0008314361  -0.0016376626   0.0011386473  -0.0018695709
     324   -0.0000708367  -0.0009253438  -0.0009992563  -0.0011293538   0.0006837742  -0.0029074388
     325   -0.0004367068  -0.0015210406  -0.0011272235  -0.0001218342  -0.0004427143  -0.0033101655
     326   -0.0003734820  -0.0011555552  -0.0011785686   0.0008695249  -0.0013946215  -0.0030007913
     327   -0.0002546499  -0.0000221492  -0.0010611113   0.0015102605  -0.0015816125  -0.0020403686
     328   -0.0001865119   0.0002333631  -0.0007127497   0.0015956915  -0.0006374178  -0.0010225082
     329   -0.0001067633  -0.0004632698  -0.0003624616   0.0010267454  -0.0000361537  -0.0005247276
     330    0.0000073341  -0.0010481791  -0.0002035601   0.0004468616  -0.0003898052  -0.0002371705
     331   -0.0004179616   0.0002185795  -0.0001807653  -0.0010756043  -0.0005845779  -0.0000904637
     332   -0.0000201363   0.0004448719  -0.0003632417  -0.0009301016  -0.0004114072  -0.0004260536
     333    0.0004944822   0.0002012204  -0.0004987582  -0.0010633132   0.0000133037  -0.0006680300
     334    0.0008412938  -0.0001356489  -0.0004674560  -0.0014515175   0.0004454910  -0.0010099616
     335    0.0008627294  -0.0004984881  -0.0004796527  -0.0014023190   0.0002305423  -0.0015604537
     336    0.0006035798  -0.0008011160  -0.0005759644  -0.0002179979  -0.0003667918  -0.0019308825
     337    0.0002516441  -0.0006148008  -0.0007504564   0.0011306392  -0.0004994616  -0.0014436594
     338   -0.0000597532  -0.0000422423  -0.0007262431   0.0015300259  -0.0004425555  -0.0003989121
     339   -0.0004337298   0.0001415969  -0.0003068317   0.0016083655  -0.0002751883   0.0000670417
     340   -0.0007668280  -0.0003502636   0.0002483309   0.0013633707  -0.0003182168  -0.0004874552
     341   -0.0012041553  -0.0009138198   0.0006713388   0.0004862709  -0.0008680904  -0.0014749010
     342    0.0000353407   0.0003227959  -0.0010403273  -0.0014453039  -0.0012530716  -0.0011258668
     343    0.0000361396   0.0005548161  -0.0009165011  -0.0008325674  -0.0005232775  -0.0007041588
     344    0.0001450994   0.0002188064  -0.0006332884  -0.0007076428  -0.0000352841  -0.0003846976
     345    0.0003737886  -0.0002277737  -0.0003972970  -0.0010001195   0.0001887566  -0.0001803243
     346    0.0005285652  -0.0002767348  -0.0003785884  -0.0011781692  -0.0001577049  -0.0002674336
     347    0.0003558816  -0.0000746816  -0.0003886130  -0.0005894167  -0.0000698103  -0.0002931025
     348    0.0000664295   0.0000457757  -0.0003674994   0.0008752031   0.0004027405   0.0003044469
     349    0.0000688085  -0.0000711840  -0.0002913566   0.0017084984   0.0000529357   0.0009795727
     350   -0.0000610699   0.0000251146   0.0000482915   0.0013706684  -0.0003786225   0.0010101518
     351   -0.0003961743   0.0001312281   0.0005222950   0.0014233295  -0.0004850703   0.0004540990
     352   -0.0004620380   0.0001539724   0.0009998916   0.0021424640  -0.0007167239  -0.0000202588
     353    0.0001910987   0.0005076852  -0.0023246066  -0.0020848967  -0.0004463082  -0.0019350955
     354    0.0002277019   0.0007667829  -0.0016674928  -0.0009363703   0.0000016807  -0.0010343591
     355    0.0002814086   0.0003309066  -0.0007394463  -0.0006095439  -0.0000403041  -0.0002600049
     356    0.0004433597  -0.0001612795  -0.0005160596  -0.0006158734   0.0002583763   0.0001385620
     357    0.0001755559  -0.0002945905  -0.0006268649  -0.0009224532  -0.0004462296   0.0001878713
     358   -0.0004629389   0.0006405918  -0.0002778303  -0.0008404079   0.0002504059   0.0002527145
     359   -0.0005785582   0.0008395203   0.0000787823   0.0006474563   0.0014321945   0.0012569355
     360    0.0000702071  -0.0000697951   0.0001703329   0.0019220346   0.0000025974   0.0018346297
     361    0.0004180597  -0.0001716190   0.0003392511   0.0009556227  -0.0006079898   0.0013930329
     362    0.0004318727   0.0007615434   0.0003796977   0.0011622523  -0.0002337573   0.0019785624
     363    0.0001316465   0.0017250088   0.0006004211   0.0034371924   0.0001485338   0.0026845525
     364    0.0021492400   0.0014550066   0.0011150779   0.0017528710  -0.0001085350   0.0013248694
     365    0.0007055881   0.0001464951   0.0004725448   0.0005660928   0.0005293615   0.0002462331
     366    0.0003819499  -0.0005087644   0.0007102772   0.0002365776  -0.0005917046  -0.0007441534
     367    0.0006122275  -0.0001106799   0.0004838540   0.0007297720  -0.0003738456  -0.0007317352
     368   -0.0000266668  -0.0000837465  -0.0000247877  -0.0002509729   0.0003664451  -0.0007568028
     369   -0.0006856403  -0.0000286270  -0.0009800113  -0.0004793935  -0.0004083362  -0.0006925256
     370   -0.0008583626   0.0000190198  -0.0012873321  -0.0004446203  -0.0011036826  -0.0006009769
     371   -0.0004518863   0.0002601688  -0.0010550699   0.0005565278  -0.0000757125  -0.0009442791
     372    0.0001004298  -0.0002366509  -0.0008977244   0.0004377371   0.0005097765  -0.0013078680
     373    0.0008628373   0.0002447555  -0.0002053629  -0.0016947512   0.0004187426  -0.0000076734
     374    0.0020659026   0.0021946429   0.0007389087  -0.0046389258  -0.0003326607   0.0024753342
     375    0.0009213107   0.0003947816   0.0004885393   0.0004878110   0.0008064936  -0.0003912734
     376    0.0006013608  -0.0000714328   0.0005682081   0.0003234548   0.0004773131  -0.0005441734
     377    0.0004963599  -0.0002679321   0.0002225802   0.0007121938  -0.0000502417  -0.0005958209
     378    0.0006317359  -0.0002648583  -0.0002736977   0.0010734522  -0.0002362004  -0.0006333993
     379    0.0006942345  -0.0004147914  -0.0006926212   0.0003294070  -0.0000445311  -0.0006725087
     380    0.0006557598  -0.0003958442  -0.0009650290  -0.0005583220  -0.0005178877  -0.0004964935
     381    0.0005323886  -0.0000508374  -0.0011208229  -0.0008836807  -0.0006262909  -0.0002418526
     382    0.0003127474   0.0001141189  -0.0011456740  -0.0006336695  -0.0001909400  -0.0003484585
     383    0.0001572792  -0.0001415299  -0.0010028741  -0.0005871413   0.0002330266  -0.0005081848
     384    0.0003420224  -0.0001147153  -0.0006712818  -0.0011381217   0.0002680313  -0.0002610758
     385    0.0007984554   0.0004573898  -0.0002621455  -0.0017167305  -0.0001821385   0.0003398365
     386   -0.0004596766  -0.0000513697   0.0004827673  -0.0001527746   0.0010920854  -0.0008147789
     387   -0.0000550512   0.0000131246   0.0002442505   0.0001988444   0.0008888493  -0.0004382878
     388    0.0002378535  -0.0000673466  -0.0002477982   0.0011719770   0.0002713632  -0.0002698267
     389    0.0006812426  -0.0003842818  -0.0009814090   0.0018748799  -0.0000732042  -0.0004430677
     390    0.0011423079  -0.0007645855  -0.0015965377   0.0008666339  -0.0002343534  -0.0006457887
     391    0.0013629337  -0.0009991668  -0.0016885685  -0.0006350627  -0.0004128583  -0.0004850551
     392    0.0013425806  -0.0005636476  -0.0014503569  -0.0017869506  -0.0003323255  -0.0000197874
     393    0.0008737457   0.0000569567  -0.0012660898  -0.0020540790  -0.0002008857   0.0001564322
     394    0.0001774435   0.0002052164  -0.0010871932  -0.0015510563   0.0001627339  -0.0000410658
     395   -0.0002497810  -0.0001573666  -0.0008790281  -0.0010806656   0.0000374999  -0.0003008663
     396   -0.0006119451  -0.0008690127  -0.0007983158  -0.0006149595  -0.0004746998  -0.0008157224
     397   -0.0007108255   0.0001051246  -0.0002381080   0.0000170344   0.0011682641   0.0008897102
     398   -0.0006192524   0.0003292464  -0.0003593769   0.0002840988   0.0008144915   0.0004720961
     399   -0.0003289674   0.0003597611  -0.0007751787   0.0014898608   0.0002097350   0.0001608058
     400   -0.0002629218  -0.0004892624  -0.0018460132   0.0020502543  -0.0000895090  -0.0000465391
     401   -0.0006395160  -0.0013720803  -0.0029918388   0.0006246164  -0.0002417922  -0.0002050200
     402   -0.0007432516  -0.0016693076  -0.0033156604  -0.0004582905  -0.0002970219  -0.0001749563
     403   -0.0003363684  -0.0013905989  -0.0027135295  -0.0013501851  -0.0000211447   0.0000256313
     404   -0.0000072032   0.0000585659  -0.0018103971  -0.0022409184   0.0000354879   0.0001366593
     405   -0.0001522681   0.0008612870  -0.0011332246  -0.0018059118   0.0000822356  -0.0000182214
     406   -0.0004661652   0.0001005069  -0.0006930404  -0.0010578912  -0.0001637508  -0.0002969102
     407   -0.0007226197  -0.0010660277  -0.0002838744  -0.0007729768  -0.0010257264  -0.0005324247
     408   -0.0006622930  -0.0003257875  -0.0007344268  -0.0006044790   0.0000285848   0.0011103070
     409   -0.0006645731   0.0004569361  -0.0007607437  -0.0000164925  -0.0000730867   0.0007108368
     410   -0.0009373216   0.0008730478  -0.0013047490   0.0009334228  -0.0001668107   0.0004511827
     411   -0.0016663609  -0.0006269019  -0.0028410162   0.0008565246  -0.0001934773   0.0003961314
     412   -0.0023591732  -0.0018876019  -0.0045134451  -0.0000904622  -0.0002782628   0.0003466230
     413   -0.0025028488  -0.0017271125  -0.0050745571  -0.0000353800  -0.0003380957   0.0002202820
     414   -0.0022172326  -0.0019664572  -0.0041559044   0.0000332418  -0.0000787141   0.0000647701
     415   -0.0016021658  -0.0001489105  -0.0025670974  -0.0008234270   0.0000545854  -0.0001192862
     416   -0.0008741306   0.0013071420  -0.0013001386  -0.0011711172   0.0000129956  -0.0001832304
     417   -0.0003943884   0.0003770384  -0.0005359168  -0.0007777516  -0.0000903981  -0.0002534522
     418   -0.0000988190  -0.0005000563  -0.0000193656  -0.0005948527  -0.0002329659  -0.0003676133
     419   -0.0004730479  -0.0004169811  -0.0003902109  -0.0009236122  -0.0007522843   0.0001094303
     420   -0.0007148518   0.0005236171  -0.0007100605  -0.0005152938  -0.0006101614   0.0002975270
     421   -0.0014013387   0.0012169175  -0.0015570834  -0.0002550451  -0.0004413454   0.0004645355
     422   -0.0021897902  -0.0004729710  -0.0034536716  -0.0000961964  -0.0002748139   0.0005006989
     423   -0.0021614778  -0.0020398792  -0.0053586482   0.0001032567  -0.0003575974   0.0003157049
     424   -0.0019222872  -0.0016818398  -0.0058811574   0.0000984058  -0.0004527401  -0.0000404877
     425   -0.0020833219  -0.0020779060  -0.0047486004   0.0001312412  -0.0002975632  -0.0002554222
     426   -0.0019323128  -0.0003917209  -0.0028806203   0.0002055677  -0.0001372855  -0.0003749992
     427   -0.0010331386   0.0012623868  -0.0013866343   0.0000785175   0.0000058987  -0.0004088382
     428    0.0000101296   0.0004793754  -0.0006605003  -0.0003234784   0.0001861460  -0.0000958205
     429    0.0008994540  -0.0002189356  -0.0002794946  -0.0009344056   0.0003088825   0.0005072132
     430    0.0000802380   0.0003193908  -0.0003761610  -0.0001592382  -0.0001989568  -0.0001383140
     431   -0.0004195206   0.0004776311  -0.0005825330  -0.0008479890  -0.0005466073   0.0002064741
     432   -0.0009924359   0.0012114827  -0.0013360446  -0.0016171212  -0.0006137084   0.0004251481
     433   -0.0016398619   0.0000395862  -0.0030107852  -0.0011623523  -0.0004695860   0.0003406268
     434   -0.0020628445  -0.0018439183  -0.0045933890  -0.0000306219  -0.0004826674  -0.0000316745
     435   -0.0021260036  -0.0019180302  -0.0049430316   0.0000500995  -0.0004097929  -0.0004789020
     436   -0.0017706469  -0.0018569197  -0.0039687130   0.0002581860  -0.0002201872  -0.0007325026
     437   -0.0010546733  -0.0002364934  -0.0023528635   0.0013576525  -0.0002127052  -0.0007835242
     438   -0.0002932971   0.0009278366  -0.0011492931   0.0015472444   0.0000347606  -0.0005985848
     439    0.0003120635   0.0000422114  -0.0007596393   0.0005661540   0.0003736935  -0.0000961916
     440    0.0009626163  -0.0008788737  -0.0007812533  -0.0003199873   0.0005191788   0.0006530896
     441   -0.0001687352   0.0003624065  -0.0003814043  -0.0005875464  -0.0000951004   0.0001180163
     442   -0.0000704200   0.0003678686  -0.0004506047  -0.0011532673  -0.0005909085  -0.0000235026
     443    0.0001383553   0.0008174559  -0.0008173816  -0.0018703178  -0.0006843765   0.0000004145
     444    0.0002601436   0.0003002139  -0.0017540224  -0.0021650330  -0.0005884343   0.0000796129
     445   -0.0002614316  -0.0012508522  -0.0026344573  -0.0013850748  -0.0005178215  -0.0000629200
     446   -0.0007117812  -0.0017872735  -0.0027921406  -0.0000594518  -0.0002875860  -0.0004290828
     447   -0.0003670810  -0.0012795562  -0.0022081200   0.0013621424  -0.0001219546  -0.0007308328
     448    0.0000770586  -0.0000078443  -0.0012444637   0.0023335503  -0.0001427129  -0.0006245212
     449    0.0000574703   0.0003639848  -0.0005581228   0.0019585800   0.0001339378  -0.0002481914
     450   -0.0003078782  -0.0004718963  -0.0004512048   0.0008286816   0.0002631755   0.0000657716
     451   -0.0009025533  -0.0013038455  -0.0003874034  -0.0004596975   0.0001490717   0.0000354089
     452   -0.0005006824   0.0004033221  -0.0003514999  -0.0012135934  -0.0010933834  -0.0008479119
     453   -0.0001140809   0.0005736212  -0.0004150827  -0.0010251894  -0.0006089538  -0.0006777819
     454    0.0004293978   0.0004448614  -0.0005050938  -0.0011075601  -0.0003478671  -0.0004726992
     455    0.0010079119   0.0000407490  -0.0007863216  -0.0017147149  -0.0003271073  -0.0001731032
     456    0.0013452502  -0.0006370670  -0.0010865925  -0.0018225540  -0.0004128959  -0.0000516156
     457    0.0012481441  -0.0009439867  -0.0010370164  -0.0002005569  -0.0003775006  -0.0001678539
     458    0.0008686993  -0.0005922465  -0.0007146088   0.0017482560  -0.0001714641  -0.0000985293
     459    0.0003918242  -0.0001031589  -0.0003007859   0.0021775202   0.0000329059   0.0003912874
     460   -0.0001534849  -0.0000641563   0.0000714450   0.0016845566   0.0000873259   0.0006117800
     461   -0.0006791543  -0.0004781441   0.0001472042   0.0010134428  -0.0000352863   0.0002556438
     462   -0.0011237735  -0.0008704047   0.0001372828   0.0003263534  -0.0004467929  -0.0003236930
     463   -0.0005726136   0.0008854349  -0.0005558408  -0.0004548301   0.0003933173  -0.0013702972
     464   -0.0001654935   0.0008046388  -0.0003297029  -0.0005916287  -0.0000789997  -0.0007482743
     465    0.0001653134   0.0003474101  -0.0004256941  -0.0006714328   0.0000228123  -0.0005393262
     466    0.0004928892  -0.0002019899  -0.0005299550  -0.0010312643   0.0000321883  -0.0004463334
     467    0.0008135161  -0.0002553924  -0.0005148218  -0.0012423695  -0.0003620756  -0.0002984173
     468    0.0008558561  -0.0000597351  -0.0002658823  -0.0004081638  -0.0001553902   0.0001011965
     469    0.0004880662  -0.0000822191  -0.0000487878   0.0009976268  -0.0000002605   0.0008196722
     470    0.0002364994  -0.0000900734   0.0000403603   0.0018004409  -0.0002092103   0.0009600886
     471    0.0001100424  -0.0001492832   0.0002088839   0.0015011108  -0.0002779680   0.0005879068
     472   -0.0001455102   0.0000069880   0.0003260807   0.0011458038  -0.0002796798   0.0001511675
     473   -0.0004616965   0.0006306405   0.0002037391   0.0013623414  -0.0002298680  -0.0004052712
     474   -0.0003918889   0.0012139266  -0.0002645121   0.0002695206   0.0029931106  -0.0004108880
     475    0.0000472380   0.0008834887   0.0002473877  -0.0002312085   0.0007441681  -0.0001530164
     476    0.0002904206   0.0003021600  -0.0003642821  -0.0002655931   0.0001704873  -0.0006871899
     477    0.0003994888  -0.0002315347  -0.0005018324  -0.0007193953   0.0001290466  -0.0009397765
     478    0.0000883330  -0.0000153428  -0.0003461429  -0.0010311070  -0.0003132493  -0.0004313281
     479   -0.0002182807   0.0007363664   0.0001118977  -0.0006720560   0.0006308416   0.0005542364
     480   -0.0002443357   0.0002663869   0.0003867012   0.0005269238   0.0003409388   0.0016889206
     481    0.0002332971   0.0000093558   0.0001450371   0.0014044983  -0.0009317205   0.0010536929
     482    0.0008105314   0.0000473122  -0.0001846626   0.0009368869  -0.0008972298  -0.0003563496
     483    0.0006222845   0.0005956032  -0.0000508246   0.0007045982  -0.0003048482  -0.0002283413
     484    0.0001565297   0.0025011559   0.0000638983   0.0012934619  -0.0000811894  -0.0001035522
     485    0.0006125557   0.0012283616  -0.0008484545   0.0002893552   0.0016659875  -0.0005483871
     486    0.0000164181  -0.0005793541   0.0001196696  -0.0002314205   0.0005422489  -0.0014139018
     487    0.0003188621  -0.0009157740  -0.0000405051  -0.0000426148  -0.0002242515  -0.0008644737
     488    0.0005593248   0.0003303628  -0.0002314970   0.0001779204  -0.0009203445  -0.0008011657
     489   -0.0000739697   0.0005793408  -0.0006752892  -0.0007215383  -0.0011813452  -0.0005170981
     490   -0.0005397066  -0.0006186025  -0.0007436267  -0.0009548159  -0.0014915548  -0.0001508021
     491   -0.0005248572  -0.0001781709  -0.0004293254  -0.0005961045  -0.0000997886  -0.0000376396
     492   -0.0000167732   0.0007767685  -0.0004711578   0.0000297270   0.0008563810  -0.0004297795
     493    0.0001070967   0.0001447138  -0.0006969760   0.0000243326   0.0007369494  -0.0007201472
     494    0.0002724964   0.0003375709  -0.0007167500  -0.0009690825   0.0008183541   0.0004114544
     495    0.0004786812   0.0018376265  -0.0004135739  -0.0022687220   0.0017336139   0.0012677700
     496    0.0001999864   0.0003961906   0.0007223407   0.0003571277   0.0006525484  -0.0016810324
     497    0.0002400998  -0.0004241501   0.0002924748   0.0000649598   0.0002534254  -0.0009214715
     498    0.0003207422  -0.0006637837   0.0000800175   0.0004808998  -0.0005215683  -0.0009456325
     499    0.0005529652  -0.0000962583  -0.0002410590   0.0006206596  -0.0011074407  -0.0012679129
     500    0.0005650341   0.0000016146  -0.0006107794  -0.0001202230  -0.0011228646  -0.0012712974
     501    0.0004131203  -0.0004764233  -0.0006688767  -0.0007125671  -0.0008970967  -0.0006696847
     502    0.0003759913  -0.0002432681  -0.0004555856  -0.0008443528  -0.0003849509  -0.0000984471
     503    0.0003077878   0.0003705900  -0.0004652457  -0.0007336339   0.0000359190  -0.0001525333
     504    0.0000265074   0.0001835917  -0.0006341444  -0.0008098683   0.0003343827  -0.0002910054
     505   -0.0002347262  -0.0000023645  -0.0006545923  -0.0011069401   0.0007746658  -0.0001410210
     506   -0.0004966040   0.0002921676  -0.0006147833  -0.0012269773   0.0012611012  -0.0003314878
     507   -0.0002424427  -0.0002005809   0.0010245202   0.0000248942   0.0007999586  -0.0008241430
     508   -0.0001709022  -0.0002547267   0.0004493665   0.0003975325   0.0000372787  -0.0008681893
     509    0.0000935964  -0.0004028450  -0.0000791170   0.0010732652  -0.0007938488  -0.0010580219
     510    0.0004840276  -0.0004698329  -0.0004829541   0.0013685432  -0.0013520081  -0.0017012282
     511    0.0007980868  -0.0005169812  -0.0007170833   0.0004504727  -0.0011651485  -0.0022160342
     512    0.0009286520  -0.0007650025  -0.0007561842  -0.0006260764  -0.0005349266  -0.0019977526
     513    0.0009273668  -0.0004892340  -0.0007057610  -0.0013038305  -0.0000014014  -0.0012894539
     514    0.0005810203   0.0001465442  -0.0006444882  -0.0015479122   0.0000471024  -0.0005831342
     515   -0.0000040905   0.0002789903  -0.0006182714  -0.0014907422   0.0003115999  -0.0001845004
     516   -0.0004662603  -0.0001253013  -0.0005354652  -0.0014513581   0.0005819683  -0.0000893067
     517   -0.0008770247  -0.0007926213  -0.0003701869  -0.0013196178   0.0003276442   0.0001245245
     518   -0.0009939647  -0.0002130535   0.0006117184  -0.0000415192   0.0007175480   0.0003376188
     519   -0.0006900012   0.0000117904   0.0000426103   0.0002926324  -0.0001214541  -0.0001041895
     520   -0.0003850947  -0.0000415782  -0.0005198855   0.0011641321  -0.0012666149  -0.0007665957
     521   -0.0002999399  -0.0006262672  -0.0009190749   0.0015469165  -0.0019352746  -0.0018557676
     522   -0.0004289437  -0.0011282956  -0.0010849921   0.0004178426  -0.0013794667  -0.0026334454
     523   -0.0004675160  -0.0013154741  -0.0011240556  -0.0004570382  -0.0002437889  -0.0027909048
     524   -0.0002983756  -0.0009180375  -0.0011509394  -0.0010468316   0.0008252531  -0.0024117719
     525   -0.0002031456   0.0000907652  -0.0010161457  -0.0017325131   0.0011089025  -0.0014736725
     526   -0.0002595380   0.0005573076  -0.0007406783  -0.0015179603   0.0008170978  -0.0005505408
     527   -0.0002576884   0.0000633141  -0.0004338775  -0.0009359921   0.0006760102  -0.0000423011
     528   -0.0002037880  -0.0008643995   0.0000012429  -0.0007019547   0.0007684336   0.0001354420
     529   -0.0007577226  -0.0005110812  -0.0001741998  -0.0003426310  -0.0000156041   0.0007568602
     530   -0.0006060939   0.0002515921  -0.0005305878  -0.0000470461  -0.0007983357   0.0005772775
     531   -0.0007414605   0.0004776006  -0.0009122004   0.0004760420  -0.0019709071  -0.0001979044
     532   -0.0013013460  -0.0006175839  -0.0013554485   0.0006401013  -0.0025064289  -0.0012037106
     533   -0.0018637625  -0.0015979420  -0.0016317681  -0.0000241560  -0.0015067661  -0.0017045337
     534   -0.0020753344  -0.0015286038  -0.0016875786  -0.0002205091  -0.0001025290  -0.0017915910
     535   -0.0019220109  -0.0012927636  -0.0015404055  -0.0002595597   0.0012523059  -0.0017450360
     536   -0.0013912825  -0.0000372936  -0.0012238083  -0.0008846052   0.0019470968  -0.0014038485
     537   -0.0006515459   0.0009596093  -0.0007925326  -0.0007459705   0.0014233927  -0.0006646067
     538    0.0000055233   0.0005938511  -0.0003077908  -0.0001136833   0.0009194395  -0.0000747893
     539    0.0005675709   0.0000887052   0.0001799669   0.0001814010   0.0010237596   0.0003575665
     540   -0.0001951716  -0.0002440461  -0.0007763487  -0.0004412259  -0.0006135255   0.0002776619
     541   -0.0005685758   0.0004306997  -0.0008414419  -0.0003655732  -0.0013344451   0.0004325702
     542   -0.0011499668   0.0008485121  -0.0010922173  -0.0003312643  -0.0024463922   0.0005122243
     543   -0.0017243670  -0.0003635244  -0.0015670539  -0.0002849400  -0.0029554466   0.0002339632
     544   -0.0019563435  -0.0016779702  -0.0019781881  -0.0002222477  -0.0016680851  -0.0001489946
     545   -0.0019998811  -0.0015693488  -0.0020416776  -0.0001113373   0.0000427154  -0.0004436564
     546   -0.0020053317  -0.0014252736  -0.0016591736   0.0002652724   0.0014356048  -0.0004367912
     547   -0.0015681757  -0.0001621897  -0.0011353199   0.0003966734   0.0021764331  -0.0002392551
     548   -0.0007088946   0.0010366361  -0.0006447210   0.0004059295   0.0016815033  -0.0001208295
     549    0.0001319019   0.0008678706  -0.0001626919   0.0001637129   0.0009670677   0.0000481584
     550    0.0010710002   0.0005467500   0.0002738913  -0.0005491040   0.0007648212   0.0003610055
     551    0.0001981913   0.0004537437  -0.0010754708  -0.0002055228  -0.0003867459  -0.0002261420
     552   -0.0003618493   0.0004202302  -0.0009449215  -0.0007485389  -0.0011513432   0.0006047059
     553   -0.0008502230   0.0008633216  -0.0010555795  -0.0013022302  -0.0023606176   0.0012964226
     554   -0.0013240826   0.0000396130  -0.0014388250  -0.0012101179  -0.0030835384   0.0017917246
     555   -0.0015930158  -0.0013579502  -0.0017715311  -0.0005730836  -0.0018389479   0.0017337510
     556   -0.0016000242  -0.0015091456  -0.0017459903  -0.0000309584   0.0000888809   0.0013211064
     557   -0.0013497456  -0.0012973216  -0.0013047808   0.0007522757   0.0015919130   0.0010501295
     558   -0.0008681647  -0.0001903122  -0.0007238774   0.0015175115   0.0020653449   0.0008027404
     559   -0.0003278847   0.0006327831  -0.0002795486   0.0013509519   0.0013502947   0.0003378046
     560   -0.0000297143   0.0003008220   0.0000069386   0.0002206330   0.0007903080   0.0000496777
     561   -0.0000246164  -0.0002390805   0.0003053122  -0.0009158730   0.0004397266   0.0000332137
     562   -0.0001938345   0.0002220848  -0.0011622476  -0.0002943714  -0.0005612200   0.0006586134
     563   -0.0000874613   0.0002702929  -0.0009576854  -0.0007860498  -0.0007702767   0.0006499170
     564   -0.0000162413   0.0005958227  -0.0009044632  -0.0013421278  -0.0016169540   0.0011736973
     565    0.0000151862   0.0002274640  -0.0010573347  -0.0016285613  -0.0022959555   0.0022156052
     566   -0.0002524815  -0.0008041235  -0.0011523023  -0.0012590042  -0.0015051494   0.0028030067
     567   -0.0004490541  -0.0012096912  -0.0009969547  -0.0001799971  -0.0000325349   0.0026504981
     568   -0.0001826719  -0.0009654142  -0.0006439284   0.0011603961   0.0010721740   0.0019814661
     569    0.0000960014  -0.0002196652  -0.0002223796   0.0018914472   0.0013191384   0.0010809931
     570   -0.0000232748   0.0000743442  -0.0000003819   0.0014895356   0.0008717293   0.0004886205
     571   -0.0004018325  -0.0004484015   0.0000060016   0.0004039243   0.0004575346   0.0001738249
     572   -0.0010330446  -0.0009758249  -0.0001767073  -0.0009985051   0.0001219559  -0.0000569717
     573   -0.0006568047   0.0002836645  -0.0008687737  -0.0003213834  -0.0002607868  -0.0000488627
     574   -0.0003692777   0.0003539476  -0.0006712027  -0.0005566626  -0.0003316663   0.0000822424
     575    0.0000587150   0.0003379649  -0.0006282359  -0.0007108727  -0.0006483288   0.0004405062
     576    0.0004963528   0.0000988347  -0.0006633200  -0.0011372737  -0.0009362435   0.0011330680
     577    0.0007707673  -0.0004069492  -0.0005764520  -0.0013181848  -0.0006091885   0.0017616962
     578    0.0008034679  -0.0007104079  -0.0003661585  -0.0002256693  -0.0000139908   0.0019323896
     579    0.0006146975  -0.0005556021  -0.0001244598   0.0012898101   0.0002953813   0.0016160410
     580    0.0002842545  -0.0002749636   0.0000598990   0.0017667053   0.0005281837   0.0011693189
     581   -0.0001202184  -0.0001848650   0.0000546564   0.0014025003   0.0005194257   0.0008073468
     582   -0.0004881823  -0.0005439200  -0.0001584480   0.0009718824   0.0001087741   0.0005842884
     583   -0.0006168363  -0.0010478310  -0.0004748825   0.0004848474  -0.0003063569   0.0002130670
     584   -0.0008542785   0.0003351129   0.0002746150   0.0004572044   0.0015777723  -0.0003904801
     585   -0.0004404861   0.0003287651  -0.0000636301  -0.0002253359   0.0002418969  -0.0000999024
     586   -0.0001003829   0.0002771619  -0.0002457118  -0.0005361784  -0.0002408567   0.0000702140
     587    0.0001854191   0.0000163965  -0.0004034365  -0.0008111875  -0.0000162701   0.0001111300
     588    0.0004993427  -0.0001157456  -0.0002488665  -0.0008670088   0.0002751803   0.0003104329
     589    0.0007264928  -0.0002715763   0.0000243189  -0.0000879316   0.0004850818   0.0008253370
     590    0.0005463593  -0.0003533582   0.0001052883   0.0007306785   0.0001324428   0.0013689993
     591    0.0001336409  -0.0000365064   0.0000742542   0.0012980412  -0.0001456592   0.0010263568
     592   -0.0000426496  -0.0000575153   0.0000536535   0.0015167384   0.0000517040   0.0002876983
     593   -0.0000841434  -0.0003071660  -0.0000436036   0.0011581975  -0.0003137459   0.0003805122
     594   -0.0003105745  -0.0000355995  -0.0001858287   0.0008068749  -0.0010021671   0.0010676505
     595   -0.0000436713  -0.0002480246   0.0015903186   0.0012390715   0.0033034034  -0.0000953970
     596   -0.0001026941  -0.0001265615   0.0003713345   0.0002073472   0.0006920657   0.0000660514
     597   -0.0000307975   0.0003230923   0.0001466073  -0.0003657238  -0.0001715463  -0.0001996869
     598    0.0001369579   0.0000072125  -0.0001466271  -0.0008556148   0.0004054376  -0.0001954348
     599    0.0000639291   0.0003807864   0.0000149482  -0.0006088644   0.0009141905  -0.0004759377
     600    0.0001320050   0.0000284815   0.0003866705  -0.0001551236   0.0014112624   0.0004552130
     601    0.0003146126  -0.0004022124   0.0001624377  -0.0000560958   0.0002518596   0.0016676827
     602    0.0004085718   0.0004535220  -0.0002030865   0.0005810306  -0.0009054103   0.0004119367
     603    0.0003979425   0.0002222215   0.0001284133   0.0012454437  -0.0005994616  -0.0011364727
     604    0.0005341311   0.0000911889   0.0003548363   0.0010763418  -0.0005097404  -0.0004430334
     605    0.0009301891   0.0008950227   0.0003726058  -0.0003899207  -0.0022942338   0.0007476098
     606    0.0008290356   0.0005370056   0.0013977996   0.0012501764   0.0016346160  -0.0032560631
     607    0.0005111356  -0.0008742644   0.0004510258  -0.0000306865   0.0007749067  -0.0014060465
     608    0.0003693831  -0.0014463219   0.0002282062   0.0000211915  -0.0001539041  -0.0009543217
     609    0.0002857816   0.0000186986   0.0001151820  -0.0001484880  -0.0011131395  -0.0004690047
     610    0.0002406139   0.0008482204  -0.0002423014  -0.0005678894  -0.0022511928  -0.0000135813
     611    0.0002370856  -0.0000059203  -0.0002084454  -0.0011685154  -0.0007904280   0.0002142233
     612    0.0003576154   0.0000308884   0.0002548433  -0.0006737475   0.0005386505  -0.0000586310
     613    0.0002109666   0.0004767798   0.0001895742  -0.0000574950   0.0000395226   0.0000145693
     614   -0.0001147494   0.0004023779  -0.0005668255  -0.0000401194  -0.0003325368   0.0002163235
     615   -0.0004786173   0.0003573043  -0.0011844819  -0.0001135484   0.0004827538   0.0000049227
     616   -0.0014172210   0.0010476105  -0.0019331609   0.0003498570   0.0018344117  -0.0004092011
     617    0.0010276777  -0.0001247684   0.0009220511   0.0007147273   0.0011448160  -0.0011347982
     618    0.0004327258  -0.0007555177   0.0005413790   0.0001603954   0.0002516168  -0.0012108255
     619    0.0001855550  -0.0011121290   0.0001916667   0.0001205903  -0.0004168397  -0.0012238769
     620    0.0002843552  -0.0003967106   0.0000003309   0.0002862165  -0.0012240987  -0.0012932362
     621    0.0003216688   0.0003399778  -0.0002093386  -0.0001629015  -0.0015180372  -0.0008585710
     622    0.0002799201   0.0000052719  -0.0002208885  -0.0008597717  -0.0006007680  -0.0003991471
     623    0.0002516820  -0.0001953659   0.0000181806  -0.0010350398   0.0000970514  -0.0003135164
     624    0.0001168173   0.0002909955   0.0000275421  -0.0007937401  -0.0001116132  -0.0002319171
     625   -0.0002318055   0.0004454046  -0.0002979067  -0.0009028079  -0.0000243747  -0.0000429606
     626   -0.0007318075   0.0002845687  -0.0006991000  -0.0010432546   0.0004692069   0.0000954335
     627   -0.0014140668   0.0002660135  -0.0011219163  -0.0008747965   0.0009581356   0.0000907022
     628    0.0002186005  -0.0005206447   0.0010267879  -0.0000617090   0.0001138279  -0.0007518254
     629    0.0000217949  -0.0006138789   0.0004721167   0.0001372086  -0.0002450441  -0.0010038060
     630   -0.0000130369  -0.0007657986   0.0001409763   0.0005059771  -0.0008713332  -0.0014121213
     631    0.0000780811  -0.0006627522   0.0000282288   0.0007981614  -0.0012345537  -0.0017958503
     632    0.0000983025  -0.0002212422   0.0000302740   0.0003583295  -0.0009984162  -0.0016496803
     633    0.0000793231  -0.0002626828   0.0000157713  -0.0005151915  -0.0004205442  -0.0012862505
     634    0.0001355236  -0.0003378632  -0.0000644652  -0.0009956670   0.0000085713  -0.0011428260
     635    0.0000284351   0.0001305447  -0.0001649293  -0.0010243481   0.0000554383  -0.0008147626
     636   -0.0003281316   0.0003971823  -0.0002193035  -0.0012005760   0.0003844396  -0.0002053481
     637   -0.0006629166   0.0002377806  -0.0002968536  -0.0014301752   0.0007273612   0.0002732407
     638   -0.0008786422  -0.0002390310  -0.0004180688  -0.0014436403   0.0007381118   0.0005722399
     639   -0.0012046228  -0.0003343602   0.0006496517  -0.0005396271  -0.0002652426  -0.0003716385
     640   -0.0006634935  -0.0002636308   0.0002202606  -0.0000826158  -0.0007847610  -0.0005158754
     641   -0.0003565062  -0.0003963347  -0.0000642386   0.0003888746  -0.0013275130  -0.0010416509
     642   -0.0004400851  -0.0006923799   0.0001100999   0.0007418003  -0.0013522513  -0.0019081770
     643   -0.0006036055  -0.0007098767   0.0004769825   0.0003907083  -0.0008319416  -0.0024091064
     644   -0.0006598153  -0.0007825272   0.0005555559  -0.0003246459  -0.0001730881  -0.0024278558
     645   -0.0005943047  -0.0005273312   0.0002280383  -0.0006740037   0.0003839328  -0.0020496207
     646   -0.0005043070   0.0001157888  -0.0001631208  -0.0008674682   0.0007283643  -0.0011721904
     647   -0.0003715258   0.0004239200  -0.0002021154  -0.0008923239   0.0009692505  -0.0002699580
     648   -0.0000981859   0.0003877468  -0.0000735585  -0.0005918704   0.0012179888   0.0003096420
     649    0.0001971001   0.0001082129  -0.0000946755   0.0000693309   0.0015525795   0.0009288425
     650   -0.0009758240  -0.0001971646  -0.0000805277  -0.0003626788  -0.0004933528   0.0005646405
     651   -0.0006626015   0.0001568724  -0.0002339588  -0.0001977629  -0.0012146598   0.0002004064
     652   -0.0005453014   0.0000619341  -0.0002436492  -0.0002559176  -0.0018545731  -0.0003632365
     653   -0.0007555915  -0.0005215735   0.0001901225  -0.0000712835  -0.0018502432  -0.0013236502
     654   -0.0011262338  -0.0009552867   0.0007761464  -0.0000617997  -0.0011099162  -0.0021727657
     655   -0.0014055988  -0.0011676797   0.0009412205  -0.0002963638   0.0000916219  -0.0023670371
     656   -0.0013819686  -0.0006929039   0.0005990479  -0.0002576770   0.0010721102  -0.0018471927
     657   -0.0010156863   0.0001199583   0.0001305342  -0.0003757753   0.0014273468  -0.0009886229
     658   -0.0003836230   0.0006465091  -0.0000552695  -0.0001031189   0.0014059078  -0.0003042374
     659    0.0003838822   0.0008873157   0.0000013841   0.0004169696   0.0013201680   0.0000927581
     660    0.0011879465   0.0008632352   0.0001817113   0.0006494294   0.0013233264   0.0003195585
     661    0.0001946860   0.0004020247  -0.0006490965  -0.0002723835  -0.0008987628   0.0001568840
     662   -0.0003487484   0.0004692810  -0.0005101861  -0.0003056051  -0.0014963412   0.0004051196
     663   -0.0006927307   0.0003050864  -0.0003263529  -0.0006220783  -0.0022549060   0.0003517935
     664   -0.0009049848  -0.0002450853   0.0001972163  -0.0008278533  -0.0025284951   0.0000103271
     665   -0.0011954508  -0.0007986299   0.0008071270  -0.0007007887  -0.0016054040  -0.0004246896
     666   -0.0014142885  -0.0011199408   0.0009926996  -0.0001900989   0.0003277697  -0.0005768339
     667   -0.0013164438  -0.0007582186   0.0007339910   0.0006470002   0.0017630898  -0.0004090492
     668   -0.0008543954   0.0000253058   0.0003535630   0.0008756594   0.0018633541  -0.0001451459
     669   -0.0002589787   0.0006446603   0.0000965478   0.0008145700   0.0015135870   0.0000357774
     670    0.0002564881   0.0009929134   0.0001160576   0.0005410807   0.0010403803   0.0002175138
     671    0.0007919625   0.0010735883   0.0002123296  -0.0001218776   0.0004625057   0.0003679189
     672    0.0003690210   0.0009294952  -0.0005425512  -0.0000900121  -0.0008110046   0.0004211880
     673   -0.0000231088   0.0005454450  -0.0006096485  -0.0004730029  -0.0011721321   0.0006775872
     674   -0.0004471330   0.0002315114  -0.0004870314  -0.0008509195  -0.0020504499   0.0011123403
     675   -0.0006684220  -0.0000678533   0.0000605465  -0.0011768772  -0.0026287299   0.0014408310
     676   -0.0007513770  -0.0003941070   0.0006351945  -0.0011026172  -0.0017198834   0.0016880851
     677   -0.0006961970  -0.0006953523   0.0008245455  -0.0002559630   0.0002483867   0.0017048862
     678   -0.0005624877  -0.0006402430   0.0006795816   0.0009012500   0.0017487534   0.0013180600
     679   -0.0003848034  -0.0001825258   0.0004196154   0.0014099111   0.0018128658   0.0008382024
     680   -0.0002004291   0.0001304872   0.0002640555   0.0010396240   0.0012361278   0.0005133822
     681   -0.0003357983   0.0002939397   0.0002673077  -0.0000839446   0.0007101043   0.0003808718
     682   -0.0007400989   0.0003859476   0.0003263305  -0.0017413049   0.0005201257   0.0003815753
     683    0.0001670389   0.0005878076  -0.0005837836   0.0003989834  -0.0003339477   0.0010267965
     684   -0.0000559679   0.0002354777  -0.0007140069  -0.0001733699  -0.0004185999   0.0009492507
     685   -0.0001359037   0.0000894182  -0.0005708121  -0.0005928813  -0.0011663966   0.0012537040
     686   -0.0001828836   0.0000159050  -0.0001164899  -0.0007421050  -0.0017326411   0.0019498832
     687   -0.0001320547  -0.0001128287   0.0003512928  -0.0007540372  -0.0011321910   0.0025143874
     688   -0.0000492825  -0.0004238340   0.0005140782  -0.0002175419   0.0000451902   0.0025676462
     689    0.0000102979  -0.0005498068   0.0004933870   0.0005873760   0.0009798416   0.0019295513
     690   -0.0000634943  -0.0003070124   0.0004039127   0.0010421933   0.0011736403   0.0010492409
     691   -0.0002946586  -0.0003167792   0.0003009310   0.0009503794   0.0007947390   0.0005067296
     692   -0.0006031868  -0.0005103439   0.0001615245   0.0000226623   0.0003685240   0.0001553126
     693   -0.0009735398  -0.0007333525   0.0000348722  -0.0012435155   0.0000872281  -0.0003577041
     694   -0.0011921624  -0.0000679698  -0.0006226482   0.0005992976   0.0006122787   0.0009551932
     695   -0.0006791712  -0.0000916149  -0.0004875344  -0.0000395959   0.0000923987   0.0009496909
     696   -0.0003276205   0.0000657623  -0.0003549496  -0.0003146899  -0.0003519254   0.0008730754
     697   -0.0001226477   0.0001578254  -0.0001476246  -0.0003434894  -0.0004539289   0.0011352046
     698   -0.0000017178  -0.0000270743   0.0001187897  -0.0002772414  -0.0001467429   0.0016184800
     699    0.0001349424  -0.0004630264   0.0002600641   0.0001515807   0.0002814580   0.0018682295
     700    0.0001810258  -0.0005960479   0.0003338518   0.0007145720   0.0004631158   0.0016326510
     701    0.0000390286  -0.0003256102   0.0002545536   0.0009284277   0.0004962945   0.0010785165
     702   -0.0002209692  -0.0002661327   0.0000025725   0.0009999041   0.0003330950   0.0006254023
     703   -0.0002512983  -0.0006373932  -0.0001054231   0.0009687182   0.0000322353   0.0004012978
     704   -0.0001913500  -0.0011740299  -0.0001916877   0.0006161290  -0.0002518457   0.0005385077
     705   -0.0011927953  -0.0008911594  -0.0003852852   0.0005682658   0.0013674619   0.0008509446
     706   -0.0007406194  -0.0002963155  -0.0001315130  -0.0000469885   0.0001242555   0.0009600657
     707   -0.0002487757   0.0001488297  -0.0000985940  -0.0004981623  -0.0002361648   0.0008550943
     708   -0.0000428722   0.0004746444  -0.0000868952  -0.0006511268   0.0002291540   0.0004473883
     709    0.0000242227   0.0001993944   0.0000222897  -0.0002711694   0.0008175489   0.0004967951
     710    0.0001856908  -0.0006033475   0.0001154998   0.0003864122   0.0009675558   0.0010206548
     711    0.0002750794  -0.0007553112   0.0001684041   0.0006192535   0.0005276005   0.0013866606
     712    0.0001014996  -0.0001070023   0.0001222033   0.0007836782  -0.0000429435   0.0011294473
     713   -0.0000510608   0.0000581344  -0.0000835158   0.0012449129  -0.0001644408   0.0006364941
     714    0.0000399790  -0.0007043290  -0.0000942896   0.0012342817  -0.0002824161   0.0007050245
     715    0.0004690679  -0.0016380200   0.0002221019   0.0007830018  -0.0010417776   0.0012138082
     716   -0.0008746526  -0.0015591797  -0.0003430249   0.0013949637   0.0012330339   0.0003641399
     717   -0.0004839786  -0.0003708148   0.0002144319   0.0003654657  -0.0003589786   0.0008425761
     718    0.0001220689   0.0002379227   0.0000598657  -0.0005999751  -0.0004665449   0.0012345160
     719    0.0002234216   0.0008022153  -0.0001231942  -0.0010899761   0.0004443604   0.0003388353
     720    0.0000723093   0.0007867879   0.0000304420  -0.0006593302   0.0016055554  -0.0003426275
     721    0.0001585400  -0.0008241480  -0.0000053981   0.0003913126   0.0019105799   0.0003945758
     722    0.0003025292  -0.0009739711  -0.0001020106   0.0000406083   0.0006410474   0.0013312629
     723    0.0000875685   0.0003403993   0.0001268669   0.0005145248  -0.0006338947   0.0008232902
     724    0.0000360526   0.0003570348   0.0001758344   0.0018218202  -0.0005288519   0.0002232285
     725    0.0004433451  -0.0009763382   0.0002597971   0.0010919770  -0.0009192370   0.0006001098
     726    0.0004827503  -0.0030884607   0.0002968507  -0.0010434126  -0.0022570658   0.0019729011
     727    0.0024704828   0.0002494509   0.0013553131   0.0026219156   0.0015773638   0.0017901265
     728    0.0011660346  -0.0010718372   0.0013205937   0.0008120033  -0.0009193827  -0.0006629271
     729    0.0002570670  -0.0020611243   0.0011105124  -0.0002780808  -0.0012909358  -0.0012656049
     730   -0.0001512051  -0.0010243084   0.0004510619  -0.0001262840  -0.0012546043  -0.0005322920
     731    0.0001076185   0.0015043509  -0.0003458281  -0.0004696573  -0.0025384061   0.0003061772
     732    0.0010301207   0.0011687774  -0.0005765033  -0.0016841785  -0.0004242578   0.0002399793
     733    0.0010403673  -0.0002364566   0.0000979238  -0.0009684576   0.0010644799  -0.0007855598
     734    0.0000036890  -0.0002427835   0.0003069368   0.0005471162  -0.0005599987  -0.0001435898
     735   -0.0004119731   0.0011155361  -0.0001800025   0.0001222779  -0.0005548729   0.0004893808
     736   -0.0010768454   0.0003819784  -0.0007816073  -0.0001598726   0.0005125556   0.0001771050
     737   -0.0031424176  -0.0001587096  -0.0023016201   0.0013299047   0.0014837936  -0.0007606047
     738    0.0021845092  -0.0007103690   0.0010315007   0.0013115709   0.0004186985  -0.0000288824
     739    0.0009815606  -0.0010467616   0.0007246808   0.0004813634  -0.0005853864  -0.0010115153
     740    0.0001591614  -0.0016422402   0.0002639815  -0.0003156391  -0.0007271411  -0.0012480245
     741   -0.0000037609  -0.0008716851   0.0000865753   0.0003171035  -0.0013532866  -0.0011299006
     742    0.0001358350   0.0006865597  -0.0001149320  -0.0000971617  -0.0012776164  -0.0005055761
     743    0.0004160166   0.0007349280  -0.0001472396  -0.0011112066  -0.0002079572  -0.0005965210
     744    0.0001631055  -0.0003394715   0.0002349806  -0.0013373874   0.0000791084  -0.0007596298
     745   -0.0002137940   0.0001372803   0.0003295682  -0.0006391674  -0.0005314091  -0.0004665331
     746   -0.0004736544   0.0007836759   0.0002892645  -0.0008981975  -0.0001677270  -0.0000820106
     747   -0.0011808473   0.0003665739  -0.0002797783  -0.0009453645   0.0000823094   0.0001659594
     748   -0.0017753863  -0.0001010609  -0.0010866686  -0.0009187705  -0.0003828041   0.0000692565
     749    0.0008449684  -0.0009448517   0.0006097351  -0.0004888776  -0.0004036534  -0.0007187273
     750    0.0002704361  -0.0009360980   0.0000803431  -0.0004488194  -0.0004599871  -0.0010089996
     751    0.0000052491  -0.0011512627   0.0000752145  -0.0001208234  -0.0010265666  -0.0013631183
     752   -0.0002097359  -0.0008262799   0.0002693444   0.0004549201  -0.0007188322  -0.0013860572
     753   -0.0004847065   0.0000670671   0.0001476476   0.0006177341  -0.0004188807  -0.0008294301
     754   -0.0006231303   0.0001236410  -0.0000383516  -0.0005679008  -0.0002431451  -0.0003805511
     755   -0.0004544342  -0.0001554391   0.0000866405  -0.0010058043  -0.0002341912  -0.0005931890
     756   -0.0003570420   0.0000519356   0.0003536225  -0.0006798893  -0.0003225834  -0.0008088768
     757   -0.0006242830   0.0006673115   0.0004018553  -0.0008669863   0.0003055555  -0.0001976506
     758   -0.0007554220   0.0004192832   0.0000671249  -0.0012304379   0.0001812695   0.0006638728
     759   -0.0009058879   0.0002314387  -0.0004587710  -0.0010628868  -0.0006059082   0.0011270318
     760   -0.0012802348  -0.0002945232   0.0006029040  -0.0017378477  -0.0006420204  -0.0006246594
     761   -0.0006392061  -0.0003667841   0.0003457899  -0.0007094321  -0.0009805184  -0.0007447990
     762   -0.0003720434  -0.0005366573   0.0002694817  -0.0002302620  -0.0010416821  -0.0011389082
     763   -0.0006201485  -0.0006810316   0.0003464116   0.0001766702  -0.0002370940  -0.0010985141
     764   -0.0010683240  -0.0004728109   0.0000381632   0.0003736207   0.0000501268  -0.0007667177
     765   -0.0012602697  -0.0002828627  -0.0002573070  -0.0001178754  -0.0001039002  -0.0006774861
     766   -0.0010941916  -0.0004559538  -0.0001950024  -0.0004227999  -0.0001762187  -0.0007991862
     767   -0.0007398634   0.0002390253  -0.0000445252  -0.0002160592   0.0002419613  -0.0004345340
     768   -0.0003275566   0.0005419710   0.0001819099  -0.0004865130   0.0008727835   0.0005213205
     769    0.0000255743   0.0008445413   0.0000329557  -0.0001295294   0.0008567484   0.0009189572
     770    0.0003648892   0.0008880946  -0.0000257119   0.0003653543   0.0008449421   0.0012328144
     771   -0.0013452297   0.0003206024   0.0005223464  -0.0010334853  -0.0001841941   0.0004727398
     772   -0.0007268120   0.0002994142   0.0002306656  -0.0004171637  -0.0009246016   0.0000476502
     773   -0.0004313821  -0.0000276673   0.0001492319  -0.0009116792  -0.0010661677  -0.0001765971
     774   -0.0004511191  -0.0005665141  -0.0000245384  -0.0009540015  -0.0004791489  -0.0006234921
     775   -0.0006463093  -0.0005024228  -0.0003072037  -0.0004655121   0.0000329972  -0.0010444361
     776   -0.0009712416  -0.0006093607  -0.0005127133  -0.0003877508   0.0002051743  -0.0011335079
     777   -0.0009383510  -0.0005111317  -0.0005148907   0.0002075546   0.0002722844  -0.0007737380
     778   -0.0006725019   0.0002164244  -0.0001733112   0.0003994044   0.0007207987  -0.0000469507
     779   -0.0002550691   0.0006836341   0.0001245772   0.0003422396   0.0009526907   0.0001846563
     780    0.0006537054   0.0012406199   0.0001496537   0.0006530843   0.0009480989   0.0000475569
     781    0.0017426460   0.0011279070   0.0000577529   0.0009072423   0.0012239307  -0.0001295831
     782    0.0002667300   0.0008969162   0.0004729928  -0.0004086599  -0.0003741053   0.0012866620
     783   -0.0002056134   0.0006450520   0.0003199976  -0.0004073912  -0.0009964309   0.0007707673
     784   -0.0002702641   0.0000986868  -0.0001293131  -0.0010196974  -0.0013908174   0.0001810399
     785   -0.0000917525  -0.0004197533  -0.0004129735  -0.0014773169  -0.0008064404   0.0000176791
     786   -0.0001821215  -0.0000601561  -0.0005574002  -0.0010819435  -0.0000149342  -0.0004124300
     787   -0.0003271386  -0.0003147201  -0.0006846410  -0.0002326265   0.0002410476  -0.0006281428
     788   -0.0004408098  -0.0003611807  -0.0006671572   0.0011459358   0.0007534097  -0.0003304963
     789   -0.0003829900  -0.0000633097  -0.0000584739   0.0012691107   0.0007147594  -0.0002242558
     790    0.0000369606   0.0005764782   0.0002707746   0.0012475430   0.0008615275  -0.0000801354
     791    0.0004631627   0.0009075965   0.0000244164   0.0008015265   0.0008997094   0.0001472763
     792    0.0009045963   0.0009692494   0.0000527156   0.0000179079   0.0008601820   0.0001683160
     793    0.0011182639   0.0016686823   0.0012563523  -0.0000024760  -0.0007029244   0.0006255288
     794    0.0006044548   0.0008347290   0.0002980187  -0.0001360457  -0.0008494176   0.0003389427
     795   -0.0000057283  -0.0002116138  -0.0004628834  -0.0005756537  -0.0010617571   0.0006359282
     796   -0.0001220833  -0.0003385646  -0.0005395307  -0.0011027400  -0.0004727618   0.0007695511
     797   -0.0001119376   0.0004398850  -0.0003932868  -0.0012262248  -0.0003421888   0.0006729129
     798   -0.0000613131   0.0002621114  -0.0005738391  -0.0004028810   0.0000114053   0.0007498994
     799    0.0000237565  -0.0002531286  -0.0005204782   0.0004820593   0.0008461544   0.0004350545
     800    0.0000686634  -0.0002659330   0.0000908182   0.0011955560   0.0007439609   0.0001904395
     801    0.0000534893  -0.0001126630   0.0002155470   0.0009628461   0.0007585258   0.0004724312
     802   -0.0004605807   0.0000290433   0.0002764809  -0.0001782047   0.0008133868   0.0005153064
     803   -0.0010285640   0.0003815838   0.0004951702  -0.0013772323   0.0002877221   0.0008338507
     804    0.0003849678   0.0011004545   0.0007732263   0.0012903150   0.0001067757   0.0006282553
     805   -0.0002115866   0.0001927841  -0.0000474833   0.0005386504   0.0000265371   0.0007060691
     806   -0.0001544597  -0.0005065863  -0.0003840617  -0.0001600251  -0.0002131077   0.0009738017
     807   -0.0003271200  -0.0000887078  -0.0002366091  -0.0001625415  -0.0002063741   0.0011807921
     808   -0.0002006100   0.0004387429  -0.0000071593  -0.0000874987  -0.0003897204   0.0013863795
     809    0.0001207525   0.0002821520  -0.0001587266  -0.0000871784   0.0001567474   0.0012702413
     810    0.0001339794  -0.0003298283  -0.0000083439   0.0001329643   0.0007225625   0.0007590613
     811   -0.0001309006  -0.0003176737   0.0003080396   0.0004522057   0.0006314825   0.0006432035
     812   -0.0006006805  -0.0005301075   0.0003628196   0.0006603503   0.0004301205   0.0003961438
     813   -0.0009733551  -0.0006779338   0.0002551229  -0.0000439612  -0.0000438201   0.0001101838
     814   -0.0018267899  -0.0003209195  -0.0001692982  -0.0019403640  -0.0006046287   0.0001883366
     815   -0.0016463519  -0.0007626744  -0.0001206755   0.0011672069   0.0011291258   0.0017477912
     816   -0.0008304702  -0.0006678907  -0.0000152294   0.0001159539   0.0003516998   0.0014388055
     817   -0.0006830498  -0.0002176006  -0.0000761228   0.0000007146   0.0000639362   0.0007001709
     818   -0.0004933304   0.0002396434   0.0000822116   0.0002534928   0.0001433667   0.0005294627
     819   -0.0003062182   0.0003909359   0.0000486404   0.0007666600   0.0000985864   0.0008362508
     820   -0.0002334458  -0.0002781641   0.0000858235   0.0006740035   0.0004053034   0.0011204369
     821   -0.0001141838  -0.0007036097   0.0003817484   0.0004351475   0.0005646609   0.0011602302
     822   -0.0001421981  -0.0003718116   0.0003934860   0.0003518708   0.0001232247   0.0008098013
     823   -0.0002866383  -0.0004486453   0.0002355474   0.0005266582  -0.0002494532   0.0002826471
     824   -0.0002671351  -0.0005854243   0.0000057832   0.0006322713  -0.0002997409   0.0004784702
     825    0.0005211112  -0.0008810768   0.0001259246   0.0005084734  -0.0001741315   0.0000137807
     826   -0.0017836419  -0.0011308921   0.0003426864   0.0000671012   0.0001028653   0.0017054459
     827   -0.0009814693  -0.0005109154   0.0001886313  -0.0001030641  -0.0006974020   0.0013008411
     828   -0.0000610010   0.0000362428  -0.0000669816  -0.0006737360  -0.0002138037   0.0009081076
     829   -0.0000483473   0.0008715809  -0.0000731459  -0.0006063081   0.0003243147   0.0002397738
     830   -0.0004543201   0.0007253661  -0.0000644242   0.0002283873   0.0006366568   0.0003108202
     831   -0.0003237589  -0.0009413046   0.0000643364   0.0009369982   0.0008779423   0.0008773393
     832    0.0000079999  -0.0011911100   0.0003354679   0.0004977611   0.0004855406   0.0009430759
     833    0.0000906174  -0.0003142174   0.0003265158   0.0004360512  -0.0001869211   0.0006757479
     834    0.0001170356  -0.0000456337  -0.0000143753   0.0009624904  -0.0006090561   0.0009965775
     835    0.0004974339  -0.0006796691   0.0001917582   0.0012869332  -0.0000946795   0.0005888989
     836    0.0008454412  -0.0020379264   0.0006031082   0.0013553847   0.0013195497   0.0000411182
     837   -0.0025316561  -0.0000069519   0.0016138908   0.0008124632  -0.0036112669  -0.0003348060
     838   -0.0003091979  -0.0005800984   0.0001182437   0.0001813793  -0.0015892357   0.0014385603
     839    0.0006891981   0.0000949807  -0.0004268363  -0.0009694662  -0.0007485472   0.0017912006
     840    0.0003551907   0.0017545756  -0.0000628199  -0.0018330232   0.0000433292   0.0004832940
     841   -0.0001119937   0.0013345516   0.0000225240  -0.0004219610   0.0015306186  -0.0005539978
     842   -0.0002722328  -0.0013988674  -0.0000416601   0.0011260573   0.0015939290  -0.0001361580
     843   -0.0002647958  -0.0018738903   0.0001968689   0.0006500881   0.0007509271   0.0003966400
     844    0.0001532277  -0.0000840707   0.0002739843   0.0006705077  -0.0002568677   0.0010336963
     845    0.0004719067   0.0006648472   0.0001952816   0.0015584652  -0.0013121769   0.0012456638
     846    0.0000206478  -0.0014257804   0.0000381464   0.0008987367   0.0005862779   0.0008762529
     847   -0.0013346147  -0.0052406396  -0.0003015635  -0.0024513546   0.0038030425   0.0010613795
