Principal Nodal Strains (computed using Matlab)
    NODE       EPEL1          EPEL2          EPEL3          EPELINT        EPELEQV
       1    0.0068848904   0.0000792839  -0.0034671463   0.0103520367   0.0070092523
       2    0.0037643962   0.0004352329  -0.0015722194   0.0053366156   0.0035912722
       3    0.0018429105   0.0015912550  -0.0023613375   0.0042042481   0.0031417225
       4    0.0011495347   0.0001301846  -0.0022176002   0.0033671349   0.0023005509
       5    0.0003648213  -0.0012023210  -0.0019814951   0.0023463165   0.0015921635
       6    0.0001473068  -0.0011265740  -0.0017578014   0.0019051082   0.0012929780
       7    0.0002612075  -0.0005285937  -0.0009825147   0.0012437223   0.0008385454
       8    0.0008652635  -0.0003660291  -0.0007402847   0.0016055482   0.0011192154
       9    0.0003600333  -0.0002732802  -0.0009727062   0.0013327395   0.0008881996
      10    0.0010999720   0.0001513643  -0.0006703008   0.0017702728   0.0011803189
      11    0.0034562007   0.0013134011   0.0000233939   0.0034328068   0.0023102467
      12    0.0033412645   0.0004963485  -0.0006438886   0.0039851531   0.0027345658
      13    0.0023403293   0.0004387586  -0.0007310004   0.0030713297   0.0020653075
      14    0.0014330361   0.0004586502  -0.0012662838   0.0026993199   0.0018212384
      15    0.0006411767  -0.0001112367  -0.0012161026   0.0018572793   0.0012446740
      16    0.0001777413  -0.0008940053  -0.0012399802   0.0014177215   0.0009848368
      17   -0.0000494132  -0.0006329254  -0.0009913635   0.0009419503   0.0006334453
      18    0.0002290585  -0.0003582924  -0.0007149566   0.0009440151   0.0006351059
      19    0.0003422982  -0.0000741112  -0.0006276938   0.0009699919   0.0006483330
      20    0.0004499514   0.0000157273  -0.0006697566   0.0011197079   0.0007521536
      21    0.0007946605   0.0003322124  -0.0002498747   0.0010445352   0.0006973614
      22    0.0009437997   0.0008318007  -0.0004156045   0.0013594042   0.0010053913
      23    0.0014230771   0.0003245968  -0.0006883243   0.0021114014   0.0014069443
      24    0.0010804698  -0.0000126986  -0.0007859891   0.0018664589   0.0012494572
      25    0.0008112802  -0.0000648155  -0.0008432722   0.0016545524   0.0011028583
      26    0.0005923524  -0.0002831803  -0.0012662627   0.0018586151   0.0012388507
      27    0.0004976502  -0.0003816104  -0.0012012942   0.0016989444   0.0011320235
      28    0.0002778878  -0.0004940899  -0.0008907248   0.0011686126   0.0007917706
      29   -0.0000565567  -0.0002899467  -0.0007013721   0.0006448154   0.0004349824
      30   -0.0000355792  -0.0002224030  -0.0008705668   0.0008349875   0.0005838617
      31    0.0000993351  -0.0000448471  -0.0008064105   0.0009057456   0.0006484260
      32    0.0000628670  -0.0001284410  -0.0005266910   0.0005895580   0.0004007317
      33    0.0006986364  -0.0002379651  -0.0008084867   0.0015071231   0.0010138300
      34    0.0006258357  -0.0005786910  -0.0010546654   0.0016805011   0.0011540410
      35    0.0006357512  -0.0002566653  -0.0008428943   0.0014786455   0.0009920489
      36    0.0007398181  -0.0004949728  -0.0009428289   0.0016826470   0.0011610779
      37    0.0006126813  -0.0005619594  -0.0013327876   0.0019454688   0.0013052926
      38    0.0003606180  -0.0003006056  -0.0011905706   0.0015511886   0.0010370989
      39    0.0000146126  -0.0001866297  -0.0010365893   0.0010512019   0.0007434040
      40   -0.0002077640  -0.0007260643  -0.0009396065   0.0007318425   0.0005014266
      41   -0.0002676503  -0.0008540131  -0.0009730646   0.0007054144   0.0005031275
      42   -0.0001186856  -0.0003475205  -0.0007015555   0.0005828699   0.0003912669
      43    0.0004351655  -0.0002906894  -0.0007370739   0.0011722394   0.0007882776
      44    0.0007443628  -0.0005887878  -0.0011622939   0.0019066567   0.0013033343
      45    0.0015291680  -0.0000525596  -0.0005597663   0.0020889343   0.0014516637
      46    0.0009822285  -0.0001115407  -0.0005812696   0.0015634981   0.0010688575
      47    0.0007727784  -0.0005697072  -0.0010633155   0.0018360939   0.0012659816
      48    0.0003216894  -0.0007214110  -0.0009155535   0.0012372429   0.0008865397
      49   -0.0000866006  -0.0005248217  -0.0009018836   0.0008152830   0.0005436290
      50    0.0000981822  -0.0006848748  -0.0011933414   0.0012915236   0.0008668363
      51   -0.0002292055  -0.0007431048  -0.0012271806   0.0009979751   0.0006649234
      52   -0.0002395164  -0.0002488788  -0.0011271065   0.0008875901   0.0006791893
      53    0.0002718981  -0.0001673780  -0.0008388907   0.0011107887   0.0007453494
      54    0.0005526803  -0.0003394919  -0.0006035687   0.0011562490   0.0008072562
      55    0.0011468751  -0.0006537456  -0.0010928557   0.0022397309   0.0015812742
      56    0.0022308210   0.0005072434  -0.0000097286   0.0022405496   0.0015630764
      57    0.0012168634  -0.0002929278  -0.0006190349   0.0018358984   0.0013050129
      58    0.0005387878  -0.0006456263  -0.0010542300   0.0015930178   0.0011023777
      59    0.0000384666  -0.0006351692  -0.0007258657   0.0007643323   0.0005563551
      60   -0.0001173679  -0.0002555738  -0.0006813678   0.0005639999   0.0003916651
      61    0.0001063590  -0.0002563928  -0.0009283808   0.0010347398   0.0006995018
      62    0.0000749041  -0.0002493797  -0.0012238157   0.0012987198   0.0009005847
      63    0.0001809332  -0.0000396673  -0.0010839822   0.0012649153   0.0009002414
      64    0.0001659666   0.0000565182  -0.0008843615   0.0010503281   0.0007693120
      65    0.0004195663   0.0000604213  -0.0007989921   0.0012185583   0.0008342627
      66    0.0008810023   0.0000511041  -0.0003965546   0.0012775569   0.0008636788
      67    0.0011545837   0.0006639536  -0.0008424306   0.0019970143   0.0013865347
      68    0.0004422509   0.0001863447  -0.0010539818   0.0014962328   0.0010662397
      69    0.0002892692  -0.0001963599  -0.0009438690   0.0012331381   0.0008276357
      70   -0.0001314978  -0.0003818622  -0.0006200343   0.0004885366   0.0003254839
      71    0.0002612177  -0.0001794404  -0.0007480533   0.0010092710   0.0006741482
      72    0.0006577363  -0.0004536591  -0.0009072801   0.0015650164   0.0010728285
      73    0.0004477552  -0.0002388193  -0.0008512073   0.0012989625   0.0008658045
      74    0.0002174099  -0.0000072037  -0.0006778058   0.0008952156   0.0006205479
      75    0.0003603714  -0.0000075057  -0.0007294484   0.0010898198   0.0007386703
      76    0.0008812634  -0.0001627430  -0.0007397220   0.0016209854   0.0010946951
      77    0.0013608151  -0.0002251636  -0.0005775848   0.0019384000   0.0013757111
      78    0.0007260005  -0.0004733974  -0.0020170559   0.0027430564   0.0018321420
      79    0.0006775478  -0.0001077980  -0.0012702516   0.0019477995   0.0013056533
      80    0.0004541321  -0.0000039550  -0.0010012031   0.0014553352   0.0009914350
      81    0.0002272726  -0.0004325601  -0.0006231113   0.0008503839   0.0005945616
      82    0.0002408463  -0.0001539697  -0.0009684791   0.0012093254   0.0008216330
      83    0.0006068139  -0.0003157594  -0.0011143232   0.0017211371   0.0011475673
      84    0.0003588407  -0.0004968806  -0.0009174182   0.0012762589   0.0008665287
      85    0.0001244012  -0.0003616402  -0.0007964735   0.0009208747   0.0006137783
      86    0.0004012842  -0.0006122775  -0.0007533444   0.0011546286   0.0008391977
      87    0.0014634934  -0.0006112543  -0.0008187778   0.0022822712   0.0016814693
      88    0.0026656905  -0.0003574733  -0.0007974298   0.0034631204   0.0025118821
      89    0.0008774338  -0.0003826640  -0.0014008946   0.0022783284   0.0015206099
      90    0.0007350399  -0.0000462277  -0.0005380691   0.0012731090   0.0008553856
      91    0.0006058065  -0.0001366429  -0.0005994611   0.0012052676   0.0008100883
      92    0.0003193449  -0.0002741235  -0.0008230541   0.0011423990   0.0007612286
      93    0.0001443881  -0.0002812447  -0.0006366638   0.0007810519   0.0005210163
      94    0.0004251972  -0.0005265117  -0.0011184092   0.0015436065   0.0010375799
      95    0.0004150135  -0.0006603919  -0.0013766704   0.0017916839   0.0012015378
      96   -0.0001340478  -0.0003376932  -0.0012648691   0.0011308213   0.0008030790
      97    0.0008133564  -0.0006872752  -0.0013111067   0.0021244631   0.0014548841
      98    0.0019202251  -0.0005277536  -0.0014460978   0.0033663229   0.0023184420
      99    0.0025915426  -0.0001431471  -0.0018376774   0.0044292200   0.0029776261
     100    0.0023290324   0.0005402185  -0.0013341239   0.0036631563   0.0024405190
     101    0.0015053707   0.0003322934  -0.0007583202   0.0022636910   0.0015083442
     102    0.0008431646  -0.0000240340  -0.0007527446   0.0015959092   0.0010644857
     103    0.0000689144  -0.0003318382  -0.0011431250   0.0012120394   0.0008227225
     104    0.0000158966  -0.0004294745  -0.0010293095   0.0010452061   0.0006988184
     105    0.0004460350  -0.0000025512  -0.0009669870   0.0014130220   0.0009619994
     106    0.0003080527  -0.0004973461  -0.0009720738   0.0012801266   0.0008622178
     107    0.0000400113  -0.0004791949  -0.0009524681   0.0009924794   0.0006613994
     108    0.0013208728  -0.0005892427  -0.0012253242   0.0025461970   0.0017655698
     109    0.0018164023  -0.0004566409  -0.0015272033   0.0033436056   0.0022749294
     110    0.0021857024   0.0001734220  -0.0023828562   0.0045685585   0.0030506356
     111    0.0039466331  -0.0002874258  -0.0035787268   0.0075253599   0.0050262906
     112    0.0024037768   0.0006286235  -0.0013206973   0.0037244742   0.0024820497
     113    0.0018694481  -0.0001021972  -0.0011368438   0.0030062919   0.0020348785
     114    0.0000236008  -0.0006794255  -0.0018427016   0.0018663023   0.0012558198
     115    0.0002248125  -0.0006799898  -0.0010339741   0.0012587866   0.0008649171
     116    0.0006189548   0.0003145269  -0.0002074194   0.0008263742   0.0005568292
     117    0.0007277577   0.0001046147  -0.0012485251   0.0019762828   0.0013461526
     118    0.0009915214  -0.0004343636  -0.0008593834   0.0018509048   0.0012917167
     119    0.0014184964   0.0002468178  -0.0014286958   0.0028471922   0.0019065971
     120    0.0017390383   0.0001258219  -0.0010706168   0.0028096551   0.0018785691
     121    0.0045704050   0.0010906360  -0.0022136784   0.0067840833   0.0045198796
     122    0.0052040109   0.0013642213  -0.0009126961   0.0061167070   0.0041188857
     123    0.0031819168   0.0010516837  -0.0007825842   0.0039645010   0.0026434971
     124    0.0016422072   0.0010536651  -0.0013460738   0.0029882810   0.0021090781
     125    0.0011480683  -0.0001270648  -0.0009946535   0.0021427219   0.0014360049
     126    0.0005326199  -0.0007317195  -0.0013761036   0.0019087235   0.0012937046
     127    0.0003542062  -0.0001915484  -0.0014461335   0.0018003396   0.0012299341
     128    0.0009507740  -0.0001413581  -0.0013387274   0.0022895014   0.0015257419
     129    0.0005893918  -0.0004869219  -0.0012584954   0.0018478872   0.0012365805
     130    0.0000519441  -0.0005700283  -0.0013744587   0.0014264028   0.0009528194
     131    0.0006742298  -0.0002245273  -0.0010083503   0.0016825801   0.0011217614
     132    0.0015114118   0.0003125583  -0.0020125801   0.0035239920   0.0023872218
     133    0.0028440090   0.0009057480  -0.0004224132   0.0032664221   0.0021886191
     134    0.0018771527   0.0004590962  -0.0005525927   0.0024297454   0.0016261602
     135    0.0012036215   0.0003700665  -0.0006966470   0.0019002685   0.0012690807
     136    0.0006976656  -0.0000898159  -0.0006283929   0.0013260585   0.0008885570
     137    0.0002383815  -0.0002835011  -0.0008321543   0.0010705358   0.0007132368
     138   -0.0000725494  -0.0002944262  -0.0004538407   0.0003812913   0.0002551397
     139    0.0004339080  -0.0003458185  -0.0007405443   0.0011744523   0.0007962784
     140    0.0004024434  -0.0005448706  -0.0008642634   0.0012667069   0.0008777260
     141    0.0003926862  -0.0004628294  -0.0008101432   0.0012028294   0.0008247884
     142    0.0007345336  -0.0000763418  -0.0008270999   0.0015616336   0.0010405757
     143    0.0012739364   0.0001592138  -0.0012406410   0.0025145774   0.0016787305
     144    0.0010635626   0.0000566832  -0.0007039349   0.0017674975   0.0011812632
     145    0.0009716152  -0.0001147925  -0.0005380559   0.0015096711   0.0010375410
     146    0.0010008759  -0.0003090505  -0.0006187611   0.0016196370   0.0011454892
     147    0.0008721007  -0.0005610088  -0.0006574126   0.0015295133   0.0011412786
     148    0.0007922656  -0.0006352255  -0.0007775100   0.0015697756   0.0011566851
     149    0.0005235228  -0.0004587257  -0.0007912406   0.0013147634   0.0009108129
     150    0.0002530987  -0.0005379860  -0.0007550624   0.0010081611   0.0007069658
     151    0.0002586845  -0.0005334366  -0.0009115097   0.0011701942   0.0007956519
     152    0.0003292441  -0.0004276747  -0.0006479195   0.0009771636   0.0006829025
     153    0.0003137737  -0.0001931941  -0.0005511533   0.0008649270   0.0005790345
     154    0.0003402376  -0.0002110616  -0.0003927502   0.0007329878   0.0005085693
     155    0.0008439984  -0.0004078397  -0.0009503054   0.0017943038   0.0012260600
     156    0.0007528261  -0.0002759529  -0.0007512691   0.0015040952   0.0010243506
     157    0.0009923873  -0.0006712949  -0.0008254316   0.0018178189   0.0013429701
     158    0.0010441904  -0.0009271655  -0.0012622726   0.0023064630   0.0016603907
     159    0.0009111906  -0.0006509229  -0.0014676825   0.0023788731   0.0016104625
     160    0.0008736933  -0.0007110316  -0.0014236097   0.0022973030   0.0015667327
     161    0.0008016577  -0.0010585628  -0.0013318814   0.0021335391   0.0015468151
     162    0.0005256218  -0.0008513023  -0.0009721792   0.0014978010   0.0011085919
     163    0.0004184345  -0.0004688295  -0.0006974789   0.0011159134   0.0007853655
     164    0.0001915830  -0.0002469080  -0.0008420153   0.0010335983   0.0006911855
     165    0.0003143080  -0.0006213073  -0.0014513825   0.0017656906   0.0011769563
     166    0.0014093912   0.0001062259  -0.0008320323   0.0022414234   0.0014997581
     167    0.0007334482   0.0000196140  -0.0007536295   0.0014870776   0.0009909150
     168    0.0008980978  -0.0006203040  -0.0009991549   0.0018972527   0.0013377363
     169    0.0010044035  -0.0010314559  -0.0013832736   0.0023876770   0.0017174273
     170    0.0008760329  -0.0009189802  -0.0015891656   0.0024651984   0.0016982782
     171    0.0009355677  -0.0010126884  -0.0017179249   0.0026534926   0.0018311961
     172    0.0012570307  -0.0012286059  -0.0017409512   0.0029979819   0.0021365226
     173    0.0009483425  -0.0006235325  -0.0013179706   0.0022663131   0.0015470157
     174    0.0005778959  -0.0003355908  -0.0007137005   0.0012915964   0.0008847234
     175    0.0003034308  -0.0001905519  -0.0006138692   0.0009173000   0.0006116850
     176    0.0003770432  -0.0001402696  -0.0009621646   0.0013392078   0.0008998030
     177    0.0013157529   0.0002448024  -0.0000587292   0.0013744821   0.0009620410
     178    0.0005901244   0.0000166165  -0.0006303773   0.0012205018   0.0008135569
     179    0.0007884175  -0.0006082237  -0.0011652489   0.0019536664   0.0013409456
     180    0.0010689511  -0.0009654116  -0.0011260734   0.0021950244   0.0016302045
     181    0.0009744565  -0.0008608854  -0.0011381376   0.0021125941   0.0015296287
     182    0.0009453662  -0.0010562327  -0.0013263034   0.0022716696   0.0016533827
     183    0.0012703142  -0.0008770319  -0.0016445623   0.0029148765   0.0020130273
     184    0.0012059066  -0.0004816075  -0.0012900135   0.0024959202   0.0016967461
     185    0.0006561828  -0.0002279974  -0.0008864540   0.0015426367   0.0010313241
     186    0.0002237030  -0.0000681025  -0.0004934710   0.0007171740   0.0004805160
     187    0.0003356496   0.0001364732  -0.0002717561   0.0006074057   0.0004125488
     188    0.0006601711   0.0006450236  -0.0004793771   0.0011395481   0.0008708080
     189    0.0004899854   0.0001076729  -0.0006995475   0.0011895330   0.0008091116
     190    0.0005987510  -0.0004449280  -0.0009878868   0.0015866377   0.0010743774
     191    0.0010196425  -0.0007145343  -0.0010031458   0.0020227883   0.0014577216
     192    0.0014389766  -0.0007645354  -0.0011977819   0.0026367585   0.0018838824
     193    0.0014781965  -0.0008880726  -0.0014026972   0.0028808938   0.0020470514
     194    0.0013350008  -0.0006125246  -0.0014995072   0.0028345080   0.0019318285
     195    0.0011896647  -0.0004280909  -0.0011949783   0.0023846430   0.0016219438
     196    0.0007253151  -0.0002802553  -0.0008377087   0.0015630238   0.0010554129
     197    0.0006112488  -0.0001706461  -0.0005141540   0.0011254028   0.0007684398
     198    0.0008876194  -0.0000275419  -0.0002773327   0.0011649521   0.0008171659
     199    0.0008397526   0.0004330344  -0.0012597666   0.0020995192   0.0014835365
     200    0.0007347271  -0.0001444909  -0.0007710341   0.0015057612   0.0010077947
     201    0.0007678898  -0.0004533309  -0.0006154070   0.0013832968   0.0010075395
     202    0.0009871655  -0.0004835625  -0.0007775080   0.0017646735   0.0012596982
     203    0.0014031241  -0.0005493681  -0.0012230698   0.0026261939   0.0018173225
     204    0.0014375064  -0.0007442386  -0.0015289658   0.0029664722   0.0020479291
     205    0.0010603438  -0.0007536477  -0.0015177499   0.0025780937   0.0017642894
     206    0.0006935490  -0.0005677992  -0.0012797422   0.0019732912   0.0013314294
     207    0.0006324963  -0.0005725742  -0.0008966802   0.0015291766   0.0010735691
     208    0.0008811196  -0.0003844647  -0.0006721560   0.0015532757   0.0011009860
     209    0.0015425716   0.0000064903  -0.0005957739   0.0021383455   0.0014690887
     210    0.0006503381   0.0000114001  -0.0008234726   0.0014738107   0.0009847013
     211    0.0005845256  -0.0002857071  -0.0004530112   0.0010375367   0.0007421738
     212    0.0006771813  -0.0003073690  -0.0006279363   0.0013051176   0.0009061647
     213    0.0007057646  -0.0004562374  -0.0006026813   0.0013084459   0.0009551674
     214    0.0007147884  -0.0003674205  -0.0006964886   0.0014112770   0.0009837683
     215    0.0005416145  -0.0004416696  -0.0009876754   0.0015292899   0.0010325612
     216   -0.0000208160  -0.0004785742  -0.0010361307   0.0010153147   0.0006774639
     217    0.0000763926  -0.0007215122  -0.0009060529   0.0009824454   0.0006956981
     218    0.0006458914  -0.0005733936  -0.0011189898   0.0017648812   0.0012039306
     219    0.0010344413  -0.0002839730  -0.0014067083   0.0024411496   0.0016279695
     220    0.0017110715  -0.0005211178  -0.0017304071   0.0034414785   0.0023261330
     221    0.0012716659  -0.0000562210  -0.0014944470   0.0027661129   0.0018431994
     222    0.0008977826   0.0001518561  -0.0010399915   0.0019377740   0.0013022369
     223    0.0005172627  -0.0001435397  -0.0007922345   0.0013094972   0.0008723646
     224    0.0002550822  -0.0003683487  -0.0007307285   0.0009858107   0.0006643518
     225    0.0002263731  -0.0001509589  -0.0006981481   0.0009245212   0.0006193466
     226    0.0002113939  -0.0002545283  -0.0005087751   0.0007201690   0.0004866162
     227    0.0002771538  -0.0004367373  -0.0006752626   0.0009524163   0.0006602921
     228    0.0004752477  -0.0004343363  -0.0009205861   0.0013958338   0.0009440148
     229    0.0007327593  -0.0000223545  -0.0010841414   0.0018169007   0.0012161045
     230    0.0010717188   0.0002322995  -0.0012305885   0.0023023073   0.0015523684
     231    0.0017174118   0.0001192138  -0.0014741017   0.0031915135   0.0021261022
     232    0.0022646387   0.0001503342  -0.0031110295   0.0053756682   0.0036082001
     233    0.0016795451   0.0003299872  -0.0018822550   0.0035618001   0.0023958632
     234    0.0009209659  -0.0001019611  -0.0012193510   0.0021403169   0.0014262850
     235    0.0002622834  -0.0005115072  -0.0009431666   0.0012054499   0.0008137486
     236    0.0004734900  -0.0003459465  -0.0006571884   0.0011306784   0.0007781752
     237    0.0002682073   0.0000057913  -0.0005890582   0.0008572655   0.0005852255
     238    0.0011739659  -0.0003911699  -0.0006773772   0.0018513431   0.0013277908
     239    0.0013847338  -0.0001646931  -0.0008525436   0.0022372775   0.0015268090
     240    0.0009798136   0.0003122520  -0.0010041873   0.0019840009   0.0013450447
     241    0.0017462818   0.0007056008  -0.0008135382   0.0025598199   0.0017151844
     242    0.0031605510   0.0014634425  -0.0015852409   0.0047457919   0.0032039726
     243    0.0047197654   0.0022505296   0.0001777169   0.0045420485   0.0030296309
     244    0.0023677135   0.0016092099  -0.0002432557   0.0026109692   0.0017895254
     245    0.0013721847   0.0005004333  -0.0004721428   0.0018443275   0.0012292537
     246    0.0011911810   0.0001814280  -0.0008499549   0.0020411359   0.0013597759
     247    0.0008150109  -0.0000841016  -0.0009505577   0.0017655685   0.0011762418
     248    0.0006843522   0.0000603645  -0.0009554539   0.0016398062   0.0011027416
     249    0.0010244846  -0.0000504459  -0.0017135545   0.0027380391   0.0018379839
     250   -0.0000987237  -0.0004979313  -0.0015227606   0.0014240369   0.0009786966
     251   -0.0001995172  -0.0004614399  -0.0010728404   0.0008733233   0.0005971103
     252    0.0009883921  -0.0003357292  -0.0013015570   0.0022899490   0.0015317147
     253    0.0031142805  -0.0002761974  -0.0016377559   0.0047520363   0.0032604421
     254    0.0020372143   0.0014986442  -0.0001562649   0.0021934792   0.0015230121
     255    0.0014480026   0.0009502183  -0.0004905211   0.0019385237   0.0013413534
     256    0.0009037748   0.0006048691  -0.0006221635   0.0015259383   0.0010773957
     257    0.0005910630   0.0003431997  -0.0007830691   0.0013741320   0.0009757650
     258    0.0005125329  -0.0000575373  -0.0008263725   0.0013389054   0.0008952133
     259    0.0004036460  -0.0001523197  -0.0006001390   0.0010037849   0.0006699872
     260    0.0006914545  -0.0000918157  -0.0011927526   0.0018842071   0.0012611410
     261    0.0004689575  -0.0004324421  -0.0013450897   0.0018140472   0.0012084777
     262    0.0003249086  -0.0005037644  -0.0011943972   0.0015193058   0.0010135127
     263    0.0008495484  -0.0002562583  -0.0010640174   0.0019135658   0.0012799105
     264    0.0019175335   0.0000241248  -0.0007597177   0.0026772513   0.0018338597
     265    0.0006957242   0.0003033575  -0.0009289644   0.0016246886   0.0011295103
     266    0.0009495812   0.0001282160  -0.0007315196   0.0016811008   0.0011200018
     267    0.0009563241   0.0000232251  -0.0008089320   0.0017652562   0.0011766074
     268    0.0010167951  -0.0003735786  -0.0011062734   0.0021230685   0.0014367741
     269    0.0010051401  -0.0008077789  -0.0011045178   0.0021096579   0.0015215791
     270    0.0010400921  -0.0007687520  -0.0012995821   0.0023396743   0.0016343007
     271    0.0011836746  -0.0008552892  -0.0013097871   0.0024934617   0.0017693389
     272    0.0010646704  -0.0008622426  -0.0012362307   0.0023009010   0.0016450577
     273    0.0006698434  -0.0005279819  -0.0010822418   0.0017520853   0.0011931501
     274    0.0003787611  -0.0003471667  -0.0009333824   0.0013121436   0.0008757652
     275    0.0000733870  -0.0003705526  -0.0008331554   0.0009065424   0.0006039571
     276    0.0003946825   0.0000095344  -0.0013818035   0.0017764860   0.0012451162
     277    0.0007260470  -0.0002412516  -0.0009430650   0.0016691119   0.0011165966
     278    0.0011630358  -0.0006548257  -0.0009674467   0.0021304825   0.0015328077
     279    0.0010935394  -0.0011802446  -0.0017474871   0.0028410266   0.0020031993
     280    0.0002644406  -0.0012353997  -0.0022595766   0.0025240172   0.0016913566
     281    0.0001338058  -0.0013844211  -0.0023657869   0.0024995928   0.0016779157
     282    0.0006902160  -0.0016040945  -0.0021084302   0.0027986462   0.0019874336
     283    0.0010516010  -0.0009721534  -0.0014893753   0.0025409763   0.0017891571
     284    0.0010244226  -0.0005822622  -0.0009149136   0.0019393362   0.0013817404
     285    0.0003954718  -0.0004374223  -0.0009706087   0.0013660806   0.0009173180
     286   -0.0001238626  -0.0004895871  -0.0016397704   0.0015159078   0.0010539658
     287    0.0003739703  -0.0001263148  -0.0009748787   0.0013488490   0.0009084969
     288    0.0004593232  -0.0001646002  -0.0009076779   0.0013670011   0.0009118122
     289    0.0010702663  -0.0007798003  -0.0012494110   0.0023196773   0.0016339757
     290    0.0006523142  -0.0014552489  -0.0023537731   0.0030060872   0.0020558567
     291   -0.0005672259  -0.0017200137  -0.0028889530   0.0023217271   0.0015466853
     292   -0.0010849104  -0.0016644014  -0.0028792162   0.0017943058   0.0012200396
     293   -0.0002627637  -0.0017985074  -0.0028564826   0.0025937189   0.0017376102
     294    0.0007459713  -0.0011227376  -0.0019843052   0.0027302765   0.0018596288
     295    0.0011399835  -0.0007683683  -0.0009209919   0.0020609754   0.0015300462
     296    0.0004983074  -0.0002925104  -0.0008346380   0.0013329454   0.0008931095
     297    0.0001013515   0.0000674234  -0.0010333274   0.0011346789   0.0008600777
     298    0.0005780822  -0.0001596179  -0.0008501926   0.0014282747   0.0009516512
     299    0.0004580558  -0.0002052878  -0.0007497052   0.0012077610   0.0008058774
     300    0.0010595577  -0.0009017225  -0.0013783206   0.0024378783   0.0017215151
     301    0.0004955854  -0.0016991487  -0.0021819111   0.0026774965   0.0019013313
     302   -0.0010429631  -0.0018232750  -0.0023049387   0.0012619756   0.0008485053
     303   -0.0014982116  -0.0017066357  -0.0022851735   0.0007869619   0.0005432359
     304   -0.0006637425  -0.0016294983  -0.0027627044   0.0020989619   0.0013997550
     305    0.0006843112  -0.0013464490  -0.0021183189   0.0028026301   0.0019287996
     306    0.0010120908  -0.0006926271  -0.0011587652   0.0021708560   0.0015226071
     307    0.0003133301  -0.0001539479  -0.0006826075   0.0009959376   0.0006638870
     308    0.0006094255  -0.0003463309  -0.0005187124   0.0011281378   0.0008096826
     309    0.0007833643   0.0004880241  -0.0004779524   0.0012613167   0.0008789545
     310    0.0005992958  -0.0001355886  -0.0005927149   0.0011920107   0.0008012396
     311    0.0011424549  -0.0008523851  -0.0011163096   0.0022587645   0.0016454222
     312    0.0008446412  -0.0012710077  -0.0019717631   0.0028164044   0.0019535404
     313   -0.0002948971  -0.0014151837  -0.0026379563   0.0023430591   0.0015613813
     314   -0.0003960040  -0.0017741268  -0.0027623988   0.0023663948   0.0015835441
     315    0.0000589837  -0.0015228818  -0.0028069060   0.0028658898   0.0019126131
     316    0.0010997773  -0.0009900549  -0.0022472826   0.0033470598   0.0022526007
     317    0.0010995982  -0.0004679703  -0.0012502909   0.0023498890   0.0015943015
     318    0.0004262452  -0.0002747605  -0.0006719285   0.0010981737   0.0007408489
     319    0.0010552131  -0.0004464654  -0.0007672151   0.0018224282   0.0012962352
     320    0.0007473975   0.0003888524  -0.0004026350   0.0011500325   0.0007840083
     321    0.0008247456  -0.0000821263  -0.0005332886   0.0013580342   0.0009215085
     322    0.0012331753  -0.0003802388  -0.0007264558   0.0019596311   0.0013934680
     323    0.0015422863  -0.0005769002  -0.0013581126   0.0029003989   0.0019995235
     324    0.0011950578  -0.0011261550  -0.0020643395   0.0032593973   0.0022355314
     325    0.0009122700  -0.0014801017  -0.0025171393   0.0034294093   0.0023432982
     326    0.0010489759  -0.0013489458  -0.0024076360   0.0034566119   0.0023596095
     327    0.0013089914  -0.0008504100  -0.0017964919   0.0031054833   0.0021207702
     328    0.0010335024  -0.0006445467  -0.0010548543   0.0020883567   0.0014741796
     329    0.0003325256  -0.0003957503  -0.0008692700   0.0012017955   0.0008065778
     330    0.0001300017  -0.0002497595  -0.0011246472   0.0012546488   0.0008572335
     331    0.0005965350  -0.0001918983  -0.0007847840   0.0013813189   0.0009232664
     332    0.0007361928  -0.0000470004  -0.0006276985   0.0013638913   0.0009119200
     333    0.0009507553  -0.0001178216  -0.0006359893   0.0015867447   0.0010780369
     334    0.0013907705  -0.0005095069  -0.0006430747   0.0020338452   0.0015157380
     335    0.0014621843  -0.0006046728  -0.0009729229   0.0024351072   0.0017488165
     336    0.0011451527  -0.0006937858  -0.0012248674   0.0023700201   0.0016570397
     337    0.0008832722  -0.0008633052  -0.0011335800   0.0020168522   0.0014586281
     338    0.0007731333  -0.0007802450  -0.0008211268   0.0015942601   0.0012109365
     339    0.0007165589  -0.0002992295  -0.0010162940   0.0017328528   0.0011600840
     340    0.0004816350  -0.0000721022  -0.0012782934   0.0017599284   0.0011989727
     341    0.0010489395  -0.0010195162  -0.0014760595   0.0025249990   0.0017927006
     342    0.0009266594   0.0000610701  -0.0016699202   0.0025965797   0.0017615047
     343    0.0007881480   0.0000084768  -0.0011221702   0.0019103182   0.0012797426
     344    0.0005493273  -0.0001282157  -0.0006904943   0.0012398216   0.0008271251
     345    0.0006711819  -0.0003992595  -0.0005232044   0.0011943863   0.0008749921
     346    0.0008449383  -0.0003192465  -0.0006524497   0.0014973879   0.0010474710
     347    0.0005202858  -0.0001822322  -0.0004454666   0.0009657524   0.0006651737
     348    0.0005610312  -0.0003631696  -0.0004531557   0.0010141869   0.0007479399
     349    0.0009738987  -0.0002573624  -0.0010102684   0.0019841671   0.0013345423
     350    0.0007499467   0.0002200430  -0.0009576535   0.0017076002   0.0011645231
     351    0.0006797856   0.0005402185  -0.0009626554   0.0016424410   0.0012133042
     352    0.0012823991   0.0006972259  -0.0012877990   0.0025701981   0.0017948537
     353    0.0014658036  -0.0003384003  -0.0027532261   0.0042190297   0.0028204005
     354    0.0010638936   0.0000678714  -0.0018047730   0.0028686666   0.0019405441
     355    0.0006159556   0.0000159911  -0.0007590778   0.0013750334   0.0009184831
     356    0.0005727563  -0.0002188897  -0.0005878459   0.0011606022   0.0007900696
     357    0.0004932712  -0.0004744255  -0.0007647452   0.0012580164   0.0008776191
     358    0.0007882215  -0.0002179615  -0.0006704374   0.0014586588   0.0009947829
     359    0.0014547462  -0.0001494793  -0.0009655226   0.0024202688   0.0016405699
     360    0.0013920353   0.0000546822  -0.0012759726   0.0026680079   0.0017773577
     361    0.0010944999   0.0002949816  -0.0008037896   0.0018982895   0.0012698170
     362    0.0015588501   0.0007623166  -0.0007480530   0.0023069031   0.0015611296
     363    0.0031016784   0.0009119831  -0.0015565851   0.0046582636   0.0031050643
     364    0.0029021031   0.0013124264   0.0005047951   0.0023973080   0.0016251014
     365    0.0009347236   0.0004434988  -0.0000535944   0.0009883180   0.0006583950
     366    0.0010169660   0.0001444700  -0.0005779733   0.0015949393   0.0010640723
     367    0.0010573490   0.0001926028  -0.0002645501   0.0013218990   0.0008944589
     368    0.0004434382  -0.0001682827  -0.0004103565   0.0008537947   0.0005862749
     369    0.0000583731  -0.0004700519  -0.0012825998   0.0013409729   0.0008999795
     370    0.0002318925  -0.0007061740  -0.0016523934   0.0018842860   0.0012552651
     371    0.0003850299  -0.0003114492  -0.0013203682   0.0017053981   0.0011424286
     372    0.0004353430  -0.0001498052  -0.0013194833   0.0017548263   0.0011904403
     373    0.0014649382  -0.0000997005  -0.0004630078   0.0019279460   0.0013649308
     374    0.0047017604   0.0009729594  -0.0006752656   0.0053770260   0.0036703277
     375    0.0010216894   0.0008462960  -0.0000633537   0.0010850431   0.0007760361
     376    0.0008600479   0.0004624537  -0.0002243655   0.0010844134   0.0007309219
     377    0.0007842249   0.0000879014  -0.0004211184   0.0012053433   0.0008061927
     378    0.0009737818  -0.0003602626  -0.0005203392   0.0014941210   0.0010929707
     379    0.0007941235  -0.0004367727  -0.0007705291   0.0015646526   0.0010979589
     380    0.0007447834  -0.0003215812  -0.0011283156   0.0018730991   0.0012517980
     381    0.0007711554  -0.0001719474  -0.0012384796   0.0020096350   0.0013396068
     382    0.0005497432  -0.0000882517  -0.0011802993   0.0017300424   0.0011656641
     383    0.0003925317  -0.0003201252  -0.0010595313   0.0014520631   0.0009673805
     384    0.0007504548  -0.0004925584  -0.0007018711   0.0014523259   0.0010460046
     385    0.0015231067  -0.0002235930  -0.0003058141   0.0018289208   0.0013763290
     386    0.0009319841  -0.0003108886  -0.0006493744   0.0015813585   0.0011094004
     387    0.0006084763   0.0000428730  -0.0004490255   0.0010575018   0.0007050497
     388    0.0006914068  -0.0001508868  -0.0006178113   0.0013092182   0.0008840348
     389    0.0012465316  -0.0008784087  -0.0010525711   0.0022991027   0.0017055060
     390    0.0012764954  -0.0008557546  -0.0016395560   0.0029160514   0.0020106367
     391    0.0014196344  -0.0009657839  -0.0017786520   0.0031982864   0.0022147977
     392    0.0016967417  -0.0008736543  -0.0014945113   0.0031912530   0.0022542855
     393    0.0015757730  -0.0006374883  -0.0012736721   0.0028494451   0.0019927823
     394    0.0009695350  -0.0005808011  -0.0010932672   0.0020628022   0.0014309880
     395    0.0003496762  -0.0006965826  -0.0009392693   0.0012889456   0.0009125903
     396   -0.0002671400  -0.0006150922  -0.0013970415   0.0011299016   0.0007709966
     397    0.0006036821  -0.0003778192  -0.0010696718   0.0016733539   0.0011202966
     398    0.0005630878  -0.0004443566  -0.0007681142   0.0013312020   0.0009249759
     399    0.0008467608  -0.0007807442  -0.0008104015   0.0016571623   0.0012634880
     400    0.0006561531  -0.0014067267  -0.0018476239   0.0025037770   0.0017807952
     401   -0.0005167347  -0.0014831691  -0.0030035313   0.0024867966   0.0016702809
     402   -0.0006886395  -0.0017061139  -0.0033334662   0.0026448266   0.0017774589
     403   -0.0000068825  -0.0017199733  -0.0027136410   0.0027067586   0.0018242772
     404    0.0011470345  -0.0010900340  -0.0018160349   0.0029630694   0.0020576983
     405    0.0013905943  -0.0006805710  -0.0011342291   0.0025248234   0.0017933361
     406    0.0004172565  -0.0005627011  -0.0009132540   0.0013305105   0.0009188143
     407   -0.0000215721  -0.0004768137  -0.0015741360   0.0015525639   0.0010633507
     408    0.0000078683  -0.0004255929  -0.0013047827   0.0013126509   0.0008910993
     409    0.0004583819  -0.0003551283  -0.0010716344   0.0015300163   0.0010199388
     410    0.0009866259  -0.0009071604  -0.0014484884   0.0024351143   0.0017035678
     411   -0.0004729372  -0.0017750594  -0.0028862824   0.0024133452   0.0016093821
     412   -0.0018740290  -0.0023519937  -0.0045341975   0.0026601685   0.0018894726
     413   -0.0017179079  -0.0024989320  -0.0050876786   0.0033697708   0.0023500575
     414   -0.0019647295  -0.0022177025  -0.0041571621   0.0021924326   0.0015980998
     415   -0.0000396911  -0.0017077109  -0.0025707717   0.0025310806   0.0017143265
     416    0.0014546918  -0.0009963434  -0.0013254756   0.0027801674   0.0020239127
     417    0.0005390933  -0.0004114325  -0.0006809276   0.0012200209   0.0008539116
     418    0.0001510616  -0.0000582351  -0.0007110674   0.0008621289   0.0005991269
     419    0.0001961338  -0.0004763786  -0.0009999951   0.0011961288   0.0007988844
     420    0.0006543794  -0.0006933595  -0.0008623152   0.0015166947   0.0011074397
     421    0.0012424154  -0.0012558719  -0.0017280481   0.0029704636   0.0021267557
     422   -0.0004645697  -0.0021451727  -0.0035066903   0.0030421206   0.0020302924
     423   -0.0020167306  -0.0021670175  -0.0053762571   0.0033595265   0.0025284314
     424   -0.0016600526  -0.0019318291  -0.0058934027   0.0042333501   0.0031570894
     425   -0.0020009838  -0.0021462496  -0.0047625949   0.0027616111   0.0020707073
     426   -0.0003822503  -0.0019051328  -0.0029172710   0.0025350207   0.0017001501
     427    0.0012630582  -0.0009401909  -0.0014802533   0.0027433115   0.0019362420
     428    0.0005385918  -0.0000397054  -0.0006698817   0.0012084735   0.0008053001
     429    0.0010947237  -0.0001134708  -0.0005802291   0.0016749528   0.0011516728
     430    0.0003515830   0.0000752548  -0.0004033701   0.0007549531   0.0005089127
     431    0.0007122042  -0.0005877833  -0.0006488434   0.0013610477   0.0010242831
     432    0.0015211666  -0.0011966773  -0.0014414871   0.0029626537   0.0021908851
     433    0.0002443315  -0.0018144154  -0.0030409770   0.0032853084   0.0022118658
     434   -0.0018220957  -0.0020635303  -0.0046145259   0.0027924303   0.0020614478
     435   -0.0018962232  -0.0021142498  -0.0049765923   0.0030803691   0.0022902684
     436   -0.0016208585  -0.0019437124  -0.0040317087   0.0024108502   0.0017436412
     437    0.0001797857  -0.0013585944  -0.0024652215   0.0026450071   0.0017698410
     438    0.0013082649  -0.0005432281  -0.0012797904   0.0025880553   0.0017766217
     439    0.0004936325  -0.0000867578  -0.0008122391   0.0013058716   0.0008717249
     440    0.0010283870  -0.0005786103  -0.0011472874   0.0021756744   0.0015033880
     441    0.0004980293  -0.0002871926  -0.0003985697   0.0008965990   0.0006510956
     442    0.0008108336  -0.0003071851  -0.0006568047   0.0014676383   0.0010213928
     443    0.0015068945  -0.0004276785  -0.0009407865   0.0024476810   0.0017197938
     444    0.0013810088  -0.0007712357  -0.0018034379   0.0031844466   0.0021646910
     445    0.0000979795  -0.0015521931  -0.0026925276   0.0027905071   0.0018692753
     446   -0.0006896804  -0.0017671022  -0.0028344126   0.0021447322   0.0014287688
     447    0.0000511999  -0.0016219610  -0.0022839961   0.0023351960   0.0016035185
     448    0.0012326731  -0.0010249551  -0.0013829674   0.0026156405   0.0018894470
     449    0.0012024444  -0.0004926479  -0.0008464641   0.0020489084   0.0014591630
     450    0.0000562303  -0.0004570639  -0.0008301457   0.0008863760   0.0005929375
     451   -0.0003813793  -0.0007986094  -0.0014138136   0.0010324343   0.0006919824
     452    0.0008052624   0.0000036801  -0.0012578028   0.0020630653   0.0013856953
     453    0.0008576948   0.0000342017  -0.0008474388   0.0017051336   0.0011361348
     454    0.0009922112   0.0000380486  -0.0006610944   0.0016533056   0.0011057470
     455    0.0015086905  -0.0003765875  -0.0008697636   0.0023784542   0.0016724836
     456    0.0017014378  -0.0008326942  -0.0012471529   0.0029485907   0.0021267380
     457    0.0012552091  -0.0007964582  -0.0011916100   0.0024468191   0.0017500978
     458    0.0012806741  -0.0007069375  -0.0010118928   0.0022925668   0.0016587102
     459    0.0012777907  -0.0003001030  -0.0009898083   0.0022675991   0.0015487586
     460    0.0008157099   0.0000262844  -0.0009881904   0.0018039003   0.0012048236
     461    0.0001758603  -0.0000810186  -0.0011049359   0.0012807961   0.0009027951
     462    0.0002125084  -0.0008638280  -0.0012055758   0.0014180842   0.0009860348
     463    0.0009891589   0.0000175174  -0.0012496958   0.0022388547   0.0014957916
     464    0.0008913464   0.0000817550  -0.0006636591   0.0015550054   0.0010361973
     465    0.0006340812  -0.0000008965  -0.0005461553   0.0011802365   0.0007869990
     466    0.0007988632  -0.0004198392  -0.0006180796   0.0014169428   0.0010222758
     467    0.0011008016  -0.0003018413  -0.0007556584   0.0018564600   0.0012894429
     468    0.0009029873  -0.0000805754  -0.0002921732   0.0011951605   0.0008497437
     469    0.0009127624  -0.0000617827  -0.0004939205   0.0014066829   0.0009600355
     470    0.0010824046   0.0000983463  -0.0009939646   0.0020763692   0.0013838484
     471    0.0007777667   0.0002555435  -0.0008636671   0.0016414338   0.0011173265
     472    0.0005256838   0.0003314432  -0.0006695685   0.0011952523   0.0008545704
     473    0.0010038723   0.0001752975  -0.0008064867   0.0018103590   0.0012074517
     474    0.0021438901  -0.0003226976  -0.0012636668   0.0034075568   0.0023446352
     475    0.0010732350   0.0000839035   0.0000209760   0.0010522591   0.0007863454
     476    0.0005398324   0.0002008268  -0.0005123608   0.0010521932   0.0007155649
     477    0.0007321741  -0.0003467416  -0.0007193107   0.0014514848   0.0010043802
     478    0.0005582380  -0.0001470940  -0.0006842968   0.0012425348   0.0008302657
     479    0.0009106407   0.0002547356  -0.0005353929   0.0014460336   0.0009646914
     480    0.0010774914   0.0001749321  -0.0008436712   0.0019211626   0.0012806054
     481    0.0008580667   0.0005407429  -0.0010111197   0.0018691864   0.0013326609
     482    0.0011341872   0.0000900727  -0.0005510789   0.0016852661   0.0011333268
     483    0.0009953093   0.0002589944  -0.0000872406   0.0010825500   0.0007366068
     484    0.0026687623   0.0000805264  -0.0000277050   0.0026964673   0.0020338566
     485    0.0015235524   0.0006622797  -0.0011933692   0.0027169216   0.0018499070
     486    0.0008316589  -0.0005394274  -0.0007354978   0.0015671566   0.0011376168
     487    0.0006085854  -0.0003107286  -0.0009352738   0.0015438592   0.0010347078
     488    0.0008823315   0.0003528081  -0.0005769491   0.0014592806   0.0009842462
     489    0.0008794564   0.0000067626  -0.0010561371   0.0019355935   0.0012915145
     490    0.0002046652  -0.0005309327  -0.0015756683   0.0017803336   0.0011919559
     491   -0.0000040078  -0.0004257897  -0.0007025559   0.0006985481   0.0004686847
     492    0.0009122771   0.0000478242  -0.0006712638   0.0015835408   0.0010563933
     493    0.0003655749   0.0001364052  -0.0009471458   0.0013127207   0.0009342018
     494    0.0008093853   0.0000500526  -0.0009661205   0.0017755057   0.0011869127
     495    0.0025549923   0.0006527024  -0.0013049609   0.0038599532   0.0025714863
     496    0.0013683956   0.0004920726  -0.0005419505   0.0019103461   0.0012740663
     497    0.0007320293  -0.0001512391  -0.0004723657   0.0012043951   0.0008309567
     498    0.0007736344  -0.0002808359  -0.0007558225   0.0015294569   0.0010429757
     499    0.0011502932  -0.0001335463  -0.0008010991   0.0019513923   0.0013213990
     500    0.0008831547   0.0002175930  -0.0011448784   0.0020280331   0.0013773548
     501    0.0005664750  -0.0001195143  -0.0011791404   0.0017456154   0.0011717283
     502    0.0005917461  -0.0002635330  -0.0006510755   0.0012428216   0.0008472540
     503    0.0007109263  -0.0000246253  -0.0004731690   0.0011840953   0.0007964992
     504    0.0005586856  -0.0003073418  -0.0006753891   0.0012340747   0.0008441239
     505    0.0005484629  -0.0005351044  -0.0009050414   0.0014535043   0.0010064358
     506    0.0008949202  -0.0007108116  -0.0010033283   0.0018982484   0.0013617001
     507    0.0012471350  -0.0002070170  -0.0004586214   0.0017057564   0.0012268529
     508    0.0006788657  -0.0001311516  -0.0005239764   0.0012028422   0.0008172093
     509    0.0008873685  -0.0005219266  -0.0007538075   0.0016411760   0.0011833835
     510    0.0014391555  -0.0007365415  -0.0011713733   0.0026105288   0.0018635079
     511    0.0014963682  -0.0004427351  -0.0014896109   0.0029859791   0.0020185634
     512    0.0014067441  -0.0005657510  -0.0014335277   0.0028402717   0.0019392334
     513    0.0013585710  -0.0005777125  -0.0010484867   0.0024070577   0.0016996997
     514    0.0012008707  -0.0003630011  -0.0007547932   0.0019556639   0.0013785999
     515    0.0009169799  -0.0006006770  -0.0006596746   0.0015766545   0.0011907686
     516    0.0005128957  -0.0005566756  -0.0010832469   0.0015961427   0.0010836236
     517   -0.0001450766  -0.0003770776  -0.0015176787   0.0013726020   0.0009788944
     518    0.0007589611  -0.0003381494  -0.0010161115   0.0017750726   0.0011934445
     519    0.0001125542  -0.0000268451  -0.0007213094   0.0008338636   0.0005951086
     520    0.0008044055  -0.0007921299  -0.0009588340   0.0017632395   0.0012969843
     521    0.0011764107  -0.0012204384  -0.0018012543   0.0029776650   0.0021030213
     522    0.0007871087  -0.0011486301  -0.0022807100   0.0030678187   0.0020669419
     523    0.0006432774  -0.0012627776  -0.0022875455   0.0029308229   0.0019816404
     524    0.0008106900  -0.0011730534  -0.0020049891   0.0028156791   0.0019273340
     525    0.0011918197  -0.0008676745  -0.0014526712   0.0026444909   0.0018507211
     526    0.0011394998  -0.0007088577  -0.0008735507   0.0020130505   0.0014892039
     527    0.0004899148  -0.0003845452  -0.0007336214   0.0012235362   0.0008397618
     528    0.0001616558  -0.0000857914  -0.0011428089   0.0013044648   0.0009231001
     529    0.0000251816  -0.0004766888  -0.0009914965   0.0010166781   0.0006773021
     530    0.0004374163  -0.0004036398  -0.0009188661   0.0013562824   0.0009121688
     531    0.0010258558  -0.0007780753  -0.0014238408   0.0024496966   0.0016916252
     532    0.0005309372  -0.0014228342  -0.0023824815   0.0029134187   0.0019781464
     533   -0.0005491736  -0.0017016411  -0.0028426578   0.0022934842   0.0015278645
     534   -0.0009633782  -0.0015192663  -0.0028088723   0.0018454942   0.0012613912
     535   -0.0004400421  -0.0016214887  -0.0026936492   0.0022536071   0.0015018814
     536    0.0007636600  -0.0013277855  -0.0020882589   0.0028519188   0.0019676304
     537    0.0013215772  -0.0006705234  -0.0011355231   0.0024571002   0.0017390427
     538    0.0007925954   0.0000001472  -0.0005011591   0.0012937545   0.0008691087
     539    0.0008061820   0.0004127955  -0.0003827346   0.0011889166   0.0008069857
     540    0.0001131872  -0.0004105477  -0.0009182058   0.0010313930   0.0006871144
     541    0.0007648386  -0.0005878795  -0.0011562772   0.0019211158   0.0013148681
     542    0.0014655341  -0.0011308660  -0.0017283400   0.0031938741   0.0022623167
     543    0.0006444790  -0.0017382094  -0.0025612149   0.0032056938   0.0022182017
     544   -0.0009791851  -0.0019355236  -0.0026977931   0.0017186080   0.0011473215
     545   -0.0015559191  -0.0018106951  -0.0022442932   0.0006883741   0.0004637055
     546   -0.0008135333  -0.0018537806  -0.0024224650   0.0016089317   0.0010870646
     547    0.0005481813  -0.0014595337  -0.0019543330   0.0025025143   0.0017657427
     548    0.0013977820  -0.0006673424  -0.0010474190   0.0024452010   0.0017531211
     549    0.0010669375   0.0001243036  -0.0003541605   0.0014210980   0.0009633838
     550    0.0011888196   0.0007810142  -0.0000781923   0.0012670119   0.0008617205
     551    0.0005039776   0.0001839866  -0.0011115000   0.0016154776   0.0011397145
     552    0.0008094415  -0.0005068042  -0.0011891780   0.0019986195   0.0013535639
     553    0.0017202342  -0.0010062148  -0.0017565002   0.0034767344   0.0024376324
     554    0.0013791294  -0.0015037280  -0.0025986961   0.0039778255   0.0027376899
     555   -0.0001755843  -0.0017684631  -0.0027784495   0.0026028652   0.0017483925
     556   -0.0010077778  -0.0015075308  -0.0023398515   0.0013320737   0.0008965633
     557   -0.0001618100  -0.0016709969  -0.0021190411   0.0019572311   0.0013662394
     558    0.0009950690  -0.0011974444  -0.0015799790   0.0025750479   0.0018513005
     559    0.0012783543  -0.0004714057  -0.0007815988   0.0020599531   0.0014797735
     560    0.0005931507  -0.0000396144  -0.0002754900   0.0008686406   0.0005984609
     561    0.0004611614   0.0002185637  -0.0006381098   0.0010992712   0.0007694500
     562    0.0003626689  -0.0001988441  -0.0012978221   0.0016604910   0.0011253244
     563    0.0006764398  -0.0003357955  -0.0011154981   0.0017919379   0.0011970869
     564    0.0014501543  -0.0004449660  -0.0013300699   0.0027802242   0.0018924122
     565    0.0018244014  -0.0006969017  -0.0019421842   0.0037665857   0.0025567445
     566    0.0012208571  -0.0012051106  -0.0022246539   0.0034455110   0.0023581869
     567    0.0006337414  -0.0012109125  -0.0020785290   0.0027122704   0.0018455061
     568    0.0009313316  -0.0012736564  -0.0014496897   0.0023810213   0.0017677437
     569    0.0013478431  -0.0006247529  -0.0010691337   0.0024169768   0.0017140549
     570    0.0010073752  -0.0002115785  -0.0007451093   0.0017524844   0.0011968530
     571    0.0001493760  -0.0003419151  -0.0006516932   0.0008010692   0.0005381981
     572   -0.0001643667  -0.0005163656  -0.0015048444   0.0013404777   0.0009259369
     573    0.0003234132  -0.0006736968  -0.0008916302   0.0012150434   0.0008631259
     574    0.0004739719  -0.0004631139  -0.0006973908   0.0011713627   0.0008258232
     575    0.0006961873  -0.0001835367  -0.0007442067   0.0014403940   0.0009673670
     576    0.0011901118  -0.0003012001  -0.0009570442   0.0021471560   0.0014660277
     577    0.0014845872  -0.0006845139  -0.0010127072   0.0024972944   0.0018080351
     578    0.0013530703  -0.0007037080  -0.0009224608   0.0022755311   0.0016726331
     579    0.0013407235  -0.0004826124  -0.0009234755   0.0022641990   0.0015993260
     580    0.0012613693  -0.0002481952  -0.0009439843   0.0022053536   0.0015021180
     581    0.0008356606  -0.0002207066  -0.0008653810   0.0017010416   0.0011441980
     582    0.0001725743  -0.0003284826  -0.0010346420   0.0012072163   0.0008080750
     583   -0.0004164908  -0.0005200739  -0.0012029852   0.0007864945   0.0005693532
     584    0.0010947844  -0.0003178991  -0.0010214358   0.0021162202   0.0014359116
     585    0.0003811837  -0.0000971152  -0.0004594196   0.0008406032   0.0005617618
     586    0.0004384367  -0.0002258847  -0.0002814848   0.0007199215   0.0005336880
     587    0.0005177419  -0.0003052214  -0.0004141415   0.0009318834   0.0006788301
     588    0.0007292385  -0.0000996880  -0.0004948199   0.0012240584   0.0008323289
     589    0.0009205708   0.0000236749  -0.0004650103   0.0013855810   0.0009362948
     590    0.0011216318  -0.0002531664  -0.0005701760   0.0016918078   0.0011982209
     591    0.0008685492   0.0001025739  -0.0007997344   0.0016682836   0.0011126024
     592    0.0007299032   0.0000400490  -0.0008164635   0.0015463666   0.0010321406
     593    0.0003996471   0.0000230000  -0.0008575600   0.0012572071   0.0008596509
     594    0.0004025695   0.0002150310  -0.0011496032   0.0015521726   0.0011287838
     595    0.0025905557   0.0001526098  -0.0014445429   0.0040350986   0.0027074573
     596    0.0005576623  -0.0000847744  -0.0003308090   0.0008884713   0.0006111971
     597    0.0004075484   0.0001914210  -0.0001600674   0.0005676158   0.0003816977
     598    0.0005652846  -0.0001678477  -0.0003998937   0.0009651784   0.0006712387
     599    0.0008738315  -0.0001163970  -0.0002977707   0.0011716022   0.0008402064
     600    0.0009574218   0.0001679677  -0.0005782325   0.0015356543   0.0010231473
     601    0.0010786272  -0.0003539395  -0.0006498498   0.0017284770   0.0012316635
     602    0.0007790588   0.0004212467  -0.0005412983   0.0013203571   0.0009098191
     603    0.0012821168  -0.0001269446  -0.0004065949   0.0016887117   0.0012059278
     604    0.0010489435   0.0002147897  -0.0002835769   0.0013325204   0.0008970353
     605    0.0019567467   0.0008040817  -0.0005630108   0.0025197575   0.0016806202
     606    0.0027916910   0.0011161240  -0.0011439740   0.0039356650   0.0026314566
     607    0.0012228105  -0.0001321771  -0.0010027364   0.0022255469   0.0014942616
     608    0.0007826750  -0.0001814813  -0.0014499262   0.0022326012   0.0014918971
     609    0.0006692821   0.0002975293  -0.0005471492   0.0012164313   0.0008305176
     610    0.0015954227   0.0002195111  -0.0009684008   0.0025638235   0.0017094809
     611    0.0008241361  -0.0001584192  -0.0006429971   0.0014671332   0.0009959549
     612    0.0006510492   0.0002641528  -0.0002718549   0.0009229041   0.0006174832
     613    0.0004810768   0.0002116274   0.0001846165   0.0002964603   0.0002184001
     614    0.0004327376  -0.0000959939  -0.0006159407   0.0010486783   0.0006986097
     615    0.0003977569  -0.0004820004  -0.0012215514   0.0016193082   0.0010800871
     616    0.0013119037  -0.0013509711  -0.0022637041   0.0035756078   0.0024752595
     617    0.0015560696   0.0008482262  -0.0005793354   0.0021354050   0.0014492325
     618    0.0010957158  -0.0000896751  -0.0007874536   0.0018831694   0.0012684582
     619    0.0008193856  -0.0004085153  -0.0011457775   0.0019651631   0.0013226701
     620    0.0009941214  -0.0001893565  -0.0009167894   0.0019109108   0.0012850251
     621    0.0009348891   0.0003937202  -0.0008763014   0.0018111905   0.0012387039
     622    0.0005942639   0.0000978697  -0.0006278302   0.0012220941   0.0008188897
     623    0.0006324612  -0.0000185189  -0.0005394456   0.0011719068   0.0007822940
     624    0.0006117282   0.0000812997  -0.0002576730   0.0008694012   0.0005838343
     625    0.0006710874  -0.0002941837  -0.0004612114   0.0011322988   0.0008143948
     626    0.0005365507  -0.0006680400  -0.0010148496   0.0015514003   0.0010848825
     627    0.0005013274  -0.0011814046  -0.0015898925   0.0020912199   0.0014768079
     628    0.0011770340   0.0000708910  -0.0005231814   0.0017002155   0.0011496342
     629    0.0008108344  -0.0003028926  -0.0006279090   0.0014387434   0.0010053122
     630    0.0009191842  -0.0006141132  -0.0009429303   0.0018621145   0.0013241713
     631    0.0012252069  -0.0007311424  -0.0010505067   0.0022757136   0.0016415616
     632    0.0010688832  -0.0002928866  -0.0008686623   0.0019375455   0.0013256702
     633    0.0006934439  -0.0000614969  -0.0007995354   0.0014929793   0.0009946043
     634    0.0007600035  -0.0002128714  -0.0008139368   0.0015739403   0.0010582241
     635    0.0007026236  -0.0000728308  -0.0006357422   0.0013383658   0.0008953235
     636    0.0007832040  -0.0002665896  -0.0006668672   0.0014500712   0.0009977779
     637    0.0006997698  -0.0002590497  -0.0011627096   0.0018624794   0.0012409156
     638    0.0002718874  -0.0002815498  -0.0015260795   0.0017979669   0.0012268968
     639    0.0006795018  -0.0002636229  -0.0013052102   0.0019847119   0.0013227045
     640    0.0004770737  -0.0003993711  -0.0007845663   0.0012616400   0.0008614468
     641    0.0007194132  -0.0005565632  -0.0009799296   0.0016993428   0.0011785962
     642    0.0011458074  -0.0009579481  -0.0012102244   0.0023560317   0.0017235161
     643    0.0013572374  -0.0008038423  -0.0013898948   0.0027471322   0.0019277220
     644    0.0013054715  -0.0007328022  -0.0014594559   0.0027649274   0.0019097546
     645    0.0010009122  -0.0005676605  -0.0013268493   0.0023277615   0.0015816310
     646    0.0007578647  -0.0003456359  -0.0009638677   0.0017217324   0.0011620588
     647    0.0008581506  -0.0004076346  -0.0006002372   0.0014583879   0.0010555858
     648    0.0008361532   0.0000354646  -0.0006556155   0.0014917687   0.0009946704
     649    0.0009496177   0.0001422381  -0.0008812182   0.0018308360   0.0012224823
     650    0.0002088918  -0.0003909743  -0.0010714337   0.0012803255   0.0008534819
     651    0.0006145681  -0.0006545074  -0.0006997486   0.0013143167   0.0009940694
     652    0.0008492239  -0.0004598334  -0.0011164069   0.0019656308   0.0013332818
     653    0.0009907276  -0.0006331363  -0.0014446338   0.0024353613   0.0016521858
     654    0.0013740917  -0.0009630341  -0.0017164317   0.0030905235   0.0021470428
     655    0.0014382152  -0.0011524658  -0.0019178073   0.0033560225   0.0023433314
     656    0.0011268357  -0.0008507186  -0.0017519418   0.0028787775   0.0019619369
     657    0.0009589855  -0.0005193447  -0.0012048346   0.0021638200   0.0014733805
     658    0.0010917298  -0.0003294102  -0.0005547030   0.0016464329   0.0011893433
     659    0.0012863207   0.0003414388  -0.0003551775   0.0016414981   0.0010976834
     660    0.0015901672   0.0008653137  -0.0002225881   0.0018127553   0.0012156554
     661    0.0006239368   0.0001394051  -0.0008157278   0.0014396646   0.0009759965
     662    0.0009160506  -0.0003710399  -0.0009346642   0.0018507148   0.0012639072
     663    0.0012255924  -0.0007529426  -0.0011866470   0.0024122394   0.0017132963
     664    0.0012933112  -0.0007611131  -0.0014850519   0.0027783631   0.0019203094
     665    0.0011412690  -0.0007579373  -0.0015702854   0.0027115545   0.0018541032
     666    0.0010407881  -0.0011169990  -0.0014653187   0.0025061069   0.0018087512
     667    0.0011438060  -0.0008554151  -0.0016290621   0.0027728681   0.0019064056
     668    0.0011617538  -0.0004341987  -0.0012030818   0.0023648357   0.0016071856
     669    0.0012550156  -0.0001670876  -0.0006056986   0.0018607143   0.0012959900
     670    0.0013149065   0.0001771178  -0.0001265651   0.0014414716   0.0010124413
     671    0.0011324224   0.0008453007   0.0001001573   0.0010322651   0.0007098731
     672    0.0010478512   0.0003904913  -0.0006823775   0.0017302287   0.0011636584
     673    0.0009232498  -0.0000959631  -0.0009145990   0.0018378488   0.0012267540
     674    0.0012283762  -0.0006491012  -0.0012819280   0.0025103042   0.0017394669
     675    0.0016790073  -0.0010204785  -0.0013342576   0.0030132649   0.0022071325
     676    0.0015608542  -0.0008712953  -0.0011998483   0.0027607024   0.0020092078
     677    0.0012084309  -0.0006341274  -0.0011413073   0.0023497382   0.0016474404
     678    0.0014297864  -0.0008338093  -0.0011191262   0.0025489126   0.0018606981
     679    0.0013995945  -0.0004654517  -0.0010818566   0.0024814512   0.0017214237
     680    0.0010555216  -0.0002332425  -0.0006281654   0.0016836870   0.0011731310
     681    0.0006469163   0.0000031303  -0.0004245974   0.0010715137   0.0007186347
     682    0.0008953837   0.0003444577  -0.0012676621   0.0021630457   0.0014976526
     683    0.0006689819   0.0003855617  -0.0008834808   0.0015524627   0.0011014966
     684    0.0003980675   0.0000476593  -0.0009802239   0.0013782914   0.0009544379
     685    0.0008108283  -0.0003159681  -0.0011121578   0.0019229861   0.0012873375
     686    0.0014034378  -0.0004358934  -0.0012510129   0.0026544507   0.0018116705
     687    0.0016497737  -0.0003672556  -0.0011761087   0.0028258824   0.0019390309
     688    0.0015480584  -0.0004105672  -0.0010965295   0.0026445879   0.0018284895
     689    0.0014105300  -0.0006596015  -0.0007970504   0.0022075804   0.0016478198
     690    0.0011580044  -0.0003747474  -0.0007498509   0.0019078552   0.0013466968
     691    0.0007032951  -0.0002196606  -0.0007941414   0.0014974364   0.0010065159
     692    0.0002161742  -0.0005563041  -0.0006118763   0.0008280504   0.0006167001
     693    0.0001086294  -0.0002859279  -0.0014947215   0.0016033509   0.0011130734
     694    0.0002327704  -0.0006425522  -0.0014729986   0.0017057690   0.0011364690
     695   -0.0000706019  -0.0001179164  -0.0010698022   0.0009992003   0.0007510794
     696    0.0003166532  -0.0001550607  -0.0007784002   0.0010950534   0.0007318228
     697    0.0006088182  -0.0000161503  -0.0007051148   0.0013139329   0.0008756531
     698    0.0008938691  -0.0000471985  -0.0007566730   0.0016505422   0.0011031493
     699    0.0011485405  -0.0004716790  -0.0007448814   0.0018934220   0.0013636010
     700    0.0011735189  -0.0005037509  -0.0007509383   0.0019244572   0.0013950325
     701    0.0008954250  -0.0002685161  -0.0006589369   0.0015543620   0.0010773665
     702    0.0004962181  -0.0002225682  -0.0007581793   0.0012543974   0.0008386108
     703    0.0001856301  -0.0002023000  -0.0009774447   0.0011630748   0.0007889927
     704    0.0000928806  -0.0003514608  -0.0012984874   0.0013913680   0.0009468421
     705    0.0002697130  -0.0013598249  -0.0013791280   0.0016488410   0.0012609805
     706    0.0001367428  -0.0002970377  -0.0010081530   0.0011448958   0.0007701220
     707    0.0004662283  -0.0000382787  -0.0006264896   0.0010927179   0.0007286511
     708    0.0006318109   0.0001140622  -0.0004009961   0.0010328070   0.0006880293
     709    0.0005351643   0.0001770606  -0.0004663181   0.0010014824   0.0006761231
     710    0.0008226190  -0.0002741221  -0.0008506538   0.0016732728   0.0011325041
     711    0.0010106635  -0.0004729321  -0.0008495590   0.0018602225   0.0013103290
     712    0.0007610188  -0.0000092804  -0.0006350378   0.0013960566   0.0009316759
     713    0.0006633522   0.0000110651  -0.0007508595   0.0014142116   0.0009430534
     714    0.0004945167  -0.0001132771  -0.0011398792   0.0016343959   0.0011006420
     715    0.0009652318  -0.0000130076  -0.0018990743   0.0028643061   0.0019398079
     716    0.0001403666  -0.0008111663  -0.0021060574   0.0022464241   0.0015023236
     717    0.0004221256  -0.0002472779  -0.0008152093   0.0012373349   0.0008252030
     718    0.0009191967   0.0000299118  -0.0005292511   0.0014484477   0.0009732353
     719    0.0011386833   0.0001410087  -0.0003772493   0.0015159326   0.0010265697
     720    0.0013992982  -0.0000288407  -0.0004809183   0.0018802165   0.0013075983
     721    0.0007502414   0.0000347336  -0.0014559811   0.0022062225   0.0014996646
     722    0.0008204473  -0.0004810514  -0.0011128483   0.0019332956   0.0013134149
     723    0.0005750310   0.0004802859  -0.0005004822   0.0010755132   0.0007933920
     724    0.0011398978   0.0002251927  -0.0007961687   0.0019360665   0.0012904082
     725    0.0006945906   0.0003720552  -0.0013398416   0.0020344322   0.0014568279
     726    0.0016629005  -0.0005290382  -0.0034427221   0.0051056226   0.0034125392
     727    0.0036542534   0.0008600095  -0.0004390163   0.0040932697   0.0027868098
     728    0.0017181775   0.0009033724  -0.0012067588   0.0029249363   0.0020111975
     729    0.0015204463   0.0000015438  -0.0022155350   0.0037359813   0.0025032558
     730    0.0007407591  -0.0001894482  -0.0012757625   0.0020165216   0.0013446941
     731    0.0021871832   0.0000710968  -0.0009921387   0.0031793220   0.0021563433
     732    0.0019665500   0.0002580538  -0.0006022090   0.0025687591   0.0017420601
     733    0.0014363358   0.0001109189  -0.0006454202   0.0020817560   0.0014039765
     734    0.0004932069   0.0000483001  -0.0004736645   0.0009668714   0.0006447855
     735    0.0011725230  -0.0000577211  -0.0005912414   0.0017637644   0.0012051430
     736    0.0004383101  -0.0007978342  -0.0011169502   0.0015552603   0.0010944619
     737    0.0001584244  -0.0022282099  -0.0035329618   0.0036913863   0.0024940600
     738    0.0023268430   0.0010534258  -0.0008746280   0.0032014710   0.0021475457
     739    0.0014302460   0.0003358883  -0.0011066545   0.0025369005   0.0016953131
     740    0.0008486134  -0.0003172395  -0.0017504712   0.0025990847   0.0017344924
     741    0.0008339756  -0.0003875592  -0.0012352871   0.0020692627   0.0013859649
     742    0.0010472306   0.0002156594  -0.0005554273   0.0016026579   0.0010679015
     743    0.0011610598   0.0002306447  -0.0003879994   0.0015490592   0.0010388855
     744    0.0008235458   0.0000715293  -0.0008364606   0.0016600064   0.0011074780
     745    0.0005161095   0.0002725102  -0.0005355652   0.0010516747   0.0007334659
     746    0.0009346670   0.0002868071  -0.0006221881   0.0015568551   0.0010419872
     747    0.0004999160  -0.0002722049  -0.0013217628   0.0018216788   0.0012182362
     748    0.0000498195  -0.0011195412  -0.0018933941   0.0019432136   0.0013034243
     749    0.0011087448   0.0004178730  -0.0010167661   0.0021255109   0.0014445664
     750    0.0006892057  -0.0001989629  -0.0010755617   0.0017647674   0.0011756495
     751    0.0007826120  -0.0004448824  -0.0014085286   0.0021911407   0.0014632029
     752    0.0008694547  -0.0007012696  -0.0009348566   0.0018043113   0.0013073842
     753    0.0005730297  -0.0001052529  -0.0007377685   0.0013107982   0.0008733963
     754    0.0002327721   0.0000129202  -0.0007835333   0.0010163055   0.0007124319
     755    0.0002826129   0.0001180355  -0.0009238811   0.0012064941   0.0008716956
     756    0.0005367805   0.0002345045  -0.0007227690   0.0012595495   0.0008760806
     757    0.0008655354   0.0003378273  -0.0007584790   0.0016240144   0.0011037572
     758    0.0006865536   0.0001612927  -0.0011168603   0.0018034139   0.0012357921
     759    0.0006717723  -0.0004620887  -0.0013429038   0.0020146761   0.0013456478
     760    0.0007067449   0.0001834798  -0.0018620787   0.0025688236   0.0018086716
     761    0.0006227633  -0.0001610801  -0.0011218835   0.0017446468   0.0011642284
     762    0.0007324793  -0.0003399077  -0.0010317905   0.0017642698   0.0011843860
     763    0.0006108852  -0.0006915797  -0.0008740741   0.0014849593   0.0010789573
     764    0.0001596720  -0.0004290680  -0.0012335756   0.0013932476   0.0009318471
     765   -0.0001457107  -0.0002860504  -0.0013686783   0.0012229676   0.0008916821
     766   -0.0000429488  -0.0003945661  -0.0013076329   0.0012646840   0.0008697329
     767    0.0003152110  -0.0000535347  -0.0008070396   0.0011222505   0.0007621189
     768    0.0008371727   0.0001478120  -0.0005886604   0.0014258331   0.0009500249
     769    0.0010462714   0.0003798932  -0.0005230933   0.0015693646   0.0010494222
     770    0.0012679890   0.0004783966  -0.0005191137   0.0017871027   0.0011932030
     771    0.0006622759   0.0003481301  -0.0015126870   0.0021749629   0.0015662671
     772    0.0007482134  -0.0001721240  -0.0007728216   0.0015210350   0.0010207037
     773    0.0006559943  -0.0000879813  -0.0008778305   0.0015338248   0.0010219456
     774    0.0001402424  -0.0000570946  -0.0011253193   0.0012655617   0.0009071857
     775    0.0001108367  -0.0004840835  -0.0010826890   0.0011935256   0.0007950963
     776   -0.0000612876  -0.0006640023  -0.0013680256   0.0013067379   0.0008713856
     777   -0.0002665712  -0.0004935926  -0.0012042097   0.0009376385   0.0006517344
     778    0.0004542112  -0.0003463871  -0.0007372128   0.0011914240   0.0008091916
     779    0.0009868343  -0.0001480286  -0.0002856635   0.0012724978   0.0009304366
     780    0.0015310457   0.0005539978  -0.0000410645   0.0015721103   0.0010575528
     781    0.0020148018   0.0011654823  -0.0002519782   0.0022667799   0.0015257968
     782    0.0012413244   0.0006780379  -0.0002827233   0.0015240477   0.0010267250
     783    0.0011244520   0.0000479473  -0.0004129630   0.0015374150   0.0010511962
     784    0.0008713726  -0.0003063290  -0.0008659339   0.0017373066   0.0011815110
     785    0.0005734458  -0.0003483439  -0.0011495811   0.0017230269   0.0011487708
     786    0.0004410736  -0.0004565683  -0.0007841831   0.0012252566   0.0008451648
     787   -0.0000467071  -0.0004085127  -0.0008712799   0.0008245728   0.0005506793
     788    0.0002084253  -0.0004423598  -0.0012352132   0.0014436385   0.0009632646
     789    0.0005200485  -0.0000410116  -0.0009838105   0.0015038590   0.0010125324
     790    0.0011276665   0.0002376152  -0.0004810684   0.0016087349   0.0010737213
     791    0.0012893631   0.0002848523  -0.0001790398   0.0014684029   0.0010000658
     792    0.0011459792   0.0009035538  -0.0001229717   0.0012689509   0.0008975247
     793    0.0019049617   0.0013346985   0.0008036385   0.0011013232   0.0007338271
     794    0.0011093682   0.0005883418   0.0000394924   0.0010698758   0.0007128031
     795    0.0005389436  -0.0003294217  -0.0008897474   0.0014286909   0.0009591017
     796    0.0005207991  -0.0006949928  -0.0008259849   0.0013467840   0.0009894617
     797    0.0009190585  -0.0003074270  -0.0006769709   0.0015960294   0.0011131462
     798    0.0003914029   0.0000170060  -0.0007814498   0.0011728526   0.0007981650
     799    0.0003641733  -0.0002820528  -0.0008319708   0.0011961441   0.0007976999
     800    0.0006853235  -0.0000021168  -0.0007896581   0.0014749815   0.0009833474
     801    0.0007846679  -0.0000777722  -0.0005505224   0.0013351903   0.0009020077
     802    0.0006014636  -0.0001323457  -0.0006241745   0.0012256381   0.0008217747
     803    0.0006696271   0.0005893799  -0.0014108169   0.0020804440   0.0015703874
     804    0.0015384900   0.0007880530  -0.0000678943   0.0016063843   0.0010708997
     805    0.0004134378   0.0000706879  -0.0005504115   0.0009638492   0.0006509545
     806    0.0002528907  -0.0005239122  -0.0007740862   0.0010269770   0.0007134987
     807    0.0003493996  -0.0001277010  -0.0008741355   0.0012235351   0.0008216428
     808    0.0007116715   0.0003304280  -0.0008111258   0.0015227973   0.0010557539
     809    0.0006319907   0.0002896300  -0.0006774428   0.0013094335   0.0009047960
     810    0.0005467247  -0.0001474946  -0.0006034230   0.0011501477   0.0007716598
     811    0.0006339886  -0.0002884168  -0.0004861066   0.0011200952   0.0007965395
     812    0.0004822671  -0.0003527750  -0.0008974605   0.0013797276   0.0009258972
     813    0.0002581476  -0.0006770206  -0.0009772931   0.0012354406   0.0008584795
     814    0.0003449573  -0.0003589181  -0.0023030468   0.0026480040   0.0018273888
     815    0.0006809300  -0.0010881116  -0.0021225203   0.0028034503   0.0018888370
     816    0.0004338101  -0.0006950741  -0.0012523263   0.0016861364   0.0011445737
     817    0.0000865277  -0.0002201428  -0.0008431581   0.0009296859   0.0006311703
     818    0.0003342909   0.0001010124  -0.0006067787   0.0009410696   0.0006529403
     819    0.0006542469   0.0001480075  -0.0006688963   0.0013231433   0.0008895046
     820    0.0006540186  -0.0003589697  -0.0007208353   0.0013748539   0.0009495117
     821    0.0008462350  -0.0004949107  -0.0007873695   0.0016336045   0.0011606043
     822    0.0006303068  -0.0002498699  -0.0005009606   0.0011312675   0.0007915089
     823    0.0002767148  -0.0000961125  -0.0006803386   0.0009570534   0.0006427271
     824    0.0001464056  -0.0001369041  -0.0008562778   0.0010026833   0.0006886950
     825    0.0005659423   0.0001329067  -0.0009328900   0.0014988323   0.0010277137
     826    0.0006444110  -0.0011326723  -0.0020835863   0.0027279974   0.0018448900
     827    0.0005841309  -0.0006039235  -0.0012839608   0.0018680917   0.0012597185
     828    0.0005800591  -0.0001018680  -0.0005699310   0.0011499901   0.0007704960
     829    0.0009767326   0.0000491447  -0.0002757896   0.0012525221   0.0008659935
     830    0.0008572365  -0.0001419222  -0.0005086924   0.0013659288   0.0009418916
     831    0.0006046110  -0.0005793486  -0.0012259895   0.0018306005   0.0012368842
     832    0.0007318615  -0.0003235102  -0.0012559935   0.0019878550   0.0013250993
     833    0.0005695302   0.0000128483  -0.0004794628   0.0010489930   0.0006992496
     834    0.0006207935   0.0002735161  -0.0008372830   0.0014580764   0.0010147526
     835    0.0008746703   0.0001209854  -0.0009861327   0.0018608030   0.0012470485
     836    0.0010743825   0.0006653332  -0.0023290928   0.0034034753   0.0024757733
     837    0.0028071535  -0.0011320573  -0.0025998135   0.0054069670   0.0037252926
     838    0.0009118450  -0.0003351989  -0.0013476986   0.0022595436   0.0015079485
     839    0.0014563785  -0.0001651226  -0.0009339135   0.0023902920   0.0016257725
     840    0.0022113672   0.0001443869  -0.0003088076   0.0025201749   0.0017899352
     841    0.0017379781  -0.0000649051  -0.0004279912   0.0021659692   0.0015455263
     842    0.0003847161  -0.0001547184  -0.0019427580   0.0023274741   0.0016231691
     843    0.0003686720  -0.0003224319  -0.0019880574   0.0023567294   0.0016141118
     844    0.0007559269   0.0001407652  -0.0005535508   0.0013094777   0.0008728703
     845    0.0013631354   0.0009051511  -0.0009362510   0.0022993864   0.0016215714
     846    0.0006037388  -0.0003988532  -0.0015718719   0.0021756106   0.0014508154
     847    0.0003539089  -0.0009820305  -0.0062486962   0.0066026051   0.0046510448
