        Node       x [um]       y [um]       z [um]       u [um]       v [um]       w [um]
           1        0.500        0.500       -9.500  -0.00766014  -0.11303115  -0.05332723
           2        0.500       20.500       -9.500   0.00056698  -0.00024374  -0.06413111
           3        0.500       40.500       -9.500   0.08892433   0.01519757  -0.06581825
           4        0.500       60.500       -9.500   0.09043129   0.01922707  -0.02578107
           5        0.500       80.500       -9.500   0.08212760   0.03062919  -0.00684439
           6        0.500      100.500       -9.500   0.06112664   0.00304101   0.04720177
           7        0.500      120.500       -9.500   0.05672992   0.00871534   0.04838230
           8        0.500      140.500       -9.500   0.04049838   0.00748948   0.05104339
           9        0.500      160.500       -9.500   0.03311854   0.01715357   0.07289675
          10        0.500      180.500       -9.500   0.00301409   0.00698058   0.05055998
          11        0.500      200.500       -9.500   0.01693116   0.09472586   0.03412133
          12       20.500        0.500       -9.500  -0.01793232  -0.01355820  -0.06712555
          13       20.500       20.500       -9.500   0.02201475  -0.00691661  -0.04768971
          14       20.500       40.500       -9.500   0.05041942   0.02849961  -0.03094367
          15       20.500       60.500       -9.500   0.06114858   0.04351114  -0.01398862
          16       20.500       80.500       -9.500   0.05767071   0.01220888   0.00864321
          17       20.500      100.500       -9.500   0.05157490   0.01045094   0.01714474
          18       20.500      120.500       -9.500   0.04115778   0.00162669   0.03967758
          19       20.500      140.500       -9.500   0.03392527   0.00642209   0.05024120
          20       20.500      160.500       -9.500   0.02599464   0.01172486   0.04412888
          21       20.500      180.500       -9.500   0.02715716   0.01649558   0.03087930
          22       20.500      200.500       -9.500   0.02313181   0.00998984   0.04964906
          23       40.500        0.500       -9.500   0.03019197   0.02894166  -0.04864881
          24       40.500       20.500       -9.500   0.02115086   0.02091463  -0.03048910
          25       40.500       40.500       -9.500   0.03400467   0.01984688  -0.01813904
          26       40.500       60.500       -9.500   0.03982470   0.02866454   0.00603712
          27       40.500       80.500       -9.500   0.03212264   0.02819755   0.01752251
          28       40.500      100.500       -9.500   0.04466279   0.01257128   0.03371854
          29       40.500      120.500       -9.500   0.03447002   0.00814946   0.03652345
          30       40.500      140.500       -9.500   0.02656958   0.00620692   0.03613077
          31       40.500      160.500       -9.500   0.02643308  -0.01147105   0.03300019
          32       40.500      180.500       -9.500   0.02702912  -0.00700616   0.04008623
          33       40.500      200.500       -9.500   0.04087318   0.00166327   0.02954499
          34       60.500        0.500       -9.500   0.00261298   0.02823500  -0.02925509
          35       60.500       20.500       -9.500   0.01609274   0.03545012  -0.02482940
          36       60.500       40.500       -9.500   0.02382066   0.03415885  -0.00332559
          37       60.500       60.500       -9.500   0.02286160   0.03446319   0.03188071
          38       60.500       80.500       -9.500   0.02585814   0.01611667   0.05386458
          39       60.500      100.500       -9.500   0.02455827   0.03132036   0.05111082
          40       60.500      120.500       -9.500   0.02448452   0.01394010   0.04408366
          41       60.500      140.500       -9.500   0.00989758  -0.01593345   0.02912684
          42       60.500      160.500       -9.500  -0.00523277  -0.01496576   0.03197585
          43       60.500      180.500       -9.500   0.02202232  -0.01969807   0.02414348
          44       60.500      200.500       -9.500   0.04399552  -0.01666219   0.02230854
          45       80.500        0.500       -9.500  -0.00554520   0.05313202  -0.04007133
          46       80.500       20.500       -9.500   0.01328551   0.03861457  -0.01575988
          47       80.500       40.500       -9.500   0.00886175   0.04733785   0.01659203
          48       80.500       60.500       -9.500   0.00599386   0.03642071   0.05601042
          49       80.500       80.500       -9.500   0.00619689   0.03820466   0.07909279
          50       80.500      100.500       -9.500   0.00975805   0.02361109   0.08122163
          51       80.500      120.500       -9.500  -0.00618123   0.01854384   0.05735275
          52       80.500      140.500       -9.500  -0.00252721   0.00846200   0.03705597
          53       80.500      160.500       -9.500  -0.00093344  -0.01479262   0.02039188
          54       80.500      180.500       -9.500   0.00891532  -0.00441998   0.01238642
          55       80.500      200.500       -9.500   0.02673062  -0.02362378  -0.01167445
          56      100.500        0.500       -9.500  -0.00397718   0.04212761  -0.04725015
          57      100.500       20.500       -9.500  -0.00062620   0.04388453  -0.00190219
          58      100.500       40.500       -9.500  -0.01020378   0.04577038   0.02559538
          59      100.500       60.500       -9.500  -0.01315226   0.04583632   0.05230242
          60      100.500       80.500       -9.500  -0.01533151   0.04780627   0.06963468
          61      100.500      100.500       -9.500  -0.01370041   0.03679741   0.08593195
          62      100.500      120.500       -9.500  -0.01555746   0.01880247   0.05698080
          63      100.500      140.500       -9.500  -0.00648671   0.00022750   0.03752975
          64      100.500      160.500       -9.500  -0.00371060  -0.00277842   0.02272897
          65      100.500      180.500       -9.500   0.00231202  -0.02623022   0.00888639
          66      100.500      200.500       -9.500   0.03369814  -0.03564720  -0.00561603
          67      120.500        0.500       -9.500   0.01579651   0.05344146  -0.02866728
          68      120.500       20.500       -9.500  -0.00709437   0.05023680   0.00186367
          69      120.500       40.500       -9.500  -0.03326889   0.05019714   0.02835963
          70      120.500       60.500       -9.500  -0.02492950   0.03194509   0.04602162
          71      120.500       80.500       -9.500  -0.01268380   0.02478454   0.05855094
          72      120.500      100.500       -9.500  -0.00210800   0.02762838   0.06505865
          73      120.500      120.500       -9.500  -0.01344245   0.00253775   0.06799095
          74      120.500      140.500       -9.500  -0.00424952  -0.00152969   0.03077952
          75      120.500      160.500       -9.500   0.00728403  -0.00763869   0.01249598
          76      120.500      180.500       -9.500   0.01935519  -0.02008875   0.01081491
          77      120.500      200.500       -9.500   0.01947066  -0.03327856  -0.00058598
          78      140.500        0.500       -9.500   0.01886242   0.07815394   0.00877572
          79      140.500       20.500       -9.500  -0.00912784   0.04016915   0.01267238
          80      140.500       40.500       -9.500  -0.03424896   0.03641654   0.03607737
          81      140.500       60.500       -9.500  -0.03515423   0.01584646   0.03407799
          82      140.500       80.500       -9.500  -0.00727190   0.00801334   0.03663206
          83      140.500      100.500       -9.500  -0.00830518  -0.00107279   0.02774131
          84      140.500      120.500       -9.500  -0.00718982   0.00510975   0.01920157
          85      140.500      140.500       -9.500  -0.00718603  -0.01363557   0.01812981
          86      140.500      160.500       -9.500  -0.00055257  -0.01440016   0.02004150
          87      140.500      180.500       -9.500   0.02490092  -0.00566693  -0.00083544
          88      140.500      200.500       -9.500   0.04096188   0.02856957   0.00011377
          89      160.500        0.500       -9.500  -0.00036011   0.01476079  -0.00610033
          90      160.500       20.500       -9.500  -0.02272511   0.03238380   0.02893864
          91      160.500       40.500       -9.500  -0.01453675   0.01599055   0.02833709
          92      160.500       60.500       -9.500  -0.02373997   0.01307102   0.01903801
          93      160.500       80.500       -9.500  -0.02267115  -0.00391681  -0.00215091
          94      160.500      100.500       -9.500  -0.02094493  -0.00549306   0.00381241
          95      160.500      120.500       -9.500  -0.02252513  -0.01093447   0.01632690
          96      160.500      140.500       -9.500  -0.02757779  -0.01698805   0.02001601
          97      160.500      160.500       -9.500  -0.02472600  -0.02573804   0.00238775
          98      160.500      180.500       -9.500   0.00095418  -0.00482194  -0.02079422
          99      160.500      200.500       -9.500   0.05706977   0.00098500  -0.02652889
         100      180.500        0.500       -9.500  -0.00630562  -0.01778266   0.06630385
         101      180.500       20.500       -9.500   0.00698955   0.01826731   0.02391213
         102      180.500       40.500       -9.500  -0.01267201   0.03565761   0.01938418
         103      180.500       60.500       -9.500  -0.02310194   0.00348766   0.01722667
         104      180.500       80.500       -9.500  -0.02940403  -0.00272816   0.00557954
         105      180.500      100.500       -9.500  -0.04291124  -0.01956588   0.00106155
         106      180.500      120.500       -9.500  -0.06025046  -0.02208355   0.00789775
         107      180.500      140.500       -9.500  -0.04879526  -0.01346638   0.02378234
         108      180.500      160.500       -9.500  -0.03933028  -0.00969763  -0.00115064
         109      180.500      180.500       -9.500  -0.01163597   0.01655812  -0.02949094
         110      180.500      200.500       -9.500  -0.01357232   0.04971686  -0.05943219
         111      200.500        0.500       -9.500   0.05903472   0.01003761   0.09777291
         112      200.500       20.500       -9.500   0.01742335   0.01143525   0.04932948
         113      200.500       40.500       -9.500   0.00057676   0.02320176   0.02055686
         114      200.500       60.500       -9.500  -0.03556900   0.02089587   0.02570961
         115      200.500       80.500       -9.500  -0.04004624  -0.03722736   0.01740909
         116      200.500      100.500       -9.500  -0.04056580  -0.00682719  -0.01106031
         117      200.500      120.500       -9.500  -0.06063349  -0.00636667   0.04145150
         118      200.500      140.500       -9.500  -0.07709716  -0.01421135   0.00612788
         119      200.500      160.500       -9.500  -0.04582691   0.02371506   0.01814338
         120      200.500      180.500       -9.500  -0.03492732   0.01589950  -0.01853139
         121      200.500      200.500       -9.500  -0.02882492   0.00840822  -0.07401426
         122        0.500        0.500       10.500  -0.03478066  -0.03396334  -0.11771617
         123        0.500       20.500       10.500   0.00430658  -0.00141613  -0.03663103
         124        0.500       40.500       10.500   0.06292104   0.01254012  -0.01614386
         125        0.500       60.500       10.500   0.04968144   0.03312398  -0.01405879
         126        0.500       80.500       10.500   0.06993380   0.00532793   0.00476366
         127        0.500      100.500       10.500   0.07339061   0.00869266   0.02183373
         128        0.500      120.500       10.500   0.04959940  -0.00582412   0.03660525
         129        0.500      140.500       10.500   0.04654916   0.02117022   0.04957927
         130        0.500      160.500       10.500   0.01961044   0.01935275   0.02820823
         131        0.500      180.500       10.500   0.02975499   0.01362929   0.01466439
         132        0.500      200.500       10.500   0.00400587  -0.01483876   0.07274295
         133       20.500        0.500       10.500   0.01313201  -0.01539730  -0.04577408
         134       20.500       20.500       10.500   0.01184232   0.01919713  -0.03887743
         135       20.500       40.500       10.500   0.03702794   0.02045835  -0.02179468
         136       20.500       60.500       10.500   0.04963196   0.03477419  -0.00514662
         137       20.500       80.500       10.500   0.04281511   0.02000716  -0.00030162
         138       20.500      100.500       10.500   0.04627414  -0.00227693   0.02046036
         139       20.500      120.500       10.500   0.04797883   0.01063280   0.02833038
         140       20.500      140.500       10.500   0.02833303   0.01921023   0.03888165
         141       20.500      160.500       10.500   0.03059042   0.00234299   0.04457082
         142       20.500      180.500       10.500   0.01437974   0.00766100   0.04625711
         143       20.500      200.500       10.500   0.02373113   0.01622949   0.01770147
         144       40.500        0.500       10.500   0.02641541   0.00499595  -0.05097022
         145       40.500       20.500       10.500   0.02582530   0.01882160  -0.03762581
         146       40.500       40.500       10.500   0.03978986   0.02421851  -0.00841066
         147       40.500       60.500       10.500   0.04325750   0.03204801   0.00523448
         148       40.500       80.500       10.500   0.05474354   0.02494194   0.03220352
         149       40.500      100.500       10.500   0.03799406   0.01168024   0.02506875
         150       40.500      120.500       10.500   0.03671427   0.01038481   0.03468306
         151       40.500      140.500       10.500   0.03347566  -0.01159026   0.03108811
         152       40.500      160.500       10.500   0.03461376  -0.00663068   0.01954906
         153       40.500      180.500       10.500   0.03501216  -0.00060891   0.02443594
         154       40.500      200.500       10.500   0.04010909  -0.01506219   0.01988087
         155       60.500        0.500       10.500   0.03933346   0.05820451  -0.03327742
         156       60.500       20.500       10.500   0.01624946   0.02864158  -0.01818149
         157       60.500       40.500       10.500   0.01902406   0.03281040  -0.01360599
         158       60.500       60.500       10.500   0.02491616   0.02900657   0.03018568
         159       60.500       80.500       10.500   0.03459711   0.03155754   0.05112379
         160       60.500      100.500       10.500   0.04103567   0.02705366   0.05564429
         161       60.500      120.500       10.500   0.02924106   0.00087880   0.03437778
         162       60.500      140.500       10.500   0.01149107  -0.01473785   0.03320775
         163       60.500      160.500       10.500   0.01437564  -0.02897720   0.02743118
         164       60.500      180.500       10.500   0.01484010  -0.00501034   0.01983074
         165       60.500      200.500       10.500   0.02510564  -0.01761728   0.03015918
         166       80.500        0.500       10.500   0.00291523   0.02163902  -0.00762343
         167       80.500       20.500       10.500   0.01441948   0.04191365  -0.00706673
         168       80.500       40.500       10.500   0.01469427   0.05164640   0.01294775
         169       80.500       60.500       10.500   0.00522354   0.04784848   0.04476113
         170       80.500       80.500       10.500   0.00992203   0.02528602   0.07007723
         171       80.500      100.500       10.500   0.01784522   0.01980531   0.07830751
         172       80.500      120.500       10.500   0.01044218   0.01654974   0.04847552
         173       80.500      140.500       10.500   0.00715822  -0.01970481   0.03050691
         174       80.500      160.500       10.500   0.00128213  -0.01726401   0.02297661
         175       80.500      180.500       10.500   0.01158344  -0.02390717   0.00714676
         176       80.500      200.500       10.500   0.00225319  -0.01892282  -0.01362968
         177      100.500        0.500       10.500   0.00612418   0.02711774   0.00844725
         178      100.500       20.500       10.500  -0.00362857   0.04671193  -0.00087527
         179      100.500       40.500       10.500  -0.00057507   0.04669987   0.01764135
         180      100.500       60.500       10.500  -0.00559624   0.05432032   0.04700680
         181      100.500       80.500       10.500  -0.00856562   0.04638465   0.08074712
         182      100.500      100.500       10.500  -0.01134935   0.02761243   0.08854077
         183      100.500      120.500       10.500  -0.02294634  -0.00672501   0.06267472
         184      100.500      140.500       10.500   0.00170087  -0.00599118   0.03860027
         185      100.500      160.500       10.500  -0.00025447  -0.01799857   0.00904848
         186      100.500      180.500       10.500   0.01181592  -0.02683246   0.01360907
         187      100.500      200.500       10.500   0.00521853  -0.02040298   0.01407404
         188      120.500        0.500       10.500   0.01162610   0.06849956  -0.00269021
         189      120.500       20.500       10.500  -0.01904620   0.04668432   0.00306540
         190      120.500       40.500       10.500  -0.03195901   0.03655621   0.03059794
         191      120.500       60.500       10.500  -0.03746831   0.04190486   0.04751404
         192      120.500       80.500       10.500  -0.00487600   0.04038778   0.05817923
         193      120.500      100.500       10.500  -0.02442159   0.02534918   0.06803039
         194      120.500      120.500       10.500  -0.01711920   0.00127442   0.05632369
         195      120.500      140.500       10.500  -0.00663002  -0.01514144   0.03829788
         196      120.500      160.500       10.500  -0.00429394  -0.01441909   0.02032669
         197      120.500      180.500       10.500   0.00494058  -0.02781384   0.00158393
         198      120.500      200.500       10.500   0.00356872  -0.04206384   0.01624195
         199      140.500        0.500       10.500   0.01741258   0.00748500  -0.02644590
         200      140.500       20.500       10.500  -0.01072603   0.03810576   0.02233974
         201      140.500       40.500       10.500  -0.03725109   0.03655897   0.02754231
         202      140.500       60.500       10.500  -0.04324353   0.02287617   0.03441128
         203      140.500       80.500       10.500  -0.03120773   0.01350185   0.02270747
         204      140.500      100.500       10.500  -0.02071587   0.01238243   0.02975156
         205      140.500      120.500       10.500  -0.01087847  -0.00579870   0.02889842
         206      140.500      140.500       10.500  -0.02271498  -0.01375444   0.01640854
         207      140.500      160.500       10.500   0.00354540  -0.02064788  -0.00333046
         208      140.500      180.500       10.500   0.01388589  -0.01927202   0.00519681
         209      140.500      200.500       10.500   0.02725380  -0.03640048  -0.01274779
         210      160.500        0.500       10.500  -0.03395143   0.02349287   0.01753548
         211      160.500       20.500       10.500  -0.01663709   0.01592077   0.00811277
         212      160.500       40.500       10.500  -0.01510393   0.02798016   0.01870052
         213      160.500       60.500       10.500  -0.02081912   0.00929789   0.00797174
         214      160.500       80.500       10.500  -0.02804000   0.01239565   0.01270779
         215      160.500      100.500       10.500  -0.03132707   0.00825554  -0.00311730
         216      160.500      120.500       10.500  -0.04049369  -0.00424603  -0.00187855
         217      160.500      140.500       10.500  -0.02921388  -0.02044656   0.00894736
         218      160.500      160.500       10.500  -0.01754290  -0.01835781  -0.00784564
         219      160.500      180.500       10.500   0.00254352  -0.01656431  -0.01801514
         220      160.500      200.500       10.500   0.03127765   0.00597151  -0.01052021
         221      180.500        0.500       10.500  -0.00028807   0.01841662   0.02349530
         222      180.500       20.500       10.500  -0.01223587   0.01173314   0.02567314
         223      180.500       40.500       10.500  -0.00826530   0.01370035   0.01563119
         224      180.500       60.500       10.500  -0.02538981   0.01473994   0.00446998
         225      180.500       80.500       10.500  -0.02917393  -0.01016755   0.01177167
         226      180.500      100.500       10.500  -0.04401512  -0.00862548  -0.00918070
         227      180.500      120.500       10.500  -0.03890567  -0.01063539   0.01901852
         228      180.500      140.500       10.500  -0.05141512  -0.00892737   0.00856980
         229      180.500      160.500       10.500  -0.04301025  -0.00485462  -0.00733261
         230      180.500      180.500       10.500  -0.02250749   0.00865293  -0.03012939
         231      180.500      200.500       10.500  -0.00622757   0.01229644  -0.06608922
         232      200.500        0.500       10.500   0.02998552   0.00633656   0.04098809
         233      200.500       20.500       10.500   0.01899283  -0.00972299   0.02555667
         234      200.500       40.500       10.500  -0.00955786   0.00721124   0.02053313
         235      200.500       60.500       10.500  -0.03130027  -0.00837530   0.00647652
         236      200.500       80.500       10.500  -0.04321799   0.00148487   0.01857708
         237      200.500      100.500       10.500  -0.03757766  -0.02317433   0.01592437
         238      200.500      120.500       10.500  -0.05648755   0.00725639  -0.02950107
         239      200.500      140.500       10.500  -0.04266171   0.01812166   0.03468621
         240      200.500      160.500       10.500  -0.03367583   0.00214593  -0.01309305
         241      200.500      180.500       10.500  -0.02489538   0.01178177  -0.00561615
         242      200.500      200.500       10.500  -0.02195433   0.05174025   0.00817346
         243        0.500        0.500       30.500  -0.04835822   0.02104614  -0.03993449
         244        0.500       20.500       30.500   0.00267352   0.01517612  -0.01968381
         245        0.500       40.500       30.500   0.01197710   0.04289046   0.00241274
         246        0.500       60.500       30.500   0.01168431   0.02773627   0.00250080
         247        0.500       80.500       30.500   0.03954783  -0.01403903   0.01222184
         248        0.500      100.500       30.500   0.02191601  -0.00783129   0.00581739
         249        0.500      120.500       30.500   0.03788760   0.01766189   0.03402213
         250        0.500      140.500       30.500   0.02556763   0.04679101  -0.00168195
         251        0.500      160.500       30.500   0.03042533   0.01637024   0.00997300
         252        0.500      180.500       30.500   0.02635839   0.00830277   0.00721028
         253        0.500      200.500       30.500  -0.05159294   0.02760201  -0.02342424
         254       20.500        0.500       30.500   0.02891495   0.03606843  -0.04079723
         255       20.500       20.500       30.500   0.01212405   0.03399980  -0.02444297
         256       20.500       40.500       30.500   0.02358482   0.03583072  -0.00695049
         257       20.500       60.500       30.500   0.04027496   0.03060156   0.01234398
         258       20.500       80.500       30.500   0.04641606   0.02255868   0.01041470
         259       20.500      100.500       30.500   0.04343638  -0.00611684   0.01584364
         260       20.500      120.500       30.500   0.03403597   0.02547917   0.00462334
         261       20.500      140.500       30.500   0.02434673   0.02391947   0.01749315
         262       20.500      160.500       30.500   0.03118033   0.01511845   0.02258383
         263       20.500      180.500       30.500   0.02359202   0.00032608   0.01274590
         264       20.500      200.500       30.500   0.01261005   0.01300697  -0.00059874
         265       40.500        0.500       30.500   0.02610862   0.04480240  -0.06973975
         266       40.500       20.500       30.500   0.03221044   0.03154301  -0.03991840
         267       40.500       40.500       30.500   0.01386322   0.04283390  -0.02005401
         268       40.500       60.500       30.500   0.04430428   0.03726587   0.01514420
         269       40.500       80.500       30.500   0.05793785   0.02432882   0.03587541
         270       40.500      100.500       30.500   0.06128875   0.01152170   0.01793199
         271       40.500      120.500       30.500   0.05010068  -0.00450664   0.01117040
         272       40.500      140.500       30.500   0.03282471  -0.00251008   0.01348248
         273       40.500      160.500       30.500   0.02786849  -0.01994008   0.01225247
         274       40.500      180.500       30.500   0.04082249  -0.00283147   0.01189640
         275       40.500      200.500       30.500   0.03205430   0.00454073   0.03428608
         276       60.500        0.500       30.500   0.03795089   0.02550943  -0.03268183
         277       60.500       20.500       30.500   0.02726221   0.03962544  -0.02592577
         278       60.500       40.500       30.500   0.02030335   0.04628262  -0.00314207
         279       60.500       60.500       30.500   0.04911587   0.05649572   0.00808499
         280       60.500       80.500       30.500   0.07757933   0.03022562   0.05710702
         281       60.500      100.500       30.500   0.07254395   0.01846200   0.05823716
         282       60.500      120.500       30.500   0.04974738  -0.02380628   0.04696284
         283       60.500      140.500       30.500   0.03865003  -0.04963220   0.02560644
         284       60.500      160.500       30.500   0.02938969  -0.02764820   0.01999336
         285       60.500      180.500       30.500   0.01744988  -0.01263861   0.00434111
         286       60.500      200.500       30.500   0.01524470  -0.01166690   0.00863815
         287       80.500        0.500       30.500   0.01980913   0.04873729   0.03857566
         288       80.500       20.500       30.500   0.01186748   0.05157037   0.00221407
         289       80.500       40.500       30.500   0.01587418   0.05812426   0.00071326
         290       80.500       60.500       30.500   0.02600249   0.06013689   0.03469145
         291       80.500       80.500       30.500   0.03187704   0.05115274   0.08042644
         292       80.500      100.500       30.500   0.04343700   0.01964453   0.10411044
         293       80.500      120.500       30.500   0.03897252  -0.04598354   0.08052022
         294       80.500      140.500       30.500   0.02158690  -0.04575837   0.04046334
         295       80.500      160.500       30.500   0.02620964  -0.03558554   0.01398668
         296       80.500      180.500       30.500  -0.00366198  -0.02015756   0.00575127
         297       80.500      200.500       30.500  -0.00678511  -0.01919660  -0.01910309
         298      100.500        0.500       30.500  -0.01412348   0.04771631   0.00789724
         299      100.500       20.500       30.500  -0.00339482   0.04012993   0.00295375
         300      100.500       40.500       30.500  -0.00879619   0.06066168   0.01116992
         301      100.500       60.500       30.500  -0.00877413   0.06511103   0.06081406
         302      100.500       80.500       30.500  -0.01177111   0.06773179   0.11778523
         303      100.500      100.500       30.500  -0.01550298   0.01301351   0.13642381
         304      100.500      120.500       30.500  -0.00582330  -0.03391469   0.10006467
         305      100.500      140.500       30.500  -0.00589129  -0.05185857   0.04850797
         306      100.500      160.500       30.500   0.00134544  -0.03415398   0.02579675
         307      100.500      180.500       30.500   0.00035942  -0.03815981  -0.00250731
         308      100.500      200.500       30.500  -0.00879559  -0.02540594   0.01197270
         309      120.500        0.500       30.500  -0.00641682   0.02227931   0.01577593
         310      120.500       20.500       30.500  -0.00860257   0.03842748   0.00810503
         311      120.500       40.500       30.500  -0.03122714   0.04204949   0.01453475
         312      120.500       60.500       30.500  -0.04334910   0.07015036   0.05516715
         313      120.500       80.500       30.500  -0.06842844   0.06595012   0.10371064
         314      120.500      100.500       30.500  -0.04836178   0.02084718   0.09167042
         315      120.500      120.500       30.500  -0.05037476  -0.03603646   0.08248328
         316      120.500      140.500       30.500  -0.02025208  -0.04627353   0.04338648
         317      120.500      160.500       30.500  -0.00357494  -0.03830512   0.00079803
         318      120.500      180.500       30.500  -0.00862184  -0.03332133   0.01281255
         319      120.500      200.500       30.500  -0.00020524  -0.04485505   0.00972347
         320      140.500        0.500       30.500  -0.01198327   0.02073147   0.01061642
         321      140.500       20.500       30.500  -0.01642274   0.02689861   0.00541848
         322      140.500       40.500       30.500  -0.04100272   0.03486211   0.00882369
         323      140.500       60.500       30.500  -0.05325053   0.04912570   0.02141305
         324      140.500       80.500       30.500  -0.05811277   0.04022180   0.03756721
         325      140.500      100.500       30.500  -0.06870644   0.00761025   0.03902368
         326      140.500      120.500       30.500  -0.04429730  -0.02379526   0.02761648
         327      140.500      140.500       30.500  -0.03068560  -0.03955509  -0.00334778
         328      140.500      160.500       30.500  -0.01124201  -0.01741345  -0.01561277
         329      140.500      180.500       30.500   0.02071490  -0.03828445   0.00155907
         330      140.500      200.500       30.500   0.01814887  -0.04447631   0.02969228
         331      160.500        0.500       30.500  -0.00072458   0.00241639   0.01363302
         332      160.500       20.500       30.500  -0.02130435   0.01785494   0.00930101
         333      160.500       40.500       30.500  -0.01065515   0.02734440  -0.00431134
         334      160.500       60.500       30.500  -0.02994479   0.01387051  -0.00008128
         335      160.500       80.500       30.500  -0.04574419   0.02113470   0.00139061
         336      160.500      100.500       30.500  -0.06382582   0.00153584  -0.00152336
         337      160.500      120.500       30.500  -0.04818965  -0.01459678  -0.01505737
         338      160.500      140.500       30.500  -0.04242383  -0.02936317  -0.02129204
         339      160.500      160.500       30.500  -0.02542522  -0.01358000  -0.02295060
         340      160.500      180.500       30.500   0.00096207  -0.00292853  -0.02158650
         341      160.500      200.500       30.500   0.00309109  -0.05291840  -0.01805999
         342      180.500        0.500       30.500  -0.02101593   0.00637718  -0.00474216
         343      180.500       20.500       30.500  -0.02707141  -0.00136999  -0.00122064
         344      180.500       40.500       30.500  -0.01945396   0.00830489   0.00317914
         345      180.500       60.500       30.500  -0.01725030   0.01211575   0.00462138
         346      180.500       80.500       30.500  -0.03403118   0.00250031   0.00833775
         347      180.500      100.500       30.500  -0.03963305   0.00353144  -0.00093565
         348      180.500      120.500       30.500  -0.05034192   0.00298535  -0.02310203
         349      180.500      140.500       30.500  -0.02620327   0.00274562   0.00110189
         350      180.500      160.500       30.500  -0.02375765   0.00050236  -0.01466701
         351      180.500      180.500       30.500  -0.01030684   0.00438041  -0.00765964
         352      180.500      200.500       30.500  -0.01864005  -0.00768032  -0.03001822
         353      200.500        0.500       30.500  -0.03004526  -0.06177091   0.00694998
         354      200.500       20.500       30.500  -0.03437643  -0.01878501  -0.00659259
         355      200.500       40.500       30.500  -0.02421471  -0.00128994  -0.01304263
         356      200.500       60.500       30.500   0.00009040  -0.00905127   0.00967499
         357      200.500       80.500       30.500  -0.01142939   0.00564594  -0.00005185
         358      200.500      100.500       30.500  -0.05366785  -0.01346256  -0.02010334
         359      200.500      120.500       30.500  -0.06396223   0.01642062   0.03244192
         360      200.500      140.500       30.500  -0.03092231   0.03400055   0.00797777
         361      200.500      160.500       30.500  -0.01604681   0.01748277   0.01739668
         362      200.500      180.500       30.500  -0.04631430   0.02298484  -0.00503297
         363      200.500      200.500       30.500   0.02094751   0.04824240   0.01887371
         364        0.500        0.500       50.500  -0.01471308  -0.01348676   0.03235538
         365        0.500       20.500       50.500   0.00951833   0.05179079   0.01365349
         366        0.500       40.500       50.500   0.01425912   0.02476858   0.02454461
         367        0.500       60.500       50.500   0.01826806   0.03017361   0.01558548
         368        0.500       80.500       50.500   0.05930230   0.03354475   0.02438013
         369        0.500      100.500       50.500   0.03709274   0.00942230   0.02478950
         370        0.500      120.500       50.500   0.02494137   0.02420607  -0.03273301
         371        0.500      140.500       50.500   0.02088811  -0.00655876   0.00676336
         372        0.500      160.500       50.500   0.02760623   0.00169727   0.00980842
         373        0.500      180.500       50.500  -0.00417837  -0.00478625   0.00373123
         374        0.500      200.500       50.500  -0.01052184   0.06307258  -0.02323872
         375       20.500        0.500       50.500   0.02669296   0.04554865   0.00680744
         376       20.500       20.500       50.500   0.01815897   0.03645971  -0.01439264
         377       20.500       40.500       50.500   0.01111664   0.03907113   0.00493733
         378       20.500       60.500       50.500   0.04099752   0.02806916  -0.00181675
         379       20.500       80.500       50.500   0.04467613   0.01498384   0.01591731
         380       20.500      100.500       50.500   0.04081225   0.02227177  -0.00756206
         381       20.500      120.500       50.500   0.01836861   0.00355886  -0.02497980
         382       20.500      140.500       50.500   0.01237249   0.01523003  -0.02173021
         383       20.500      160.500       50.500   0.02980035   0.02003449  -0.02409477
         384       20.500      180.500       50.500   0.02174143   0.00331815  -0.01403954
         385       20.500      200.500       50.500   0.01440229  -0.02879681   0.01362353
         386       40.500        0.500       50.500   0.04731227   0.05803605  -0.07393037
         387       40.500       20.500       50.500   0.03956518   0.05103577  -0.03256636
         388       40.500       40.500       50.500   0.03624403   0.04840951  -0.01050862
         389       40.500       60.500       50.500   0.04641391   0.04621471  -0.01367221
         390       40.500       80.500       50.500   0.08451101   0.03312632  -0.00725419
         391       40.500      100.500       50.500   0.07617566   0.01142631  -0.00957178
         392       40.500      120.500       50.500   0.05340519  -0.00176696  -0.00727599
         393       40.500      140.500       50.500   0.03205699  -0.00386310  -0.02410487
         394       40.500      160.500       50.500   0.03244550  -0.00456644  -0.01010914
         395       40.500      180.500       50.500   0.01310566  -0.00708367  -0.00952255
         396       40.500      200.500       50.500   0.02768610  -0.01044405  -0.02612558
         397       60.500        0.500       50.500  -0.00085484   0.02789216  -0.05994858
         398       60.500       20.500       50.500   0.02294725   0.05223561  -0.03108977
         399       60.500       40.500       50.500   0.02444749   0.06932082  -0.02013995
         400       60.500       60.500       50.500   0.07806463   0.06885624  -0.01768675
         401       60.500       80.500       50.500   0.11730047   0.06338663  -0.01586614
         402       60.500      100.500       50.500   0.10697491   0.00549642  -0.01758748
         403       60.500      120.500       50.500   0.11816463  -0.05461566  -0.00725863
         404       60.500      140.500       50.500   0.07058604  -0.06603903  -0.00146230
         405       60.500      160.500       50.500   0.02931019  -0.03362180  -0.01772621
         406       60.500      180.500       50.500   0.01204191  -0.01205273   0.00897620
         407       60.500      200.500       50.500  -0.00850454  -0.02961430   0.00251019
         408       80.500        0.500       50.500   0.01799482   0.05242231  -0.02170932
         409       80.500       20.500       50.500  -0.00094783   0.04747246  -0.01218198
         410       80.500       40.500       50.500   0.01757901   0.06951777  -0.01937866
         411       80.500       60.500       50.500   0.06972244   0.12513985  -0.01226938
         412       80.500       80.500       50.500   0.02078032   0.02002314  -0.01647131
         413       80.500      100.500       50.500   0.01813245   0.00415125  -0.01048341
         414       80.500      120.500       50.500   0.02182917  -0.02076035  -0.00804126
         415       80.500      140.500       50.500   0.07020321  -0.11853686  -0.00243591
         416       80.500      160.500       50.500   0.01905555  -0.03737451   0.00213940
         417       80.500      180.500       50.500   0.00923700  -0.01896808  -0.00274772
         418       80.500      200.500       50.500  -0.01093183  -0.03365438  -0.01585602
         419      100.500        0.500       50.500   0.00747439   0.03402825   0.01625335
         420      100.500       20.500       50.500  -0.01536616   0.03536954  -0.00305878
         421      100.500       40.500       50.500  -0.00128991   0.06983867  -0.00482397
         422      100.500       60.500       50.500  -0.00282929   0.09865322  -0.01144594
         423      100.500       80.500       50.500  -0.00600803   0.02218252  -0.00922576
         424      100.500      100.500       50.500  -0.00706629   0.00714366  -0.00902665
         425      100.500      120.500       50.500  -0.00577537  -0.00948508  -0.00821056
         426      100.500      140.500       50.500  -0.00856263  -0.09786077  -0.00976025
         427      100.500      160.500       50.500  -0.00750670  -0.05468465  -0.00820899
         428      100.500      180.500       50.500  -0.00513541  -0.03409116  -0.00394171
         429      100.500      200.500       50.500  -0.02351318  -0.02160616  -0.02170655
         430      120.500        0.500       50.500  -0.03044355   0.01946622   0.00171674
         431      120.500       20.500       50.500  -0.01520638   0.03520279  -0.00051158
         432      120.500       40.500       50.500  -0.02769749   0.05235480  -0.00328804
         433      120.500       60.500       50.500  -0.08723723   0.11967819  -0.01061692
         434      120.500       80.500       50.500  -0.03438238   0.03255957  -0.00771694
         435      120.500      100.500       50.500  -0.02728876   0.00802700  -0.00831075
         436      120.500      120.500       50.500  -0.03707152  -0.02310100  -0.00909877
         437      120.500      140.500       50.500  -0.07490085  -0.10454576  -0.01897448
         438      120.500      160.500       50.500  -0.02093150  -0.05279515  -0.01734142
         439      120.500      180.500       50.500   0.00930792  -0.02942232  -0.02384482
         440      120.500      200.500       50.500   0.04132030  -0.06900155  -0.01380521
         441      140.500        0.500       50.500  -0.00049244   0.02009490   0.00495055
         442      140.500       20.500       50.500  -0.01848271   0.03293493   0.01882120
         443      140.500       40.500       50.500  -0.05164215   0.02391506   0.00587931
         444      140.500       60.500       50.500  -0.08412819   0.06006859   0.00054462
         445      140.500       80.500       50.500  -0.13198548   0.06984827  -0.01616470
         446      140.500      100.500       50.500  -0.12231007  -0.00018704  -0.02154518
         447      140.500      120.500       50.500  -0.11787617  -0.06058870  -0.01880578
         448      140.500      140.500       50.500  -0.05756710  -0.05168762  -0.03066763
         449      140.500      160.500       50.500  -0.01510414  -0.02873879  -0.03036940
         450      140.500      180.500       50.500   0.01073599  -0.03378452  -0.01275447
         451      140.500      200.500       50.500   0.02978140  -0.03749652  -0.03078826
         452      160.500        0.500       50.500  -0.02453027   0.00640939   0.02086622
         453      160.500       20.500       50.500  -0.02122431  -0.00064696  -0.00311167
         454      160.500       40.500       50.500  -0.03257854   0.03081430  -0.00532760
         455      160.500       60.500       50.500  -0.03958085   0.03212232  -0.00327133
         456      160.500       80.500       50.500  -0.07118144   0.01981194  -0.00031602
         457      160.500      100.500       50.500  -0.09671576  -0.00001225  -0.01327074
         458      160.500      120.500       50.500  -0.06844395  -0.01125904  -0.02763030
         459      160.500      140.500       50.500  -0.03898804  -0.01782642  -0.03165855
         460      160.500      160.500       50.500  -0.01455216  -0.02296001  -0.02456706
         461      160.500      180.500       50.500   0.00532440  -0.04343456  -0.00387824
         462      160.500      200.500       50.500  -0.03631411  -0.05088211   0.02648866
         463      180.500        0.500       50.500  -0.02816966  -0.05499706  -0.00951501
         464      180.500       20.500       50.500  -0.01912192   0.00109401  -0.02010392
         465      180.500       40.500       50.500  -0.02627674   0.01192998  -0.00868297
         466      180.500       60.500       50.500  -0.02896486   0.00718343   0.00142879
         467      180.500       80.500       50.500  -0.03123817   0.00500886  -0.00965902
         468      180.500      100.500       50.500  -0.05191688  -0.00184210  -0.01245984
         469      180.500      120.500       50.500  -0.05289438   0.00791526  -0.01427499
         470      180.500      140.500       50.500  -0.03175082  -0.00484435  -0.00354908
         471      180.500      160.500       50.500  -0.01878623  -0.00214056   0.00166860
         472      180.500      180.500       50.500  -0.02395699  -0.01228578   0.00654384
         473      180.500      200.500       50.500  -0.01240059   0.01608025  -0.00564563
         474      200.500        0.500       50.500  -0.04014333  -0.01532350  -0.09998541
         475      200.500       20.500       50.500  -0.01494741  -0.02770504   0.00000293
         476      200.500       40.500       50.500  -0.00908400   0.00704160  -0.03304319
         477      200.500       60.500       50.500  -0.01591211   0.00120290  -0.00070483
         478      200.500       80.500       50.500  -0.03384577  -0.02307630  -0.00456142
         479      200.500      100.500       50.500  -0.02733190   0.00467968  -0.02710627
         480      200.500      120.500       50.500  -0.05082639   0.01416495   0.01263377
         481      200.500      140.500       50.500  -0.02963462   0.01581977   0.02448050
         482      200.500      160.500       50.500   0.01896560   0.01385459  -0.00053958
         483      200.500      180.500       50.500  -0.00296061   0.00230416  -0.01481248
         484      200.500      200.500       50.500  -0.04793490   0.03098358   0.01413765
         485        0.500        0.500       70.500   0.04754079   0.06325356  -0.02061482
         486        0.500       20.500       70.500   0.04895975   0.02389166   0.03038379
         487        0.500       40.500       70.500   0.01639733  -0.00573162   0.03456325
         488        0.500       60.500       70.500   0.02078293  -0.00212241   0.01989328
         489        0.500       80.500       70.500   0.01170325   0.03804587   0.00032913
         490        0.500      100.500       70.500   0.04911359   0.03637358  -0.02610962
         491        0.500      120.500       70.500   0.02158892  -0.01958347  -0.04337769
         492        0.500      140.500       70.500   0.01088126   0.02472068  -0.03953270
         493        0.500      160.500       70.500   0.01523929   0.04646175  -0.01589759
         494        0.500      180.500       70.500   0.04019474   0.01783171  -0.00181892
         495        0.500      200.500       70.500  -0.00039569   0.05096735  -0.00083454
         496       20.500        0.500       70.500   0.06021693   0.01968171  -0.02010674
         497       20.500       20.500       70.500   0.03352184   0.04172702  -0.00568699
         498       20.500       40.500       70.500   0.02777595   0.01181281  -0.00323100
         499       20.500       60.500       70.500   0.04129896   0.01368048   0.00394045
         500       20.500       80.500       70.500   0.03317327   0.01830912  -0.01424191
         501       20.500      100.500       70.500   0.02637609   0.00191325  -0.01555685
         502       20.500      120.500       70.500   0.01881160  -0.00449522  -0.03825235
         503       20.500      140.500       70.500   0.02513424  -0.00131412  -0.02946672
         504       20.500      160.500       70.500   0.01607807   0.01231450  -0.03253940
         505       20.500      180.500       70.500   0.01862202   0.01869458  -0.01929363
         506       20.500      200.500       70.500   0.02183717   0.00615915  -0.00159099
         507       40.500        0.500       70.500   0.02481501   0.04485186  -0.02233363
         508       40.500       20.500       70.500   0.03010358   0.03122505  -0.01951829
         509       40.500       40.500       70.500   0.03807167   0.03310994  -0.02005641
         510       40.500       60.500       70.500   0.04370659   0.01680784  -0.03014374
         511       40.500       80.500       70.500   0.05600590   0.01817239  -0.02826723
         512       40.500      100.500       70.500   0.03782956   0.00539729  -0.03521794
         513       40.500      120.500       70.500   0.04651525  -0.00647247  -0.02219256
         514       40.500      140.500       70.500   0.02762644  -0.01898621  -0.03116751
         515       40.500      160.500       70.500   0.02152880  -0.01094047  -0.03550680
         516       40.500      180.500       70.500   0.01865882  -0.00615373  -0.01266168
         517       40.500      200.500       70.500  -0.00996817  -0.02371302  -0.03673045
         518       60.500        0.500       70.500   0.02781264   0.06134205  -0.05239887
         519       60.500       20.500       70.500   0.02134870   0.05590938  -0.04517593
         520       60.500       40.500       70.500   0.02254372   0.05309994  -0.02693426
         521       60.500       60.500       70.500   0.06171252   0.04759483  -0.05167751
         522       60.500       80.500       70.500   0.06783123   0.01805332  -0.08049155
         523       60.500      100.500       70.500   0.07049177  -0.00344306  -0.08602377
         524       60.500      120.500       70.500   0.05361865  -0.04210934  -0.06965639
         525       60.500      140.500       70.500   0.04788584  -0.02774968  -0.03195920
         526       60.500      160.500       70.500   0.02097178  -0.03220233  -0.02579057
         527       60.500      180.500       70.500  -0.00000052  -0.02610877  -0.02362997
         528       60.500      200.500       70.500  -0.00863899  -0.05088994   0.00376473
         529       80.500        0.500       70.500  -0.00953733   0.04515855  -0.02695173
         530       80.500       20.500       70.500   0.00913457   0.04326096  -0.02335152
         531       80.500       40.500       70.500   0.02103192   0.05448506  -0.03681426
         532       80.500       60.500       70.500   0.03190780   0.04434927  -0.08271559
         533       80.500       80.500       70.500   0.06058395   0.03727092  -0.11212800
         534       80.500      100.500       70.500   0.04384925  -0.01299853  -0.12298618
         535       80.500      120.500       70.500   0.04989554  -0.02871751  -0.10547003
         536       80.500      140.500       70.500   0.01701434  -0.05226516  -0.06246254
         537       80.500      160.500       70.500   0.00737238  -0.03901023  -0.02733440
         538       80.500      180.500       70.500   0.00417683  -0.02506404  -0.01500866
         539       80.500      200.500       70.500  -0.01623588  -0.00908547   0.00128301
         540      100.500        0.500       70.500  -0.01055692   0.04120720   0.00406203
         541      100.500       20.500       70.500   0.00151805   0.02986098  -0.01776860
         542      100.500       40.500       70.500   0.00580578   0.04788290  -0.04004445
         543      100.500       60.500       70.500   0.00324365   0.06528692  -0.08842188
         544      100.500       80.500       70.500  -0.00906659   0.04422971  -0.14007103
         545      100.500      100.500       70.500  -0.01937256  -0.01223567  -0.14878690
         546      100.500      120.500       70.500  -0.01990136  -0.05655809  -0.11115869
         547      100.500      140.500       70.500  -0.00836933  -0.06032412  -0.06454238
         548      100.500      160.500       70.500  -0.00757791  -0.04302912  -0.03596092
         549      100.500      180.500       70.500   0.01155032  -0.01547729  -0.00826979
         550      100.500      200.500       70.500   0.00302628   0.01055378  -0.02622220
         551      120.500        0.500       70.500  -0.00221081   0.01162028  -0.01821072
         552      120.500       20.500       70.500  -0.01865976   0.02477732  -0.00590367
         553      120.500       40.500       70.500  -0.02947978   0.02579964  -0.03072532
         554      120.500       60.500       70.500  -0.02856445   0.06399246  -0.07403571
         555      120.500       80.500       70.500  -0.05459844   0.04575375  -0.12299234
         556      120.500      100.500       70.500  -0.06148562  -0.00382887  -0.12532470
         557      120.500      120.500       70.500  -0.07145424  -0.04108534  -0.10902420
         558      120.500      140.500       70.500  -0.03929167  -0.04543795  -0.05228911
         559      120.500      160.500       70.500  -0.01434452  -0.04278786  -0.02861373
         560      120.500      180.500       70.500  -0.00090957  -0.02481854  -0.02914993
         561      120.500      200.500       70.500   0.03044735  -0.00775467  -0.01425008
         562      140.500        0.500       70.500  -0.02186556   0.01862961  -0.00702252
         563      140.500       20.500       70.500  -0.01866889   0.00428318  -0.00834694
         564      140.500       40.500       70.500  -0.02577840   0.01184727  -0.00780511
         565      140.500       60.500       70.500  -0.05640281   0.03638571  -0.04678204
         566      140.500       80.500       70.500  -0.06234513   0.02332317  -0.06803631
         567      140.500      100.500       70.500  -0.08603118   0.01179768  -0.07197608
         568      140.500      120.500       70.500  -0.06559367  -0.01326204  -0.06441820
         569      140.500      140.500       70.500  -0.05169462  -0.03574447  -0.03617583
         570      140.500      160.500       70.500  -0.01416151  -0.03087104  -0.04013210
         571      140.500      180.500       70.500   0.00660225  -0.03272764  -0.01687047
         572      140.500      200.500       70.500   0.00927881  -0.07990627  -0.00900037
         573      160.500        0.500       70.500  -0.01481609  -0.01804696   0.00839456
         574      160.500       20.500       70.500  -0.02118022   0.00265372  -0.01145498
         575      160.500       40.500       70.500  -0.03575581   0.01394722  -0.01508663
         576      160.500       60.500       70.500  -0.03054379   0.00718869  -0.01673102
         577      160.500       80.500       70.500  -0.05520207   0.01263024  -0.02949517
         578      160.500      100.500       70.500  -0.07818656  -0.00309658  -0.02874699
         579      160.500      120.500       70.500  -0.07287897  -0.01025213  -0.02521811
         580      160.500      140.500       70.500  -0.02888944  -0.02619261  -0.03546372
         581      160.500      160.500       70.500  -0.01406315  -0.03447309  -0.00421269
         582      160.500      180.500       70.500  -0.00818109  -0.03246648  -0.00503516
         583      160.500      200.500       70.500   0.00549733  -0.05014751  -0.02121928
         584      180.500        0.500       70.500  -0.04195371  -0.00123691  -0.02831957
         585      180.500       20.500       70.500  -0.03497665  -0.00426608  -0.02106737
         586      180.500       40.500       70.500  -0.03012486   0.00364628  -0.02235285
         587      180.500       60.500       70.500  -0.03554656   0.01400548  -0.01459725
         588      180.500       80.500       70.500  -0.04515715  -0.00026673  -0.02239524
         589      180.500      100.500       70.500  -0.04764238  -0.00668914  -0.01397853
         590      180.500      120.500       70.500  -0.04996178  -0.00772824  -0.01934850
         591      180.500      140.500       70.500  -0.03919229  -0.00198120   0.00061877
         592      180.500      160.500       70.500  -0.02029955  -0.01041572   0.01178520
         593      180.500      180.500       70.500  -0.00780188  -0.00777578   0.00622912
         594      180.500      200.500       70.500  -0.04858553  -0.02935929   0.01267121
         595      200.500        0.500       70.500  -0.03915012  -0.03530780   0.02597937
         596      200.500       20.500       70.500  -0.04287270  -0.00642837  -0.00295539
         597      200.500       40.500       70.500  -0.04579883  -0.01261213  -0.01522482
         598      200.500       60.500       70.500  -0.02667812  -0.00559692  -0.02282713
         599      200.500       80.500       70.500  -0.03460224  -0.01193466  -0.00767165
         600      200.500      100.500       70.500  -0.04687215   0.00995872  -0.00874772
         601      200.500      120.500       70.500  -0.03465971  -0.01233915   0.04880999
         602      200.500      140.500       70.500  -0.04233910  -0.01861666   0.00641644
         603      200.500      160.500       70.500  -0.03031664   0.02674273  -0.00873097
         604      200.500      180.500       70.500  -0.01098709  -0.00697016   0.00999376
         605      200.500      200.500       70.500  -0.00909972   0.05842375  -0.01888006
         606        0.500        0.500       90.500  -0.03854674   0.02995276   0.02135101
         607        0.500       20.500       90.500   0.04069658   0.07146679   0.01280044
         608        0.500       40.500       90.500   0.01553554   0.01774480   0.00783902
         609        0.500       60.500       90.500   0.03317270  -0.01945479   0.02295212
         610        0.500       80.500       90.500   0.01949205   0.02115922  -0.00831720
         611        0.500      100.500       90.500   0.02501256   0.00777338  -0.02696888
         612        0.500      120.500       90.500   0.02469957   0.01757841  -0.03042468
         613        0.500      140.500       90.500   0.01322951   0.00172025  -0.02927371
         614        0.500      160.500       90.500   0.03064819   0.03857932  -0.02798419
         615        0.500      180.500       90.500   0.02609969   0.01647095  -0.05179040
         616        0.500      200.500       90.500   0.07171029   0.04453965   0.01696040
         617       20.500        0.500       90.500  -0.00220306   0.04628517  -0.00315029
         618       20.500       20.500       90.500   0.02516801   0.01978608   0.01271666
         619       20.500       40.500       90.500   0.03660314   0.02350205   0.01053358
         620       20.500       60.500       90.500   0.01783822  -0.01126451  -0.00325809
         621       20.500       80.500       90.500   0.03228247  -0.00816599  -0.01233743
         622       20.500      100.500       90.500   0.03931473   0.01198056  -0.03500510
         623       20.500      120.500       90.500   0.02385099   0.00474273  -0.02862190
         624       20.500      140.500       90.500   0.01758722   0.00837912  -0.03851329
         625       20.500      160.500       90.500   0.02911787   0.00847358  -0.03642940
         626       20.500      180.500       90.500   0.02958506   0.02188708  -0.03794146
         627       20.500      200.500       90.500   0.01989571   0.03276283  -0.04849111
         628       40.500        0.500       90.500   0.05910308   0.05285790  -0.00346215
         629       40.500       20.500       90.500   0.03176626   0.04120459  -0.00861187
         630       40.500       40.500       90.500   0.02283382   0.01643212  -0.01200012
         631       40.500       60.500       90.500   0.03578659   0.00567384  -0.03025581
         632       40.500       80.500       90.500   0.03372983  -0.01423503  -0.04112129
         633       40.500      100.500       90.500   0.03740892  -0.00697862  -0.03557866
         634       40.500      120.500       90.500   0.02490586  -0.01853491  -0.04200460
         635       40.500      140.500       90.500   0.02324789  -0.01907794  -0.03401610
         636       40.500      160.500       90.500   0.02233607  -0.00785622  -0.04667111
         637       40.500      180.500       90.500  -0.00403773  -0.00999588  -0.03448733
         638       40.500      200.500       90.500   0.00516685   0.01941188  -0.00543012
         639       60.500        0.500       90.500   0.01587297   0.03847929  -0.02960425
         640       60.500       20.500       90.500   0.02989182   0.04002594  -0.02908021
         641       60.500       40.500       90.500   0.02830801   0.03458057  -0.05053732
         642       60.500       60.500       90.500   0.02553736   0.01612030  -0.05517267
         643       60.500       80.500       90.500   0.03436192   0.00432852  -0.05699472
         644       60.500      100.500       90.500   0.02206348  -0.00270138  -0.05073445
         645       60.500      120.500       90.500   0.03047293  -0.02585477  -0.05579207
         646       60.500      140.500       90.500   0.01817835  -0.02625308  -0.06067447
         647       60.500      160.500       90.500   0.00702578  -0.02458669  -0.03147193
         648       60.500      180.500       90.500  -0.00480650  -0.00963378  -0.01865975
         649       60.500      200.500       90.500  -0.01918461  -0.02624982  -0.01732468
         650       80.500        0.500       90.500  -0.01494062   0.03332862  -0.04747802
         651       80.500       20.500       90.500   0.00851319   0.02325982  -0.03354398
         652       80.500       40.500       90.500   0.01745161   0.03257075  -0.04843320
         653       80.500       60.500       90.500   0.01157252   0.03382017  -0.07737070
         654       80.500       80.500       90.500   0.00347580   0.00406705  -0.08390067
         655       80.500      100.500       90.500   0.00304911  -0.01382826  -0.08881351
         656       80.500      120.500       90.500  -0.00393302  -0.03957131  -0.07082588
         657       80.500      140.500       90.500   0.00303781  -0.03659440  -0.05091041
         658       80.500      160.500       90.500  -0.00574383  -0.02737709  -0.03594021
         659       80.500      180.500       90.500   0.00554407  -0.01318985  -0.01546906
         660       80.500      200.500       90.500   0.00768399   0.02379056   0.01348569
         661      100.500        0.500       90.500  -0.02000743  -0.00233752  -0.02057911
         662      100.500       20.500       90.500   0.00292594   0.00881600  -0.03277545
         663      100.500       40.500       90.500   0.01379271   0.01849264  -0.05700592
         664      100.500       60.500       90.500   0.00123207   0.02345021  -0.07575766
         665      100.500       80.500       90.500  -0.00339288   0.00933412  -0.09603653
         666      100.500      100.500       90.500  -0.02511988  -0.00175536  -0.10595458
         667      100.500      120.500       90.500  -0.02999573  -0.03442072  -0.07788991
         668      100.500      140.500       90.500  -0.01639903  -0.03626735  -0.06515940
         669      100.500      160.500       90.500  -0.00555724  -0.03221223  -0.03463870
         670      100.500      180.500       90.500   0.01151475  -0.00421927  -0.01385439
         671      100.500      200.500       90.500   0.03803650   0.01316438  -0.01522395
         672      120.500        0.500       90.500  -0.00591733  -0.02575329  -0.05164305
         673      120.500       20.500       90.500  -0.00425245   0.00547977  -0.02930638
         674      120.500       40.500       90.500  -0.01014929   0.01367268  -0.03641873
         675      120.500       60.500       90.500  -0.01608757  -0.00232204  -0.07322277
         676      120.500       80.500       90.500  -0.02956220   0.00157275  -0.09037015
         677      120.500      100.500       90.500  -0.05022456  -0.00207584  -0.09842631
         678      120.500      120.500       90.500  -0.04496199  -0.00307686  -0.06532190
         679      120.500      140.500       90.500  -0.02803536  -0.02308590  -0.04253834
         680      120.500      160.500       90.500  -0.00574774  -0.01690749  -0.02896736
         681      120.500      180.500       90.500   0.01759218  -0.02439929  -0.01595298
         682      120.500      200.500       90.500   0.02601493  -0.00130937  -0.00836029
         683      140.500        0.500       90.500   0.00492782  -0.01282008  -0.03361121
         684      140.500       20.500       90.500   0.00328304  -0.00609135  -0.02971198
         685      140.500       40.500       90.500  -0.01235472  -0.00546674  -0.02663442
         686      140.500       60.500       90.500  -0.01984944  -0.00388167  -0.04774922
         687      140.500       80.500       90.500  -0.03525656  -0.00090455  -0.05830387
         688      140.500      100.500       90.500  -0.04561922   0.00231754  -0.05183602
         689      140.500      120.500       90.500  -0.04800684  -0.01817554  -0.04495781
         690      140.500      140.500       90.500  -0.03252772  -0.01208814  -0.03919529
         691      140.500      160.500       90.500  -0.01535402  -0.02681450  -0.01358265
         692      140.500      180.500       90.500   0.00859981  -0.04665279  -0.02069237
         693      140.500      200.500       90.500  -0.02233953  -0.05199733  -0.00669137
         694      160.500        0.500       90.500  -0.00001818   0.01780522  -0.02590506
         695      160.500       20.500       90.500  -0.00544239   0.00928437  -0.03541556
         696      160.500       40.500       90.500  -0.01079567   0.00650851  -0.02650338
         697      160.500       60.500       90.500  -0.02177191   0.00657108  -0.02610128
         698      160.500       80.500       90.500  -0.03978402   0.01081429  -0.02669775
         699      160.500      100.500       90.500  -0.05054097  -0.00185024  -0.03139696
         700      160.500      120.500       90.500  -0.04361602  -0.01080720  -0.02619393
         701      160.500      140.500       90.500  -0.03276551  -0.01692704  -0.02014846
         702      160.500      160.500       90.500  -0.02234727  -0.02030610  -0.02352856
         703      160.500      180.500       90.500  -0.01144940  -0.02498395  -0.01300172
         704      160.500      200.500       90.500   0.00117029  -0.05344818  -0.01208016
         705      180.500        0.500       90.500  -0.04360322   0.00007441  -0.02069202
         706      180.500       20.500       90.500  -0.02506723   0.00523117  -0.00319964
         707      180.500       40.500       90.500  -0.02577042  -0.00189448  -0.02763268
         708      180.500       60.500       90.500  -0.02405629   0.00709594  -0.02282178
         709      180.500       80.500       90.500  -0.04130878   0.02132073  -0.00905760
         710      180.500      100.500       90.500  -0.05031003   0.02254861  -0.00803910
         711      180.500      120.500       90.500  -0.04406398  -0.00353090  -0.00679082
         712      180.500      140.500       90.500  -0.03279913  -0.02029378  -0.00398313
         713      180.500      160.500       90.500  -0.01876048  -0.01278620   0.00881836
         714      180.500      180.500       90.500  -0.01665896  -0.01652328   0.00162330
         715      180.500      200.500       90.500   0.02001918  -0.02439161  -0.01781433
         716      200.500        0.500       90.500  -0.06165602   0.08082356  -0.02863077
         717      200.500       20.500       90.500  -0.04371677  -0.02077240  -0.00889053
         718      200.500       40.500       90.500  -0.01943142  -0.00306888  -0.00214303
         719      200.500       60.500       90.500  -0.03158007  -0.00208018  -0.02289039
         720      200.500       80.500       90.500  -0.03760769   0.02858228  -0.02237355
         721      200.500      100.500       90.500  -0.04598951   0.02030522   0.00240258
         722      200.500      120.500       90.500  -0.02655663  -0.00946507   0.01433596
         723      200.500      140.500       90.500  -0.02434470  -0.00789287   0.02478513
         724      200.500      160.500       90.500  -0.03069309   0.00833135  -0.00835509
         725      200.500      180.500       90.500  -0.00105293   0.02225298   0.01249866
         726      200.500      200.500       90.500   0.00246950  -0.11378941   0.02492187
         727        0.500        0.500      110.500  -0.01535373   0.07113428   0.02847207
         728        0.500       20.500      110.500  -0.01323616   0.03283319   0.04749881
         729        0.500       40.500      110.500   0.03463004   0.00978141   0.02730411
         730        0.500       60.500      110.500   0.00549842  -0.02688656   0.02944059
         731        0.500       80.500      110.500   0.04297371  -0.01038680  -0.01909989
         732        0.500      100.500      110.500   0.01645384   0.02866454  -0.04948323
         733        0.500      120.500      110.500  -0.00362590   0.03167581  -0.02099847
         734        0.500      140.500      110.500   0.02288672   0.00438231  -0.02494242
         735        0.500      160.500      110.500   0.03590990   0.03427481  -0.05091224
         736        0.500      180.500      110.500   0.04164807   0.04895614  -0.04427800
         737        0.500      200.500      110.500   0.05904702   0.05310804  -0.09316813
         738       20.500        0.500      110.500   0.02121305   0.05716568   0.03577727
         739       20.500       20.500      110.500   0.02803158   0.04677585   0.01101067
         740       20.500       40.500      110.500   0.01832340   0.00909144   0.01017581
         741       20.500       60.500      110.500   0.02735014  -0.01886599   0.00210428
         742       20.500       80.500      110.500   0.02803589  -0.02279361  -0.01593840
         743       20.500      100.500      110.500   0.03569073  -0.00070355  -0.03476198
         744       20.500      120.500      110.500   0.01934778   0.00192974  -0.02609636
         745       20.500      140.500      110.500   0.01873445   0.00306540  -0.02399012
         746       20.500      160.500      110.500   0.02080350   0.00648129  -0.03793893
         747       20.500      180.500      110.500   0.02316859   0.03290325  -0.04699007
         748       20.500      200.500      110.500   0.01111332   0.01478648  -0.03302331
         749       40.500        0.500      110.500   0.03038600   0.05611981   0.00705732
         750       40.500       20.500      110.500   0.03649661   0.03402957  -0.00616650
         751       40.500       40.500      110.500   0.03095817   0.01495473  -0.01109843
         752       40.500       60.500      110.500   0.01788817  -0.01309816  -0.03423907
         753       40.500       80.500      110.500   0.03850148  -0.01565674  -0.03730522
         754       40.500      100.500      110.500   0.03166005  -0.01307102  -0.04547050
         755       40.500      120.500      110.500   0.02444826  -0.01178264  -0.03431959
         756       40.500      140.500      110.500   0.01164022  -0.02815909  -0.04216732
         757       40.500      160.500      110.500   0.01652375  -0.01072690  -0.03571762
         758       40.500      180.500      110.500   0.00900962   0.00499199  -0.02796458
         759       40.500      200.500      110.500  -0.00803111  -0.00708273  -0.05662198
         760       60.500        0.500      110.500   0.05035070   0.04415907  -0.00333515
         761       60.500       20.500      110.500   0.02638887   0.03012261  -0.02985067
         762       60.500       40.500      110.500   0.02994563   0.02034264  -0.03728494
         763       60.500       60.500      110.500   0.00796341   0.01713976  -0.05209653
         764       60.500       80.500      110.500   0.01654096  -0.00577662  -0.04273304
         765       60.500      100.500      110.500   0.01792219  -0.01528267  -0.05246441
         766       60.500      120.500      110.500   0.01105240  -0.02235979  -0.05314896
         767       60.500      140.500      110.500   0.01017994  -0.02610335  -0.05936174
         768       60.500      160.500      110.500   0.00777822  -0.01596753  -0.04208236
         769       60.500      180.500      110.500  -0.01017784  -0.01194406  -0.01753045
         770       60.500      200.500      110.500  -0.01069657   0.01668196   0.01151223
         771       80.500        0.500      110.500   0.00360618  -0.00358436  -0.04008236
         772       80.500       20.500      110.500   0.01123446   0.01852420  -0.03397789
         773       80.500       40.500      110.500   0.02882068   0.02535163  -0.06524373
         774       80.500       60.500      110.500   0.00257167   0.01348476  -0.07192518
         775       80.500       80.500      110.500  -0.00619447   0.00667330  -0.07968433
         776       80.500      100.500      110.500  -0.01515221  -0.00929591  -0.07828601
         777       80.500      120.500      110.500  -0.02388569  -0.03728360  -0.07285743
         778       80.500      140.500      110.500  -0.00290745  -0.03385736  -0.05928034
         779       80.500      160.500      110.500  -0.00212524  -0.03289041  -0.02719233
         780       80.500      180.500      110.500   0.01006182   0.00121593  -0.01333131
         781       80.500      200.500      110.500   0.00786093   0.01632836  -0.00589256
         782      100.500        0.500      110.500  -0.00284090  -0.01161141  -0.03755579
         783      100.500       20.500      110.500   0.00398770  -0.00768005  -0.03943050
         784      100.500       40.500      110.500   0.00729836   0.00681333  -0.04857434
         785      100.500       60.500      110.500  -0.00095482   0.00203293  -0.08645076
         786      100.500       80.500      110.500  -0.01421906   0.00244622  -0.09156483
         787      100.500      100.500      110.500  -0.03630385  -0.00946245  -0.10044993
         788      100.500      120.500      110.500  -0.03399186  -0.02501476  -0.08425559
         789      100.500      140.500      110.500  -0.03140977  -0.03485711  -0.04868168
         790      100.500      160.500      110.500  -0.01504441  -0.02200063  -0.03469221
         791      100.500      180.500      110.500   0.02018647   0.00275989  -0.01844114
         792      100.500      200.500      110.500   0.03630363   0.02795200  -0.00255957
         793      120.500        0.500      110.500   0.00537364  -0.04447004  -0.00576610
         794      120.500       20.500      110.500   0.00438788  -0.01540291  -0.03912208
         795      120.500       40.500      110.500   0.00453897  -0.00742976  -0.05349634
         796      120.500       60.500      110.500  -0.00482094  -0.00974340  -0.07394507
         797      120.500       80.500      110.500  -0.02776102  -0.01446413  -0.08761629
         798      120.500      100.500      110.500  -0.03952361   0.00074599  -0.09462507
         799      120.500      120.500      110.500  -0.05029046  -0.00634887  -0.06909485
         800      120.500      140.500      110.500  -0.03110052  -0.00651016  -0.04220849
         801      120.500      160.500      110.500  -0.00411025  -0.02119848  -0.02132945
         802      120.500      180.500      110.500   0.01937054  -0.01412369  -0.01360574
         803      120.500      200.500      110.500   0.05574086  -0.02201969   0.01615566
         804      140.500        0.500      110.500   0.04547755  -0.01990899  -0.04317112
         805      140.500       20.500      110.500   0.01596639  -0.00027184  -0.04303546
         806      140.500       40.500      110.500   0.00449558  -0.00565243  -0.04545662
         807      140.500       60.500      110.500  -0.00445276  -0.02157579  -0.05440041
         808      140.500       80.500      110.500  -0.02770655  -0.02078133  -0.04588948
         809      140.500      100.500      110.500  -0.04323362  -0.00850646  -0.05253210
         810      140.500      120.500      110.500  -0.03817588  -0.00287497  -0.04323644
         811      140.500      140.500      110.500  -0.02943510  -0.01763067  -0.02233290
         812      140.500      160.500      110.500  -0.00202689  -0.01733785  -0.01508879
         813      140.500      180.500      110.500   0.00261710  -0.03532457  -0.00041799
         814      140.500      200.500      110.500   0.00574653  -0.05492075  -0.03801711
         815      160.500        0.500      110.500   0.00081978   0.03157092  -0.04307235
         816      160.500       20.500      110.500   0.00438180   0.01071189  -0.02592541
         817      160.500       40.500      110.500  -0.00853797  -0.00155751  -0.02852582
         818      160.500       60.500      110.500  -0.03225339   0.00912424  -0.02681237
         819      160.500       80.500      110.500  -0.02155261   0.00166444  -0.02175027
         820      160.500      100.500      110.500  -0.03624673   0.01912188  -0.02310893
         821      160.500      120.500      110.500  -0.04014586  -0.00899926  -0.01636681
         822      160.500      140.500      110.500  -0.03421854  -0.01766406  -0.01497647
         823      160.500      160.500      110.500  -0.01888856  -0.01935544  -0.01073104
         824      160.500      180.500      110.500  -0.00628825  -0.04078135  -0.02084729
         825      160.500      200.500      110.500  -0.02593650  -0.05545757  -0.00634242
         826      180.500        0.500      110.500  -0.01378166   0.03836834  -0.00783604
         827      180.500       20.500      110.500  -0.01659970   0.00319522  -0.02222849
         828      180.500       40.500      110.500  -0.01143791   0.00406379  -0.02166511
         829      180.500       60.500      110.500  -0.02677534   0.01302260  -0.02150915
         830      180.500       80.500      110.500  -0.04441318   0.03605017  -0.02128349
         831      180.500      100.500      110.500  -0.04021399   0.01886520  -0.01147703
         832      180.500      120.500      110.500  -0.02776085   0.00367697   0.00301663
         833      180.500      140.500      110.500  -0.02543020  -0.01607980   0.00374597
         834      180.500      160.500      110.500  -0.02995909  -0.02701581  -0.01444585
         835      180.500      180.500      110.500  -0.00807964  -0.01333481  -0.00644842
         836      180.500      200.500      110.500   0.01018255  -0.01968784   0.01438658
         837      200.500        0.500      110.500  -0.07060014  -0.07708195  -0.01891415
         838      200.500       20.500      110.500  -0.01381580   0.00602640   0.00898036
         839      200.500       40.500      110.500  -0.00331256  -0.03118872  -0.02222228
         840      200.500       60.500      110.500  -0.01510210   0.00188376  -0.01904290
         841      200.500       80.500      110.500  -0.05465547   0.04907978  -0.01394995
         842      200.500      100.500      110.500  -0.04626140   0.05419342   0.00761736
         843      200.500      120.500      110.500  -0.04629670  -0.00469844   0.01144596
         844      200.500      140.500      110.500  -0.02433670  -0.02235492   0.02801225
         845      200.500      160.500      110.500  -0.01371847   0.00950201   0.01556719
         846      200.500      180.500      110.500  -0.01467780  -0.02056495   0.01873800
         847      200.500      200.500      110.500   0.02022900  -0.04099455   0.00199522
