        Node       x [um]       y [um]       z [um]       u [um]       v [um]       w [um]
           1       -9.500      -14.500        0.000 -59.19597703 -75.69325629   0.00000000
           2       -9.500        5.500        0.000 -59.38078457 -75.28811620   0.00000000
           3       -9.500       25.500        0.000 -59.86624896 -72.26014883   0.00000000
           4       -9.500       45.500        0.000 -60.51213190 -67.83130558   0.00000000
           5       -9.500       65.500        0.000 -61.51556730 -62.09064752   0.00000000
           6       -9.500       85.500        0.000 -63.12325074 -55.32713665   0.00000000
           7       -9.500      105.500        0.000 -65.04627398 -47.81292774   0.00000000
           8       -9.500      125.500        0.000 -67.03095783 -39.77703603   0.00000000
           9       -9.500      145.500        0.000 -68.80150258 -31.50256739   0.00000000
          10       -9.500      165.500        0.000 -70.11402187 -23.19484680   0.00000000
          11       -9.500      185.500        0.000 -70.98209778 -15.35044915   0.00000000
          12       -9.500      205.500        0.000 -71.37158587  -8.51381231   0.00000000
          13       -9.500      225.500        0.000 -71.71948544  -3.24884193   0.00000000
          14       -9.500      245.500        0.000 -72.20340183   0.42687085   0.00000000
          15       -9.500      265.500        0.000 -72.13801272   0.80280839   0.00000000
          16       10.500      -14.500        0.000 -58.74604671 -75.15604191   0.00000000
          17       10.500        5.500        0.000 -58.96124520 -75.06744920   0.00000000
          18       10.500       25.500        0.000 -59.41759263 -72.04327639   0.00000000
          19       10.500       45.500        0.000 -60.18712584 -67.68249281   0.00000000
          20       10.500       65.500        0.000 -61.35277314 -62.03994161   0.00000000
          21       10.500       85.500        0.000 -62.97878721 -55.37701790   0.00000000
          22       10.500      105.500        0.000 -64.88212877 -47.95191045   0.00000000
          23       10.500      125.500        0.000 -66.82005424 -39.93750154   0.00000000
          24       10.500      145.500        0.000 -68.46647511 -31.58073780   0.00000000
          25       10.500      165.500        0.000 -69.62015329 -23.26501105   0.00000000
          26       10.500      185.500        0.000 -70.28444725 -15.48665111   0.00000000
          27       10.500      205.500        0.000 -70.63973256  -8.75286410   0.00000000
          28       10.500      225.500        0.000 -70.92158904  -3.49363796   0.00000000
          29       10.500      245.500        0.000 -71.20640214   0.16643273   0.00000000
          30       10.500      265.500        0.000 -70.08174995   0.06965748   0.00000000
          31       30.500      -14.500        0.000 -56.53111754 -75.07638598   0.00000000
          32       30.500        5.500        0.000 -56.81964129 -74.93258669   0.00000000
          33       30.500       25.500        0.000 -57.26344792 -72.02919355   0.00000000
          34       30.500       45.500        0.000 -58.12893166 -67.82441602   0.00000000
          35       30.500       65.500        0.000 -59.50341562 -62.39178013   0.00000000
          36       30.500       85.500        0.000 -61.14753321 -55.88917394   0.00000000
          37       30.500      105.500        0.000 -63.04246109 -48.51091494   0.00000000
          38       30.500      125.500        0.000 -64.90244146 -40.41817018   0.00000000
          39       30.500      145.500        0.000 -66.35890512 -31.86013858   0.00000000
          40       30.500      165.500        0.000 -67.29861753 -23.34647904   0.00000000
          41       30.500      185.500        0.000 -67.60778395 -15.36284544   0.00000000
          42       30.500      205.500        0.000 -67.75159206  -8.58719732   0.00000000
          43       30.500      225.500        0.000 -67.84903496  -3.37626861   0.00000000
          44       30.500      245.500        0.000 -67.76448412   0.13936284   0.00000000
          45       30.500      265.500        0.000 -64.62879434   0.21715064   0.00000000
          46       50.500      -14.500        0.000 -52.67461538 -75.34005451   0.00000000
          47       50.500        5.500        0.000 -53.62647021 -75.14208888   0.00000000
          48       50.500       25.500        0.000 -54.06647734 -72.32927397   0.00000000
          49       50.500       45.500        0.000 -54.96426647 -68.29789519   0.00000000
          50       50.500       65.500        0.000 -56.49900198 -63.05066737   0.00000000
          51       50.500       85.500        0.000 -58.22759068 -56.67333617   0.00000000
          52       50.500      105.500        0.000 -60.19715526 -49.26735842   0.00000000
          53       50.500      125.500        0.000 -62.02255121 -40.99755890   0.00000000
          54       50.500      145.500        0.000 -63.26865788 -32.13120227   0.00000000
          55       50.500      165.500        0.000 -63.84644525 -23.18072983   0.00000000
          56       50.500      185.500        0.000 -63.73589619 -14.84672114   0.00000000
          57       50.500      205.500        0.000 -63.43850304  -7.88132923   0.00000000
          58       50.500      225.500        0.000 -63.31338657  -2.73260644   0.00000000
          59       50.500      245.500        0.000 -62.86752767   0.76636473   0.00000000
          60       50.500      265.500        0.000 -57.24802184   1.17278832   0.00000000
          61       70.500      -14.500        0.000 -46.99367683 -75.99723336   0.00000000
          62       70.500        5.500        0.000 -49.54872597 -75.61560507   0.00000000
          63       70.500       25.500        0.000 -50.00608148 -72.89261362   0.00000000
          64       70.500       45.500        0.000 -50.73049626 -69.02222943   0.00000000
          65       70.500       65.500        0.000 -52.20942276 -63.92278563   0.00000000
          66       70.500       85.500        0.000 -53.99664853 -57.61881607   0.00000000
          67       70.500      105.500        0.000 -56.09260401 -50.17456615   0.00000000
          68       70.500      125.500        0.000 -57.95739486 -41.58301245   0.00000000
          69       70.500      145.500        0.000 -59.16901649 -32.19948254   0.00000000
          70       70.500      165.500        0.000 -59.22794568 -22.68354107   0.00000000
          71       70.500      185.500        0.000 -58.81717161 -14.01197736   0.00000000
          72       70.500      205.500        0.000 -57.93058091  -6.77708464   0.00000000
          73       70.500      225.500        0.000 -57.65989920  -1.46266364   0.00000000
          74       70.500      245.500        0.000 -56.96924000   1.91976736   0.00000000
          75       70.500      265.500        0.000 -71.77041537   0.03192088   0.00000000
          76       90.500      -14.500        0.000 -39.80615574 -77.02376968   0.00000000
          77       90.500        5.500        0.000 -44.69352097 -76.28459845   0.00000000
          78       90.500       25.500        0.000 -45.14915635 -73.62439190   0.00000000
          79       90.500       45.500        0.000 -45.48723518 -69.89109607   0.00000000
          80       90.500       65.500        0.000 -46.62212700 -64.87780437   0.00000000
          81       90.500       85.500        0.000 -48.26700228 -58.62519897   0.00000000
          82       90.500      105.500        0.000 -50.21964798 -51.11294366   0.00000000
          83       90.500      125.500        0.000 -52.06297724 -42.27049747   0.00000000
          84       90.500      145.500        0.000 -52.92050276 -32.05596102   0.00000000
          85       90.500      165.500        0.000 -52.85640159 -21.71195371   0.00000000
          86       90.500      185.500        0.000 -52.73727275 -12.87765516   0.00000000
          87       90.500      205.500        0.000 -51.18394189  -5.35814607   0.00000000
          88       90.500      225.500        0.000 -50.50567807   0.45231809   0.00000000
          89       90.500      245.500        0.000 -49.85903603   3.37590313   0.00000000
          90       90.500      265.500        0.000 -120.28935922  -4.88453695   0.00000000
          91      110.500      -14.500        0.000 -34.19661821 -77.91369668   0.00000000
          92      110.500        5.500        0.000 -39.34284095 -77.07418236   0.00000000
          93      110.500       25.500        0.000 -39.53314959 -74.46408229   0.00000000
          94      110.500       45.500        0.000 -39.49268621 -70.76270123   0.00000000
          95      110.500       65.500        0.000 -40.03961626 -65.76605467   0.00000000
          96      110.500       85.500        0.000 -41.03733845 -59.49767885   0.00000000
          97      110.500      105.500        0.000 -42.31949367 -51.97997072   0.00000000
          98      110.500      125.500        0.000 -42.99981492 -42.47610767   0.00000000
          99      110.500      145.500        0.000 -43.15507421 -31.69183605   0.00000000
         100      110.500      165.500        0.000 -43.23557679 -20.96133559   0.00000000
         101      110.500      185.500        0.000 -44.37227147 -11.50522638   0.00000000
         102      110.500      205.500        0.000 -42.94108766  -3.81948149   0.00000000
         103      110.500      225.500        0.000 -33.31163594   3.13611112   0.00000000
         104      110.500      245.500        0.000 -41.50295067   4.88754990   0.00000000
         105      110.500      265.500        0.000 -147.09736036  -7.44552740   0.00000000
         106      130.500      -14.500        0.000 -32.87962698 -78.14100508   0.00000000
         107      130.500        5.500        0.000 -33.84574310 -77.90245220   0.00000000
         108      130.500       25.500        0.000 -33.50676294 -75.32257514   0.00000000
         109      130.500       45.500        0.000 -33.18228742 -71.54759945   0.00000000
         110      130.500       65.500        0.000 -33.02441922 -66.43898318   0.00000000
         111      130.500       85.500        0.000 -32.85771665 -60.06320194   0.00000000
         112      130.500      105.500        0.000 -32.74281748 -52.41613812   0.00000000
         113      130.500      125.500        0.000 -32.35258641 -42.47873214   0.00000000
         114      130.500      145.500        0.000 -32.03116926 -31.48055213   0.00000000
         115      130.500      165.500        0.000 -32.33718375 -20.44010877   0.00000000
         116      130.500      185.500        0.000 -33.56441566 -10.68970195   0.00000000
         117      130.500      205.500        0.000 -33.12354561  -2.75042154   0.00000000
         118      130.500      225.500        0.000 -24.77358647   3.84994463   0.00000000
         119      130.500      245.500        0.000 -32.99176710   6.14442592   0.00000000
         120      130.500      265.500        0.000 -101.54309513  -2.06433993   0.00000000
         121      150.500      -14.500        0.000 -31.82855585 -78.26869346   0.00000000
         122      150.500        5.500        0.000 -28.57130378 -78.71618995   0.00000000
         123      150.500       25.500        0.000 -27.71440277 -76.11300911   0.00000000
         124      150.500       45.500        0.000 -27.07643725 -72.16880957   0.00000000
         125      150.500       65.500        0.000 -26.17078373 -66.89134981   0.00000000
         126      150.500       85.500        0.000 -24.66321396 -60.29407850   0.00000000
         127      150.500      105.500        0.000 -23.04770832 -52.39767760   0.00000000
         128      150.500      125.500        0.000 -21.76318001 -42.45357963   0.00000000
         129      150.500      145.500        0.000 -21.04502840 -31.41423133   0.00000000
         130      150.500      165.500        0.000 -21.53100726 -20.35448808   0.00000000
         131      150.500      185.500        0.000 -22.81789022 -10.34256224   0.00000000
         132      150.500      205.500        0.000 -23.75992959  -2.55095022   0.00000000
         133      150.500      225.500        0.000 -23.05181459   3.36590788   0.00000000
         134      150.500      245.500        0.000 -25.38441538   6.95691199   0.00000000
         135      150.500      265.500        0.000 -35.36221220   6.20900511   0.00000000
         136      170.500      -14.500        0.000 -26.99793058 -78.99138789   0.00000000
         137      170.500        5.500        0.000 -23.86835821 -79.49314518   0.00000000
         138      170.500       25.500        0.000 -22.80178858 -76.77662398   0.00000000
         139      170.500       45.500        0.000 -21.69886769 -72.66525774   0.00000000
         140      170.500       65.500        0.000 -20.03052452 -67.21665591   0.00000000
         141      170.500       85.500        0.000 -17.49660014 -60.37697340   0.00000000
         142      170.500      105.500        0.000 -14.82721188 -52.11262099   0.00000000
         143      170.500      125.500        0.000 -12.40882945 -42.43854431   0.00000000
         144      170.500      145.500        0.000 -11.50348975 -31.34123374   0.00000000
         145      170.500      165.500        0.000 -12.08100297 -20.24794615   0.00000000
         146      170.500      185.500        0.000 -13.91709438 -10.32948328   0.00000000
         147      170.500      205.500        0.000 -16.16968932  -2.46971959   0.00000000
         148      170.500      225.500        0.000 -18.01637661   3.44825610   0.00000000
         149      170.500      245.500        0.000 -18.70507043   7.48636467   0.00000000
         150      170.500      265.500        0.000 -13.22942031   8.64138988   0.00000000
         151      190.500      -14.500        0.000 -21.17371937 -80.06614240   0.00000000
         152      190.500        5.500        0.000 -20.05268344 -80.26601853   0.00000000
         153      190.500       25.500        0.000 -19.02955803 -77.38992180   0.00000000
         154      190.500       45.500        0.000 -17.41556438 -73.11069412   0.00000000
         155      190.500       65.500        0.000 -15.02814022 -67.46785040   0.00000000
         156      190.500       85.500        0.000 -11.90093792 -60.38628958   0.00000000
         157      190.500      105.500        0.000  -8.68920859 -51.82120120   0.00000000
         158      190.500      125.500        0.000  -5.96022334 -41.94290546   0.00000000
         159      190.500      145.500        0.000  -4.63825090 -31.12290964   0.00000000
         160      190.500      165.500        0.000  -5.52752475 -20.16271979   0.00000000
         161      190.500      185.500        0.000  -7.80059545 -10.28699565   0.00000000
         162      190.500      205.500        0.000 -10.38934179  -2.15609722   0.00000000
         163      190.500      225.500        0.000 -12.53087644   3.83870361   0.00000000
         164      190.500      245.500        0.000 -13.62125386   7.90931758   0.00000000
         165      190.500      265.500        0.000 -11.17668242   8.69899285   0.00000000
         166      210.500      -14.500        0.000 -17.39158469 -81.14054421   0.00000000
         167      210.500        5.500        0.000 -17.43582253 -81.10007791   0.00000000
         168      210.500       25.500        0.000 -16.49265254 -78.03583662   0.00000000
         169      210.500       45.500        0.000 -14.52117350 -73.61433870   0.00000000
         170      210.500       65.500        0.000 -11.54863329 -67.74199728   0.00000000
         171      210.500       85.500        0.000  -8.01232590 -60.39819148   0.00000000
         172      210.500      105.500        0.000  -4.49626588 -51.57861967   0.00000000
         173      210.500      125.500        0.000  -1.83532483 -41.47570880   0.00000000
         174      210.500      145.500        0.000  -0.74085156 -30.72755923   0.00000000
         175      210.500      165.500        0.000  -1.49953061 -19.94711182   0.00000000
         176      210.500      185.500        0.000  -3.72661591  -9.95077038   0.00000000
         177      210.500      205.500        0.000  -6.47516099  -1.71832975   0.00000000
         178      210.500      225.500        0.000  -8.81074814   4.35859593   0.00000000
         179      210.500      245.500        0.000 -10.25535083   8.50339173   0.00000000
         180      210.500      265.500        0.000 -10.01240903   8.89283193   0.00000000
         181      230.500      -14.500        0.000 -16.27150833 -82.07911927   0.00000000
         182      230.500        5.500        0.000 -17.01808348 -81.39917536   0.00000000
         183      230.500       25.500        0.000 -16.17460795 -78.31486251   0.00000000
         184      230.500       45.500        0.000 -14.08032273 -73.85853927   0.00000000
         185      230.500       65.500        0.000 -10.89630573 -67.82890296   0.00000000
         186      230.500       85.500        0.000  -7.22154712 -60.40680400   0.00000000
         187      230.500      105.500        0.000  -3.54261799 -51.78643436   0.00000000
         188      230.500      125.500        0.000  -0.77612011 -41.84209535   0.00000000
         189      230.500      145.500        0.000   0.35283878 -30.79265882   0.00000000
         190      230.500      165.500        0.000  -0.51546173 -19.63989635   0.00000000
         191      230.500      185.500        0.000  -2.97752265  -9.61165364   0.00000000
         192      230.500      205.500        0.000  -5.99353119  -1.46626403   0.00000000
         193      230.500      225.500        0.000  -8.66923895   4.58739625   0.00000000
         194      230.500      245.500        0.000 -10.26128193   8.69824449   0.00000000
         195      230.500      265.500        0.000  -9.42960078   9.54157098   0.00000000
