        Node       x [um]       y [um]       z [um]       u [um]       v [um]       w [um]
           1       -9.500      -14.500        0.000  15.83789224   0.06339674   0.00000000
           2       -9.500        5.500        0.000  15.36656231   0.06786024   0.00000000
           3       -9.500       25.500        0.000  14.23635027   0.07825153   0.00000000
           4       -9.500       45.500        0.000  12.53456179   0.09354513   0.00000000
           5       -9.500       65.500        0.000  10.18563579   0.10907015   0.00000000
           6       -9.500       85.500        0.000   7.14730067   0.11327808   0.00000000
           7       -9.500      105.500        0.000   3.58894383   0.11771170   0.00000000
           8       -9.500      125.500        0.000  -0.19537892   0.10507684   0.00000000
           9       -9.500      145.500        0.000  -3.75658793   0.07997450   0.00000000
          10       -9.500      165.500        0.000  -6.76897116   0.04816616   0.00000000
          11       -9.500      185.500        0.000  -9.17013972   0.01841880   0.00000000
          12       -9.500      205.500        0.000 -11.04650622  -0.00386446   0.00000000
          13       -9.500      225.500        0.000 -12.44001464  -0.02101050   0.00000000
          14       -9.500      245.500        0.000 -13.38519238  -0.03374960   0.00000000
          15       -9.500      265.500        0.000 -13.81880020  -0.03027446   0.00000000
          16       10.500      -14.500        0.000  15.62858386   0.05968785   0.00000000
          17       10.500        5.500        0.000  15.17253844   0.06039625   0.00000000
          18       10.500       25.500        0.000  14.03117133   0.06603193   0.00000000
          19       10.500       45.500        0.000  12.33946840   0.07645349   0.00000000
          20       10.500       65.500        0.000  10.07072210   0.09316198   0.00000000
          21       10.500       85.500        0.000   7.15222227   0.10250644   0.00000000
          22       10.500      105.500        0.000   3.62966505   0.09873280   0.00000000
          23       10.500      125.500        0.000  -0.15697850   0.08266091   0.00000000
          24       10.500      145.500        0.000  -3.66643483   0.06165182   0.00000000
          25       10.500      165.500        0.000  -6.59079283   0.03139528   0.00000000
          26       10.500      185.500        0.000  -8.95856663   0.00193898   0.00000000
          27       10.500      205.500        0.000 -10.83169850  -0.01874210   0.00000000
          28       10.500      225.500        0.000 -12.23565820  -0.03368091   0.00000000
          29       10.500      245.500        0.000 -13.18775048  -0.04370469   0.00000000
          30       10.500      265.500        0.000 -13.61027001  -0.04215783   0.00000000
          31       30.500      -14.500        0.000  15.34638320   0.04627452   0.00000000
          32       30.500        5.500        0.000  14.89382218   0.04462057   0.00000000
          33       30.500       25.500        0.000  13.78297227   0.04536124   0.00000000
          34       30.500       45.500        0.000  12.11942143   0.04594490   0.00000000
          35       30.500       65.500        0.000   9.91402200   0.05018018   0.00000000
          36       30.500       85.500        0.000   7.22558822   0.07662968   0.00000000
          37       30.500      105.500        0.000   3.77592572   0.05662229   0.00000000
          38       30.500      125.500        0.000  -0.01770491   0.04674027   0.00000000
          39       30.500      145.500        0.000  -3.50851704   0.03853045   0.00000000
          40       30.500      165.500        0.000  -6.32095191   0.00397586   0.00000000
          41       30.500      185.500        0.000  -8.68325847  -0.01386376   0.00000000
          42       30.500      205.500        0.000 -10.56821475  -0.02728940   0.00000000
          43       30.500      225.500        0.000 -11.98147925  -0.03772617   0.00000000
          44       30.500      245.500        0.000 -12.92086183  -0.04505748   0.00000000
          45       30.500      265.500        0.000 -13.33776215  -0.04500620   0.00000000
          46       50.500      -14.500        0.000  15.11617598   0.03027334   0.00000000
          47       50.500        5.500        0.000  14.66308714   0.02754214   0.00000000
          48       50.500       25.500        0.000  13.55987124   0.02380501   0.00000000
          49       50.500       45.500        0.000  11.90527089   0.01512427   0.00000000
          50       50.500       65.500        0.000   9.71999644  -0.00050291   0.00000000
          51       50.500       85.500        0.000   6.97040122  -0.01553978   0.00000000
          52       50.500      105.500        0.000   3.71377259   0.01000262   0.00000000
          53       50.500      125.500        0.000   0.20562272   0.00904490   0.00000000
          54       50.500      145.500        0.000  -3.12642063  -0.00855702   0.00000000
          55       50.500      165.500        0.000  -6.01953373  -0.02119766   0.00000000
          56       50.500      185.500        0.000  -8.40535482  -0.02865741   0.00000000
          57       50.500      205.500        0.000 -10.31478739  -0.03571097   0.00000000
          58       50.500      225.500        0.000 -11.74251375  -0.04196002   0.00000000
          59       50.500      245.500        0.000 -12.68665734  -0.04686975   0.00000000
          60       50.500      265.500        0.000 -13.09853033  -0.04944725   0.00000000
          61       70.500      -14.500        0.000  14.94235751   0.01802351   0.00000000
          62       70.500        5.500        0.000  14.48323662   0.01470504   0.00000000
          63       70.500       25.500        0.000  13.37947538   0.00922508   0.00000000
          64       70.500       45.500        0.000  11.71749453  -0.00259599   0.00000000
          65       70.500       65.500        0.000   9.50462979  -0.01879039   0.00000000
          66       70.500       85.500        0.000   6.77844099  -0.02776755   0.00000000
          67       70.500      105.500        0.000   3.64835749  -0.01845220   0.00000000
          68       70.500      125.500        0.000   0.33882977  -0.01318816   0.00000000
          69       70.500      145.500        0.000  -2.86927586  -0.01974855   0.00000000
          70       70.500      165.500        0.000  -5.74407103  -0.02965752   0.00000000
          71       70.500      185.500        0.000  -8.16746422  -0.03556522   0.00000000
          72       70.500      205.500        0.000 -10.10270890  -0.04024054   0.00000000
          73       70.500      225.500        0.000 -11.54666535  -0.04465449   0.00000000
          74       70.500      245.500        0.000 -12.49844277  -0.04815037   0.00000000
          75       70.500      265.500        0.000 -12.91158648  -0.05287785   0.00000000
          76       90.500      -14.500        0.000  14.84842121   0.00987626   0.00000000
          77       90.500        5.500        0.000  14.37495970   0.00559918   0.00000000
          78       90.500       25.500        0.000  13.26998643   0.00245499   0.00000000
          79       90.500       45.500        0.000  11.59870967  -0.00352588   0.00000000
          80       90.500       65.500        0.000   9.38042961  -0.00953665   0.00000000
          81       90.500       85.500        0.000   6.67480307  -0.01305027   0.00000000
          82       90.500      105.500        0.000   3.61321020  -0.01154895   0.00000000
          83       90.500      125.500        0.000   0.39540843  -0.00953292   0.00000000
          84       90.500      145.500        0.000  -2.73975258  -0.01274325   0.00000000
          85       90.500      165.500        0.000  -5.58826968  -0.02425358   0.00000000
          86       90.500      185.500        0.000  -8.01613261  -0.03332056   0.00000000
          87       90.500      205.500        0.000  -9.96354166  -0.04078411   0.00000000
          88       90.500      225.500        0.000 -11.41504613  -0.04639337   0.00000000
          89       90.500      245.500        0.000 -12.37010463  -0.04985216   0.00000000
          90       90.500      265.500        0.000 -12.78580920  -0.05562146   0.00000000
          91      110.500      -14.500        0.000  14.83447515  -0.00063604   0.00000000
          92      110.500        5.500        0.000  14.35365055  -0.00437509   0.00000000
          93      110.500       25.500        0.000  13.25222020  -0.00245937   0.00000000
          94      110.500       45.500        0.000  11.58511290   0.00113075   0.00000000
          95      110.500       65.500        0.000   9.37043564   0.00452174   0.00000000
          96      110.500       85.500        0.000   6.66797004   0.00646520   0.00000000
          97      110.500      105.500        0.000   3.60976664   0.00690715   0.00000000
          98      110.500      125.500        0.000   0.39834211   0.00705209   0.00000000
          99      110.500      145.500        0.000  -2.72724029   0.00214652   0.00000000
         100      110.500      165.500        0.000  -5.56282981  -0.01368354   0.00000000
         101      110.500      185.500        0.000  -7.97691472  -0.02820319   0.00000000
         102      110.500      205.500        0.000  -9.91332739  -0.04118169   0.00000000
         103      110.500      225.500        0.000 -11.35861192  -0.04990214   0.00000000
         104      110.500      245.500        0.000 -12.31230688  -0.05477972   0.00000000
         105      110.500      265.500        0.000 -12.72846040  -0.06104801   0.00000000
         106      130.500      -14.500        0.000  14.88913436  -0.01792279   0.00000000
         107      130.500        5.500        0.000  14.41692627  -0.01982447   0.00000000
         108      130.500       25.500        0.000  13.32666048  -0.01392747   0.00000000
         109      130.500       45.500        0.000  11.68071065  -0.00295220   0.00000000
         110      130.500       65.500        0.000   9.48290332   0.01024398   0.00000000
         111      130.500       85.500        0.000   6.76734072   0.01671848   0.00000000
         112      130.500      105.500        0.000   3.64789242   0.01129462   0.00000000
         113      130.500      125.500        0.000   0.35743965   0.01154139   0.00000000
         114      130.500      145.500        0.000  -2.81981559   0.01340821   0.00000000
         115      130.500      165.500        0.000  -5.65509470  -0.00652734   0.00000000
         116      130.500      185.500        0.000  -8.04100971  -0.02960172   0.00000000
         117      130.500      205.500        0.000  -9.94893486  -0.04743940   0.00000000
         118      130.500      225.500        0.000 -11.37752100  -0.05843062   0.00000000
         119      130.500      245.500        0.000 -12.32259737  -0.06442503   0.00000000
         120      130.500      265.500        0.000 -12.73581267  -0.07086921   0.00000000
         121      150.500      -14.500        0.000  15.00272587  -0.04396719   0.00000000
         122      150.500        5.500        0.000  14.54978560  -0.04367944   0.00000000
         123      150.500       25.500        0.000  13.47291175  -0.03792336   0.00000000
         124      150.500       45.500        0.000  11.85210986  -0.02683364   0.00000000
         125      150.500       65.500        0.000   9.70258998  -0.01091868   0.00000000
         126      150.500       85.500        0.000   6.97933007   0.00075064   0.00000000
         127      150.500      105.500        0.000   3.74743556  -0.02138954   0.00000000
         128      150.500      125.500        0.000   0.27043486  -0.02266057   0.00000000
         129      150.500      145.500        0.000  -3.00868624  -0.00210181   0.00000000
         130      150.500      165.500        0.000  -5.83786356  -0.02551456   0.00000000
         131      150.500      185.500        0.000  -8.16630659  -0.04778242   0.00000000
         132      150.500      205.500        0.000 -10.04381778  -0.06349359   0.00000000
         133      150.500      225.500        0.000 -11.45575752  -0.07380547   0.00000000
         134      150.500      245.500        0.000 -12.39390127  -0.07975231   0.00000000
         135      150.500      265.500        0.000 -12.80445724  -0.08535280   0.00000000
         136      170.500      -14.500        0.000  15.16864176  -0.07540427   0.00000000
         137      170.500        5.500        0.000  14.73143029  -0.07440126   0.00000000
         138      170.500       25.500        0.000  13.65722427  -0.07168809   0.00000000
         139      170.500       45.500        0.000  12.04540921  -0.06706555   0.00000000
         140      170.500       65.500        0.000   9.91119003  -0.06578710   0.00000000
         141      170.500       85.500        0.000   7.29853277  -0.08567596   0.00000000
         142      170.500      105.500        0.000   3.91256534  -0.07654200   0.00000000
         143      170.500      125.500        0.000   0.16025019  -0.08075348   0.00000000
         144      170.500      145.500        0.000  -3.26812654  -0.09668159   0.00000000
         145      170.500      165.500        0.000  -5.98246190  -0.07710876   0.00000000
         146      170.500      185.500        0.000  -8.29804968  -0.08102447   0.00000000
         147      170.500      205.500        0.000 -10.16685632  -0.08809590   0.00000000
         148      170.500      225.500        0.000 -11.57672983  -0.09432024   0.00000000
         149      170.500      245.500        0.000 -12.51518032  -0.09920377   0.00000000
         150      170.500      265.500        0.000 -12.92495972  -0.10429907   0.00000000
         151      190.500      -14.500        0.000  15.38040343  -0.11073702   0.00000000
         152      190.500        5.500        0.000  14.94834712  -0.10703867   0.00000000
         153      190.500       25.500        0.000  13.86075399  -0.10752647   0.00000000
         154      190.500       45.500        0.000  12.22114232  -0.11044550   0.00000000
         155      190.500       65.500        0.000  10.04572293  -0.12050369   0.00000000
         156      190.500       85.500        0.000   7.29048592  -0.13085549   0.00000000
         157      190.500      105.500        0.000   3.92739664  -0.13246703   0.00000000
         158      190.500      125.500        0.000   0.26738964  -0.13530777   0.00000000
         159      190.500      145.500        0.000  -3.15396432  -0.13611134   0.00000000
         160      190.500      165.500        0.000  -6.03998512  -0.12708990   0.00000000
         161      190.500      185.500        0.000  -8.40528741  -0.11732084   0.00000000
         162      190.500      205.500        0.000 -10.30221409  -0.11518216   0.00000000
         163      190.500      225.500        0.000 -11.72817065  -0.11661154   0.00000000
         164      190.500      245.500        0.000 -12.67633468  -0.11928399   0.00000000
         165      190.500      265.500        0.000 -13.08872134  -0.12335641   0.00000000
         166      210.500      -14.500        0.000  15.64227169  -0.14040648   0.00000000
         167      210.500        5.500        0.000  15.20667997  -0.13342529   0.00000000
         168      210.500       25.500        0.000  14.07925749  -0.13507014   0.00000000
         169      210.500       45.500        0.000  12.39653829  -0.14161977   0.00000000
         170      210.500       65.500        0.000  10.13106683  -0.15083335   0.00000000
         171      210.500       85.500        0.000   7.27153903  -0.15915409   0.00000000
         172      210.500      105.500        0.000   3.92105424  -0.16433937   0.00000000
         173      210.500      125.500        0.000   0.35316175  -0.16531970   0.00000000
         174      210.500      145.500        0.000  -3.06295637  -0.16220816   0.00000000
         175      210.500      165.500        0.000  -6.05391335  -0.15362970   0.00000000
         176      210.500      185.500        0.000  -8.51562424  -0.14369727   0.00000000
         177      210.500      205.500        0.000 -10.45899351  -0.13691362   0.00000000
         178      210.500      225.500        0.000 -11.90825010  -0.13435605   0.00000000
         179      210.500      245.500        0.000 -12.88383860  -0.13461549   0.00000000
         180      210.500      265.500        0.000 -13.30650580  -0.13789457   0.00000000
         181      230.500      -14.500        0.000  15.85774443  -0.17000810   0.00000000
         182      230.500        5.500        0.000  15.41081122  -0.15499730   0.00000000
         183      230.500       25.500        0.000  14.28871616  -0.15863240   0.00000000
         184      230.500       45.500        0.000  12.58674201  -0.16629302   0.00000000
         185      230.500       65.500        0.000  10.24219358  -0.17171224   0.00000000
         186      230.500       85.500        0.000   7.30806778  -0.17638471   0.00000000
         187      230.500      105.500        0.000   3.94792282  -0.18311169   0.00000000
         188      230.500      125.500        0.000   0.38948879  -0.18503358   0.00000000
         189      230.500      145.500        0.000  -3.06726397  -0.17883356   0.00000000
         190      230.500      165.500        0.000  -6.12263612  -0.16578931   0.00000000
         191      230.500      185.500        0.000  -8.63484781  -0.15507345   0.00000000
         192      230.500      205.500        0.000 -10.60028434  -0.14944858   0.00000000
         193      230.500      225.500        0.000 -12.05735123  -0.14511459   0.00000000
         194      230.500      245.500        0.000 -13.03798330  -0.14198935   0.00000000
         195      230.500      265.500        0.000 -13.48029409  -0.14367022   0.00000000
