E, 1, 2, 13, 12, 122, 123, 134, 133 
E, 2, 3, 14, 13, 123, 124, 135, 134 
E, 3, 4, 15, 14, 124, 125, 136, 135 
E, 4, 5, 16, 15, 125, 126, 137, 136 
E, 5, 6, 17, 16, 126, 127, 138, 137 
E, 6, 7, 18, 17, 127, 128, 139, 138 
E, 7, 8, 19, 18, 128, 129, 140, 139 
E, 8, 9, 20, 19, 129, 130, 141, 140 
E, 9, 10, 21, 20, 130, 131, 142, 141 
E, 10, 11, 22, 21, 131, 132, 143, 142 
E, 12, 13, 24, 23, 133, 134, 145, 144 
E, 13, 14, 25, 24, 134, 135, 146, 145 
E, 14, 15, 26, 25, 135, 136, 147, 146 
E, 15, 16, 27, 26, 136, 137, 148, 147 
E, 16, 17, 28, 27, 137, 138, 149, 148 
E, 17, 18, 29, 28, 138, 139, 150, 149 
E, 18, 19, 30, 29, 139, 140, 151, 150 
E, 19, 20, 31, 30, 140, 141, 152, 151 
E, 20, 21, 32, 31, 141, 142, 153, 152 
E, 21, 22, 33, 32, 142, 143, 154, 153 
E, 23, 24, 35, 34, 144, 145, 156, 155 
E, 24, 25, 36, 35, 145, 146, 157, 156 
E, 25, 26, 37, 36, 146, 147, 158, 157 
E, 26, 27, 38, 37, 147, 148, 159, 158 
E, 27, 28, 39, 38, 148, 149, 160, 159 
E, 28, 29, 40, 39, 149, 150, 161, 160 
E, 29, 30, 41, 40, 150, 151, 162, 161 
E, 30, 31, 42, 41, 151, 152, 163, 162 
E, 31, 32, 43, 42, 152, 153, 164, 163 
E, 32, 33, 44, 43, 153, 154, 165, 164 
E, 34, 35, 46, 45, 155, 156, 167, 166 
E, 35, 36, 47, 46, 156, 157, 168, 167 
E, 36, 37, 48, 47, 157, 158, 169, 168 
E, 37, 38, 49, 48, 158, 159, 170, 169 
E, 38, 39, 50, 49, 159, 160, 171, 170 
E, 39, 40, 51, 50, 160, 161, 172, 171 
E, 40, 41, 52, 51, 161, 162, 173, 172 
E, 41, 42, 53, 52, 162, 163, 174, 173 
E, 42, 43, 54, 53, 163, 164, 175, 174 
E, 43, 44, 55, 54, 164, 165, 176, 175 
E, 45, 46, 57, 56, 166, 167, 178, 177 
E, 46, 47, 58, 57, 167, 168, 179, 178 
E, 47, 48, 59, 58, 168, 169, 180, 179 
E, 48, 49, 60, 59, 169, 170, 181, 180 
E, 49, 50, 61, 60, 170, 171, 182, 181 
E, 50, 51, 62, 61, 171, 172, 183, 182 
E, 51, 52, 63, 62, 172, 173, 184, 183 
E, 52, 53, 64, 63, 173, 174, 185, 184 
E, 53, 54, 65, 64, 174, 175, 186, 185 
E, 54, 55, 66, 65, 175, 176, 187, 186 
E, 56, 57, 68, 67, 177, 178, 189, 188 
E, 57, 58, 69, 68, 178, 179, 190, 189 
E, 58, 59, 70, 69, 179, 180, 191, 190 
E, 59, 60, 71, 70, 180, 181, 192, 191 
E, 60, 61, 72, 71, 181, 182, 193, 192 
E, 61, 62, 73, 72, 182, 183, 194, 193 
E, 62, 63, 74, 73, 183, 184, 195, 194 
E, 63, 64, 75, 74, 184, 185, 196, 195 
E, 64, 65, 76, 75, 185, 186, 197, 196 
E, 65, 66, 77, 76, 186, 187, 198, 197 
E, 67, 68, 79, 78, 188, 189, 200, 199 
E, 68, 69, 80, 79, 189, 190, 201, 200 
E, 69, 70, 81, 80, 190, 191, 202, 201 
E, 70, 71, 82, 81, 191, 192, 203, 202 
E, 71, 72, 83, 82, 192, 193, 204, 203 
E, 72, 73, 84, 83, 193, 194, 205, 204 
E, 73, 74, 85, 84, 194, 195, 206, 205 
E, 74, 75, 86, 85, 195, 196, 207, 206 
E, 75, 76, 87, 86, 196, 197, 208, 207 
E, 76, 77, 88, 87, 197, 198, 209, 208 
E, 78, 79, 90, 89, 199, 200, 211, 210 
E, 79, 80, 91, 90, 200, 201, 212, 211 
E, 80, 81, 92, 91, 201, 202, 213, 212 
E, 81, 82, 93, 92, 202, 203, 214, 213 
E, 82, 83, 94, 93, 203, 204, 215, 214 
E, 83, 84, 95, 94, 204, 205, 216, 215 
E, 84, 85, 96, 95, 205, 206, 217, 216 
E, 85, 86, 97, 96, 206, 207, 218, 217 
E, 86, 87, 98, 97, 207, 208, 219, 218 
E, 87, 88, 99, 98, 208, 209, 220, 219 
E, 89, 90, 101, 100, 210, 211, 222, 221 
E, 90, 91, 102, 101, 211, 212, 223, 222 
E, 91, 92, 103, 102, 212, 213, 224, 223 
E, 92, 93, 104, 103, 213, 214, 225, 224 
E, 93, 94, 105, 104, 214, 215, 226, 225 
E, 94, 95, 106, 105, 215, 216, 227, 226 
E, 95, 96, 107, 106, 216, 217, 228, 227 
E, 96, 97, 108, 107, 217, 218, 229, 228 
E, 97, 98, 109, 108, 218, 219, 230, 229 
E, 98, 99, 110, 109, 219, 220, 231, 230 
E, 100, 101, 112, 111, 221, 222, 233, 232 
E, 101, 102, 113, 112, 222, 223, 234, 233 
E, 102, 103, 114, 113, 223, 224, 235, 234 
E, 103, 104, 115, 114, 224, 225, 236, 235 
E, 104, 105, 116, 115, 225, 226, 237, 236 
E, 105, 106, 117, 116, 226, 227, 238, 237 
E, 106, 107, 118, 117, 227, 228, 239, 238 
E, 107, 108, 119, 118, 228, 229, 240, 239 
E, 108, 109, 120, 119, 229, 230, 241, 240 
E, 109, 110, 121, 120, 230, 231, 242, 241 
E, 122, 123, 134, 133, 243, 244, 255, 254 
E, 123, 124, 135, 134, 244, 245, 256, 255 
E, 124, 125, 136, 135, 245, 246, 257, 256 
E, 125, 126, 137, 136, 246, 247, 258, 257 
E, 126, 127, 138, 137, 247, 248, 259, 258 
E, 127, 128, 139, 138, 248, 249, 260, 259 
E, 128, 129, 140, 139, 249, 250, 261, 260 
E, 129, 130, 141, 140, 250, 251, 262, 261 
E, 130, 131, 142, 141, 251, 252, 263, 262 
E, 131, 132, 143, 142, 252, 253, 264, 263 
E, 133, 134, 145, 144, 254, 255, 266, 265 
E, 134, 135, 146, 145, 255, 256, 267, 266 
E, 135, 136, 147, 146, 256, 257, 268, 267 
E, 136, 137, 148, 147, 257, 258, 269, 268 
E, 137, 138, 149, 148, 258, 259, 270, 269 
E, 138, 139, 150, 149, 259, 260, 271, 270 
E, 139, 140, 151, 150, 260, 261, 272, 271 
E, 140, 141, 152, 151, 261, 262, 273, 272 
E, 141, 142, 153, 152, 262, 263, 274, 273 
E, 142, 143, 154, 153, 263, 264, 275, 274 
E, 144, 145, 156, 155, 265, 266, 277, 276 
E, 145, 146, 157, 156, 266, 267, 278, 277 
E, 146, 147, 158, 157, 267, 268, 279, 278 
E, 147, 148, 159, 158, 268, 269, 280, 279 
E, 148, 149, 160, 159, 269, 270, 281, 280 
E, 149, 150, 161, 160, 270, 271, 282, 281 
E, 150, 151, 162, 161, 271, 272, 283, 282 
E, 151, 152, 163, 162, 272, 273, 284, 283 
E, 152, 153, 164, 163, 273, 274, 285, 284 
E, 153, 154, 165, 164, 274, 275, 286, 285 
E, 155, 156, 167, 166, 276, 277, 288, 287 
E, 156, 157, 168, 167, 277, 278, 289, 288 
E, 157, 158, 169, 168, 278, 279, 290, 289 
E, 158, 159, 170, 169, 279, 280, 291, 290 
E, 159, 160, 171, 170, 280, 281, 292, 291 
E, 160, 161, 172, 171, 281, 282, 293, 292 
E, 161, 162, 173, 172, 282, 283, 294, 293 
E, 162, 163, 174, 173, 283, 284, 295, 294 
E, 163, 164, 175, 174, 284, 285, 296, 295 
E, 164, 165, 176, 175, 285, 286, 297, 296 
E, 166, 167, 178, 177, 287, 288, 299, 298 
E, 167, 168, 179, 178, 288, 289, 300, 299 
E, 168, 169, 180, 179, 289, 290, 301, 300 
E, 169, 170, 181, 180, 290, 291, 302, 301 
E, 170, 171, 182, 181, 291, 292, 303, 302 
E, 171, 172, 183, 182, 292, 293, 304, 303 
E, 172, 173, 184, 183, 293, 294, 305, 304 
E, 173, 174, 185, 184, 294, 295, 306, 305 
E, 174, 175, 186, 185, 295, 296, 307, 306 
E, 175, 176, 187, 186, 296, 297, 308, 307 
E, 177, 178, 189, 188, 298, 299, 310, 309 
E, 178, 179, 190, 189, 299, 300, 311, 310 
E, 179, 180, 191, 190, 300, 301, 312, 311 
E, 180, 181, 192, 191, 301, 302, 313, 312 
E, 181, 182, 193, 192, 302, 303, 314, 313 
E, 182, 183, 194, 193, 303, 304, 315, 314 
E, 183, 184, 195, 194, 304, 305, 316, 315 
E, 184, 185, 196, 195, 305, 306, 317, 316 
E, 185, 186, 197, 196, 306, 307, 318, 317 
E, 186, 187, 198, 197, 307, 308, 319, 318 
E, 188, 189, 200, 199, 309, 310, 321, 320 
E, 189, 190, 201, 200, 310, 311, 322, 321 
E, 190, 191, 202, 201, 311, 312, 323, 322 
E, 191, 192, 203, 202, 312, 313, 324, 323 
E, 192, 193, 204, 203, 313, 314, 325, 324 
E, 193, 194, 205, 204, 314, 315, 326, 325 
E, 194, 195, 206, 205, 315, 316, 327, 326 
E, 195, 196, 207, 206, 316, 317, 328, 327 
E, 196, 197, 208, 207, 317, 318, 329, 328 
E, 197, 198, 209, 208, 318, 319, 330, 329 
E, 199, 200, 211, 210, 320, 321, 332, 331 
E, 200, 201, 212, 211, 321, 322, 333, 332 
E, 201, 202, 213, 212, 322, 323, 334, 333 
E, 202, 203, 214, 213, 323, 324, 335, 334 
E, 203, 204, 215, 214, 324, 325, 336, 335 
E, 204, 205, 216, 215, 325, 326, 337, 336 
E, 205, 206, 217, 216, 326, 327, 338, 337 
E, 206, 207, 218, 217, 327, 328, 339, 338 
E, 207, 208, 219, 218, 328, 329, 340, 339 
E, 208, 209, 220, 219, 329, 330, 341, 340 
E, 210, 211, 222, 221, 331, 332, 343, 342 
E, 211, 212, 223, 222, 332, 333, 344, 343 
E, 212, 213, 224, 223, 333, 334, 345, 344 
E, 213, 214, 225, 224, 334, 335, 346, 345 
E, 214, 215, 226, 225, 335, 336, 347, 346 
E, 215, 216, 227, 226, 336, 337, 348, 347 
E, 216, 217, 228, 227, 337, 338, 349, 348 
E, 217, 218, 229, 228, 338, 339, 350, 349 
E, 218, 219, 230, 229, 339, 340, 351, 350 
E, 219, 220, 231, 230, 340, 341, 352, 351 
E, 221, 222, 233, 232, 342, 343, 354, 353 
E, 222, 223, 234, 233, 343, 344, 355, 354 
E, 223, 224, 235, 234, 344, 345, 356, 355 
E, 224, 225, 236, 235, 345, 346, 357, 356 
E, 225, 226, 237, 236, 346, 347, 358, 357 
E, 226, 227, 238, 237, 347, 348, 359, 358 
E, 227, 228, 239, 238, 348, 349, 360, 359 
E, 228, 229, 240, 239, 349, 350, 361, 360 
E, 229, 230, 241, 240, 350, 351, 362, 361 
E, 230, 231, 242, 241, 351, 352, 363, 362 
E, 243, 244, 255, 254, 364, 365, 376, 375 
E, 244, 245, 256, 255, 365, 366, 377, 376 
E, 245, 246, 257, 256, 366, 367, 378, 377 
E, 246, 247, 258, 257, 367, 368, 379, 378 
E, 247, 248, 259, 258, 368, 369, 380, 379 
E, 248, 249, 260, 259, 369, 370, 381, 380 
E, 249, 250, 261, 260, 370, 371, 382, 381 
E, 250, 251, 262, 261, 371, 372, 383, 382 
E, 251, 252, 263, 262, 372, 373, 384, 383 
E, 252, 253, 264, 263, 373, 374, 385, 384 
E, 254, 255, 266, 265, 375, 376, 387, 386 
E, 255, 256, 267, 266, 376, 377, 388, 387 
E, 256, 257, 268, 267, 377, 378, 389, 388 
E, 257, 258, 269, 268, 378, 379, 390, 389 
E, 258, 259, 270, 269, 379, 380, 391, 390 
E, 259, 260, 271, 270, 380, 381, 392, 391 
E, 260, 261, 272, 271, 381, 382, 393, 392 
E, 261, 262, 273, 272, 382, 383, 394, 393 
E, 262, 263, 274, 273, 383, 384, 395, 394 
E, 263, 264, 275, 274, 384, 385, 396, 395 
E, 265, 266, 277, 276, 386, 387, 398, 397 
E, 266, 267, 278, 277, 387, 388, 399, 398 
E, 267, 268, 279, 278, 388, 389, 400, 399 
E, 268, 269, 280, 279, 389, 390, 401, 400 
E, 269, 270, 281, 280, 390, 391, 402, 401 
E, 270, 271, 282, 281, 391, 392, 403, 402 
E, 271, 272, 283, 282, 392, 393, 404, 403 
E, 272, 273, 284, 283, 393, 394, 405, 404 
E, 273, 274, 285, 284, 394, 395, 406, 405 
E, 274, 275, 286, 285, 395, 396, 407, 406 
E, 276, 277, 288, 287, 397, 398, 409, 408 
E, 277, 278, 289, 288, 398, 399, 410, 409 
E, 278, 279, 290, 289, 399, 400, 411, 410 
E, 279, 280, 291, 290, 400, 401, 412, 411 
E, 280, 281, 292, 291, 401, 402, 413, 412 
E, 281, 282, 293, 292, 402, 403, 414, 413 
E, 282, 283, 294, 293, 403, 404, 415, 414 
E, 283, 284, 295, 294, 404, 405, 416, 415 
E, 284, 285, 296, 295, 405, 406, 417, 416 
E, 285, 286, 297, 296, 406, 407, 418, 417 
E, 287, 288, 299, 298, 408, 409, 420, 419 
E, 288, 289, 300, 299, 409, 410, 421, 420 
E, 289, 290, 301, 300, 410, 411, 422, 421 
E, 290, 291, 302, 301, 411, 412, 423, 422 
E, 291, 292, 303, 302, 412, 413, 424, 423 
E, 292, 293, 304, 303, 413, 414, 425, 424 
E, 293, 294, 305, 304, 414, 415, 426, 425 
E, 294, 295, 306, 305, 415, 416, 427, 426 
E, 295, 296, 307, 306, 416, 417, 428, 427 
E, 296, 297, 308, 307, 417, 418, 429, 428 
E, 298, 299, 310, 309, 419, 420, 431, 430 
E, 299, 300, 311, 310, 420, 421, 432, 431 
E, 300, 301, 312, 311, 421, 422, 433, 432 
E, 301, 302, 313, 312, 422, 423, 434, 433 
E, 302, 303, 314, 313, 423, 424, 435, 434 
E, 303, 304, 315, 314, 424, 425, 436, 435 
E, 304, 305, 316, 315, 425, 426, 437, 436 
E, 305, 306, 317, 316, 426, 427, 438, 437 
E, 306, 307, 318, 317, 427, 428, 439, 438 
E, 307, 308, 319, 318, 428, 429, 440, 439 
E, 309, 310, 321, 320, 430, 431, 442, 441 
E, 310, 311, 322, 321, 431, 432, 443, 442 
E, 311, 312, 323, 322, 432, 433, 444, 443 
E, 312, 313, 324, 323, 433, 434, 445, 444 
E, 313, 314, 325, 324, 434, 435, 446, 445 
E, 314, 315, 326, 325, 435, 436, 447, 446 
E, 315, 316, 327, 326, 436, 437, 448, 447 
E, 316, 317, 328, 327, 437, 438, 449, 448 
E, 317, 318, 329, 328, 438, 439, 450, 449 
E, 318, 319, 330, 329, 439, 440, 451, 450 
E, 320, 321, 332, 331, 441, 442, 453, 452 
E, 321, 322, 333, 332, 442, 443, 454, 453 
E, 322, 323, 334, 333, 443, 444, 455, 454 
E, 323, 324, 335, 334, 444, 445, 456, 455 
E, 324, 325, 336, 335, 445, 446, 457, 456 
E, 325, 326, 337, 336, 446, 447, 458, 457 
E, 326, 327, 338, 337, 447, 448, 459, 458 
E, 327, 328, 339, 338, 448, 449, 460, 459 
E, 328, 329, 340, 339, 449, 450, 461, 460 
E, 329, 330, 341, 340, 450, 451, 462, 461 
E, 331, 332, 343, 342, 452, 453, 464, 463 
E, 332, 333, 344, 343, 453, 454, 465, 464 
E, 333, 334, 345, 344, 454, 455, 466, 465 
E, 334, 335, 346, 345, 455, 456, 467, 466 
E, 335, 336, 347, 346, 456, 457, 468, 467 
E, 336, 337, 348, 347, 457, 458, 469, 468 
E, 337, 338, 349, 348, 458, 459, 470, 469 
E, 338, 339, 350, 349, 459, 460, 471, 470 
E, 339, 340, 351, 350, 460, 461, 472, 471 
E, 340, 341, 352, 351, 461, 462, 473, 472 
E, 342, 343, 354, 353, 463, 464, 475, 474 
E, 343, 344, 355, 354, 464, 465, 476, 475 
E, 344, 345, 356, 355, 465, 466, 477, 476 
E, 345, 346, 357, 356, 466, 467, 478, 477 
E, 346, 347, 358, 357, 467, 468, 479, 478 
E, 347, 348, 359, 358, 468, 469, 480, 479 
E, 348, 349, 360, 359, 469, 470, 481, 480 
E, 349, 350, 361, 360, 470, 471, 482, 481 
E, 350, 351, 362, 361, 471, 472, 483, 482 
E, 351, 352, 363, 362, 472, 473, 484, 483 
E, 364, 365, 376, 375, 485, 486, 497, 496 
E, 365, 366, 377, 376, 486, 487, 498, 497 
E, 366, 367, 378, 377, 487, 488, 499, 498 
E, 367, 368, 379, 378, 488, 489, 500, 499 
E, 368, 369, 380, 379, 489, 490, 501, 500 
E, 369, 370, 381, 380, 490, 491, 502, 501 
E, 370, 371, 382, 381, 491, 492, 503, 502 
E, 371, 372, 383, 382, 492, 493, 504, 503 
E, 372, 373, 384, 383, 493, 494, 505, 504 
E, 373, 374, 385, 384, 494, 495, 506, 505 
E, 375, 376, 387, 386, 496, 497, 508, 507 
E, 376, 377, 388, 387, 497, 498, 509, 508 
E, 377, 378, 389, 388, 498, 499, 510, 509 
E, 378, 379, 390, 389, 499, 500, 511, 510 
E, 379, 380, 391, 390, 500, 501, 512, 511 
E, 380, 381, 392, 391, 501, 502, 513, 512 
E, 381, 382, 393, 392, 502, 503, 514, 513 
E, 382, 383, 394, 393, 503, 504, 515, 514 
E, 383, 384, 395, 394, 504, 505, 516, 515 
E, 384, 385, 396, 395, 505, 506, 517, 516 
E, 386, 387, 398, 397, 507, 508, 519, 518 
E, 387, 388, 399, 398, 508, 509, 520, 519 
E, 388, 389, 400, 399, 509, 510, 521, 520 
E, 389, 390, 401, 400, 510, 511, 522, 521 
E, 390, 391, 402, 401, 511, 512, 523, 522 
E, 391, 392, 403, 402, 512, 513, 524, 523 
E, 392, 393, 404, 403, 513, 514, 525, 524 
E, 393, 394, 405, 404, 514, 515, 526, 525 
E, 394, 395, 406, 405, 515, 516, 527, 526 
E, 395, 396, 407, 406, 516, 517, 528, 527 
E, 397, 398, 409, 408, 518, 519, 530, 529 
E, 398, 399, 410, 409, 519, 520, 531, 530 
E, 399, 400, 411, 410, 520, 521, 532, 531 
E, 400, 401, 412, 411, 521, 522, 533, 532 
E, 401, 402, 413, 412, 522, 523, 534, 533 
E, 402, 403, 414, 413, 523, 524, 535, 534 
E, 403, 404, 415, 414, 524, 525, 536, 535 
E, 404, 405, 416, 415, 525, 526, 537, 536 
E, 405, 406, 417, 416, 526, 527, 538, 537 
E, 406, 407, 418, 417, 527, 528, 539, 538 
E, 408, 409, 420, 419, 529, 530, 541, 540 
E, 409, 410, 421, 420, 530, 531, 542, 541 
E, 410, 411, 422, 421, 531, 532, 543, 542 
E, 411, 412, 423, 422, 532, 533, 544, 543 
E, 412, 413, 424, 423, 533, 534, 545, 544 
E, 413, 414, 425, 424, 534, 535, 546, 545 
E, 414, 415, 426, 425, 535, 536, 547, 546 
E, 415, 416, 427, 426, 536, 537, 548, 547 
E, 416, 417, 428, 427, 537, 538, 549, 548 
E, 417, 418, 429, 428, 538, 539, 550, 549 
E, 419, 420, 431, 430, 540, 541, 552, 551 
E, 420, 421, 432, 431, 541, 542, 553, 552 
E, 421, 422, 433, 432, 542, 543, 554, 553 
E, 422, 423, 434, 433, 543, 544, 555, 554 
E, 423, 424, 435, 434, 544, 545, 556, 555 
E, 424, 425, 436, 435, 545, 546, 557, 556 
E, 425, 426, 437, 436, 546, 547, 558, 557 
E, 426, 427, 438, 437, 547, 548, 559, 558 
E, 427, 428, 439, 438, 548, 549, 560, 559 
E, 428, 429, 440, 439, 549, 550, 561, 560 
E, 430, 431, 442, 441, 551, 552, 563, 562 
E, 431, 432, 443, 442, 552, 553, 564, 563 
E, 432, 433, 444, 443, 553, 554, 565, 564 
E, 433, 434, 445, 444, 554, 555, 566, 565 
E, 434, 435, 446, 445, 555, 556, 567, 566 
E, 435, 436, 447, 446, 556, 557, 568, 567 
E, 436, 437, 448, 447, 557, 558, 569, 568 
E, 437, 438, 449, 448, 558, 559, 570, 569 
E, 438, 439, 450, 449, 559, 560, 571, 570 
E, 439, 440, 451, 450, 560, 561, 572, 571 
E, 441, 442, 453, 452, 562, 563, 574, 573 
E, 442, 443, 454, 453, 563, 564, 575, 574 
E, 443, 444, 455, 454, 564, 565, 576, 575 
E, 444, 445, 456, 455, 565, 566, 577, 576 
E, 445, 446, 457, 456, 566, 567, 578, 577 
E, 446, 447, 458, 457, 567, 568, 579, 578 
E, 447, 448, 459, 458, 568, 569, 580, 579 
E, 448, 449, 460, 459, 569, 570, 581, 580 
E, 449, 450, 461, 460, 570, 571, 582, 581 
E, 450, 451, 462, 461, 571, 572, 583, 582 
E, 452, 453, 464, 463, 573, 574, 585, 584 
E, 453, 454, 465, 464, 574, 575, 586, 585 
E, 454, 455, 466, 465, 575, 576, 587, 586 
E, 455, 456, 467, 466, 576, 577, 588, 587 
E, 456, 457, 468, 467, 577, 578, 589, 588 
E, 457, 458, 469, 468, 578, 579, 590, 589 
E, 458, 459, 470, 469, 579, 580, 591, 590 
E, 459, 460, 471, 470, 580, 581, 592, 591 
E, 460, 461, 472, 471, 581, 582, 593, 592 
E, 461, 462, 473, 472, 582, 583, 594, 593 
E, 463, 464, 475, 474, 584, 585, 596, 595 
E, 464, 465, 476, 475, 585, 586, 597, 596 
E, 465, 466, 477, 476, 586, 587, 598, 597 
E, 466, 467, 478, 477, 587, 588, 599, 598 
E, 467, 468, 479, 478, 588, 589, 600, 599 
E, 468, 469, 480, 479, 589, 590, 601, 600 
E, 469, 470, 481, 480, 590, 591, 602, 601 
E, 470, 471, 482, 481, 591, 592, 603, 602 
E, 471, 472, 483, 482, 592, 593, 604, 603 
E, 472, 473, 484, 483, 593, 594, 605, 604 
E, 485, 486, 497, 496, 606, 607, 618, 617 
E, 486, 487, 498, 497, 607, 608, 619, 618 
E, 487, 488, 499, 498, 608, 609, 620, 619 
E, 488, 489, 500, 499, 609, 610, 621, 620 
E, 489, 490, 501, 500, 610, 611, 622, 621 
E, 490, 491, 502, 501, 611, 612, 623, 622 
E, 491, 492, 503, 502, 612, 613, 624, 623 
E, 492, 493, 504, 503, 613, 614, 625, 624 
E, 493, 494, 505, 504, 614, 615, 626, 625 
E, 494, 495, 506, 505, 615, 616, 627, 626 
E, 496, 497, 508, 507, 617, 618, 629, 628 
E, 497, 498, 509, 508, 618, 619, 630, 629 
E, 498, 499, 510, 509, 619, 620, 631, 630 
E, 499, 500, 511, 510, 620, 621, 632, 631 
E, 500, 501, 512, 511, 621, 622, 633, 632 
E, 501, 502, 513, 512, 622, 623, 634, 633 
E, 502, 503, 514, 513, 623, 624, 635, 634 
E, 503, 504, 515, 514, 624, 625, 636, 635 
E, 504, 505, 516, 515, 625, 626, 637, 636 
E, 505, 506, 517, 516, 626, 627, 638, 637 
E, 507, 508, 519, 518, 628, 629, 640, 639 
E, 508, 509, 520, 519, 629, 630, 641, 640 
E, 509, 510, 521, 520, 630, 631, 642, 641 
E, 510, 511, 522, 521, 631, 632, 643, 642 
E, 511, 512, 523, 522, 632, 633, 644, 643 
E, 512, 513, 524, 523, 633, 634, 645, 644 
E, 513, 514, 525, 524, 634, 635, 646, 645 
E, 514, 515, 526, 525, 635, 636, 647, 646 
E, 515, 516, 527, 526, 636, 637, 648, 647 
E, 516, 517, 528, 527, 637, 638, 649, 648 
E, 518, 519, 530, 529, 639, 640, 651, 650 
E, 519, 520, 531, 530, 640, 641, 652, 651 
E, 520, 521, 532, 531, 641, 642, 653, 652 
E, 521, 522, 533, 532, 642, 643, 654, 653 
E, 522, 523, 534, 533, 643, 644, 655, 654 
E, 523, 524, 535, 534, 644, 645, 656, 655 
E, 524, 525, 536, 535, 645, 646, 657, 656 
E, 525, 526, 537, 536, 646, 647, 658, 657 
E, 526, 527, 538, 537, 647, 648, 659, 658 
E, 527, 528, 539, 538, 648, 649, 660, 659 
E, 529, 530, 541, 540, 650, 651, 662, 661 
E, 530, 531, 542, 541, 651, 652, 663, 662 
E, 531, 532, 543, 542, 652, 653, 664, 663 
E, 532, 533, 544, 543, 653, 654, 665, 664 
E, 533, 534, 545, 544, 654, 655, 666, 665 
E, 534, 535, 546, 545, 655, 656, 667, 666 
E, 535, 536, 547, 546, 656, 657, 668, 667 
E, 536, 537, 548, 547, 657, 658, 669, 668 
E, 537, 538, 549, 548, 658, 659, 670, 669 
E, 538, 539, 550, 549, 659, 660, 671, 670 
E, 540, 541, 552, 551, 661, 662, 673, 672 
E, 541, 542, 553, 552, 662, 663, 674, 673 
E, 542, 543, 554, 553, 663, 664, 675, 674 
E, 543, 544, 555, 554, 664, 665, 676, 675 
E, 544, 545, 556, 555, 665, 666, 677, 676 
E, 545, 546, 557, 556, 666, 667, 678, 677 
E, 546, 547, 558, 557, 667, 668, 679, 678 
E, 547, 548, 559, 558, 668, 669, 680, 679 
E, 548, 549, 560, 559, 669, 670, 681, 680 
E, 549, 550, 561, 560, 670, 671, 682, 681 
E, 551, 552, 563, 562, 672, 673, 684, 683 
E, 552, 553, 564, 563, 673, 674, 685, 684 
E, 553, 554, 565, 564, 674, 675, 686, 685 
E, 554, 555, 566, 565, 675, 676, 687, 686 
E, 555, 556, 567, 566, 676, 677, 688, 687 
E, 556, 557, 568, 567, 677, 678, 689, 688 
E, 557, 558, 569, 568, 678, 679, 690, 689 
E, 558, 559, 570, 569, 679, 680, 691, 690 
E, 559, 560, 571, 570, 680, 681, 692, 691 
E, 560, 561, 572, 571, 681, 682, 693, 692 
E, 562, 563, 574, 573, 683, 684, 695, 694 
E, 563, 564, 575, 574, 684, 685, 696, 695 
E, 564, 565, 576, 575, 685, 686, 697, 696 
E, 565, 566, 577, 576, 686, 687, 698, 697 
E, 566, 567, 578, 577, 687, 688, 699, 698 
E, 567, 568, 579, 578, 688, 689, 700, 699 
E, 568, 569, 580, 579, 689, 690, 701, 700 
E, 569, 570, 581, 580, 690, 691, 702, 701 
E, 570, 571, 582, 581, 691, 692, 703, 702 
E, 571, 572, 583, 582, 692, 693, 704, 703 
E, 573, 574, 585, 584, 694, 695, 706, 705 
E, 574, 575, 586, 585, 695, 696, 707, 706 
E, 575, 576, 587, 586, 696, 697, 708, 707 
E, 576, 577, 588, 587, 697, 698, 709, 708 
E, 577, 578, 589, 588, 698, 699, 710, 709 
E, 578, 579, 590, 589, 699, 700, 711, 710 
E, 579, 580, 591, 590, 700, 701, 712, 711 
E, 580, 581, 592, 591, 701, 702, 713, 712 
E, 581, 582, 593, 592, 702, 703, 714, 713 
E, 582, 583, 594, 593, 703, 704, 715, 714 
E, 584, 585, 596, 595, 705, 706, 717, 716 
E, 585, 586, 597, 596, 706, 707, 718, 717 
E, 586, 587, 598, 597, 707, 708, 719, 718 
E, 587, 588, 599, 598, 708, 709, 720, 719 
E, 588, 589, 600, 599, 709, 710, 721, 720 
E, 589, 590, 601, 600, 710, 711, 722, 721 
E, 590, 591, 602, 601, 711, 712, 723, 722 
E, 591, 592, 603, 602, 712, 713, 724, 723 
E, 592, 593, 604, 603, 713, 714, 725, 724 
E, 593, 594, 605, 604, 714, 715, 726, 725 
E, 606, 607, 618, 617, 727, 728, 739, 738 
E, 607, 608, 619, 618, 728, 729, 740, 739 
E, 608, 609, 620, 619, 729, 730, 741, 740 
E, 609, 610, 621, 620, 730, 731, 742, 741 
E, 610, 611, 622, 621, 731, 732, 743, 742 
E, 611, 612, 623, 622, 732, 733, 744, 743 
E, 612, 613, 624, 623, 733, 734, 745, 744 
E, 613, 614, 625, 624, 734, 735, 746, 745 
E, 614, 615, 626, 625, 735, 736, 747, 746 
E, 615, 616, 627, 626, 736, 737, 748, 747 
E, 617, 618, 629, 628, 738, 739, 750, 749 
E, 618, 619, 630, 629, 739, 740, 751, 750 
E, 619, 620, 631, 630, 740, 741, 752, 751 
E, 620, 621, 632, 631, 741, 742, 753, 752 
E, 621, 622, 633, 632, 742, 743, 754, 753 
E, 622, 623, 634, 633, 743, 744, 755, 754 
E, 623, 624, 635, 634, 744, 745, 756, 755 
E, 624, 625, 636, 635, 745, 746, 757, 756 
E, 625, 626, 637, 636, 746, 747, 758, 757 
E, 626, 627, 638, 637, 747, 748, 759, 758 
E, 628, 629, 640, 639, 749, 750, 761, 760 
E, 629, 630, 641, 640, 750, 751, 762, 761 
E, 630, 631, 642, 641, 751, 752, 763, 762 
E, 631, 632, 643, 642, 752, 753, 764, 763 
E, 632, 633, 644, 643, 753, 754, 765, 764 
E, 633, 634, 645, 644, 754, 755, 766, 765 
E, 634, 635, 646, 645, 755, 756, 767, 766 
E, 635, 636, 647, 646, 756, 757, 768, 767 
E, 636, 637, 648, 647, 757, 758, 769, 768 
E, 637, 638, 649, 648, 758, 759, 770, 769 
E, 639, 640, 651, 650, 760, 761, 772, 771 
E, 640, 641, 652, 651, 761, 762, 773, 772 
E, 641, 642, 653, 652, 762, 763, 774, 773 
E, 642, 643, 654, 653, 763, 764, 775, 774 
E, 643, 644, 655, 654, 764, 765, 776, 775 
E, 644, 645, 656, 655, 765, 766, 777, 776 
E, 645, 646, 657, 656, 766, 767, 778, 777 
E, 646, 647, 658, 657, 767, 768, 779, 778 
E, 647, 648, 659, 658, 768, 769, 780, 779 
E, 648, 649, 660, 659, 769, 770, 781, 780 
E, 650, 651, 662, 661, 771, 772, 783, 782 
E, 651, 652, 663, 662, 772, 773, 784, 783 
E, 652, 653, 664, 663, 773, 774, 785, 784 
E, 653, 654, 665, 664, 774, 775, 786, 785 
E, 654, 655, 666, 665, 775, 776, 787, 786 
E, 655, 656, 667, 666, 776, 777, 788, 787 
E, 656, 657, 668, 667, 777, 778, 789, 788 
E, 657, 658, 669, 668, 778, 779, 790, 789 
E, 658, 659, 670, 669, 779, 780, 791, 790 
E, 659, 660, 671, 670, 780, 781, 792, 791 
E, 661, 662, 673, 672, 782, 783, 794, 793 
E, 662, 663, 674, 673, 783, 784, 795, 794 
E, 663, 664, 675, 674, 784, 785, 796, 795 
E, 664, 665, 676, 675, 785, 786, 797, 796 
E, 665, 666, 677, 676, 786, 787, 798, 797 
E, 666, 667, 678, 677, 787, 788, 799, 798 
E, 667, 668, 679, 678, 788, 789, 800, 799 
E, 668, 669, 680, 679, 789, 790, 801, 800 
E, 669, 670, 681, 680, 790, 791, 802, 801 
E, 670, 671, 682, 681, 791, 792, 803, 802 
E, 672, 673, 684, 683, 793, 794, 805, 804 
E, 673, 674, 685, 684, 794, 795, 806, 805 
E, 674, 675, 686, 685, 795, 796, 807, 806 
E, 675, 676, 687, 686, 796, 797, 808, 807 
E, 676, 677, 688, 687, 797, 798, 809, 808 
E, 677, 678, 689, 688, 798, 799, 810, 809 
E, 678, 679, 690, 689, 799, 800, 811, 810 
E, 679, 680, 691, 690, 800, 801, 812, 811 
E, 680, 681, 692, 691, 801, 802, 813, 812 
E, 681, 682, 693, 692, 802, 803, 814, 813 
E, 683, 684, 695, 694, 804, 805, 816, 815 
E, 684, 685, 696, 695, 805, 806, 817, 816 
E, 685, 686, 697, 696, 806, 807, 818, 817 
E, 686, 687, 698, 697, 807, 808, 819, 818 
E, 687, 688, 699, 698, 808, 809, 820, 819 
E, 688, 689, 700, 699, 809, 810, 821, 820 
E, 689, 690, 701, 700, 810, 811, 822, 821 
E, 690, 691, 702, 701, 811, 812, 823, 822 
E, 691, 692, 703, 702, 812, 813, 824, 823 
E, 692, 693, 704, 703, 813, 814, 825, 824 
E, 694, 695, 706, 705, 815, 816, 827, 826 
E, 695, 696, 707, 706, 816, 817, 828, 827 
E, 696, 697, 708, 707, 817, 818, 829, 828 
E, 697, 698, 709, 708, 818, 819, 830, 829 
E, 698, 699, 710, 709, 819, 820, 831, 830 
E, 699, 700, 711, 710, 820, 821, 832, 831 
E, 700, 701, 712, 711, 821, 822, 833, 832 
E, 701, 702, 713, 712, 822, 823, 834, 833 
E, 702, 703, 714, 713, 823, 824, 835, 834 
E, 703, 704, 715, 714, 824, 825, 836, 835 
E, 705, 706, 717, 716, 826, 827, 838, 837 
E, 706, 707, 718, 717, 827, 828, 839, 838 
E, 707, 708, 719, 718, 828, 829, 840, 839 
E, 708, 709, 720, 719, 829, 830, 841, 840 
E, 709, 710, 721, 720, 830, 831, 842, 841 
E, 710, 711, 722, 721, 831, 832, 843, 842 
E, 711, 712, 723, 722, 832, 833, 844, 843 
E, 712, 713, 724, 723, 833, 834, 845, 844 
E, 713, 714, 725, 724, 834, 835, 846, 845 
E, 714, 715, 726, 725, 835, 836, 847, 846 
E, 727, 728, 739, 738, 848, 849, 860, 859 
E, 728, 729, 740, 739, 849, 850, 861, 860 
E, 729, 730, 741, 740, 850, 851, 862, 861 
E, 730, 731, 742, 741, 851, 852, 863, 862 
E, 731, 732, 743, 742, 852, 853, 864, 863 
E, 732, 733, 744, 743, 853, 854, 865, 864 
E, 733, 734, 745, 744, 854, 855, 866, 865 
E, 734, 735, 746, 745, 855, 856, 867, 866 
E, 735, 736, 747, 746, 856, 857, 868, 867 
E, 736, 737, 748, 747, 857, 858, 869, 868 
E, 738, 739, 750, 749, 859, 860, 871, 870 
E, 739, 740, 751, 750, 860, 861, 872, 871 
E, 740, 741, 752, 751, 861, 862, 873, 872 
E, 741, 742, 753, 752, 862, 863, 874, 873 
E, 742, 743, 754, 753, 863, 864, 875, 874 
E, 743, 744, 755, 754, 864, 865, 876, 875 
E, 744, 745, 756, 755, 865, 866, 877, 876 
E, 745, 746, 757, 756, 866, 867, 878, 877 
E, 746, 747, 758, 757, 867, 868, 879, 878 
E, 747, 748, 759, 758, 868, 869, 880, 879 
E, 749, 750, 761, 760, 870, 871, 882, 881 
E, 750, 751, 762, 761, 871, 872, 883, 882 
E, 751, 752, 763, 762, 872, 873, 884, 883 
E, 752, 753, 764, 763, 873, 874, 885, 884 
E, 753, 754, 765, 764, 874, 875, 886, 885 
E, 754, 755, 766, 765, 875, 876, 887, 886 
E, 755, 756, 767, 766, 876, 877, 888, 887 
E, 756, 757, 768, 767, 877, 878, 889, 888 
E, 757, 758, 769, 768, 878, 879, 890, 889 
E, 758, 759, 770, 769, 879, 880, 891, 890 
E, 760, 761, 772, 771, 881, 882, 893, 892 
E, 761, 762, 773, 772, 882, 883, 894, 893 
E, 762, 763, 774, 773, 883, 884, 895, 894 
E, 763, 764, 775, 774, 884, 885, 896, 895 
E, 764, 765, 776, 775, 885, 886, 897, 896 
E, 765, 766, 777, 776, 886, 887, 898, 897 
E, 766, 767, 778, 777, 887, 888, 899, 898 
E, 767, 768, 779, 778, 888, 889, 900, 899 
E, 768, 769, 780, 779, 889, 890, 901, 900 
E, 769, 770, 781, 780, 890, 891, 902, 901 
E, 771, 772, 783, 782, 892, 893, 904, 903 
E, 772, 773, 784, 783, 893, 894, 905, 904 
E, 773, 774, 785, 784, 894, 895, 906, 905 
E, 774, 775, 786, 785, 895, 896, 907, 906 
E, 775, 776, 787, 786, 896, 897, 908, 907 
E, 776, 777, 788, 787, 897, 898, 909, 908 
E, 777, 778, 789, 788, 898, 899, 910, 909 
E, 778, 779, 790, 789, 899, 900, 911, 910 
E, 779, 780, 791, 790, 900, 901, 912, 911 
E, 780, 781, 792, 791, 901, 902, 913, 912 
E, 782, 783, 794, 793, 903, 904, 915, 914 
E, 783, 784, 795, 794, 904, 905, 916, 915 
E, 784, 785, 796, 795, 905, 906, 917, 916 
E, 785, 786, 797, 796, 906, 907, 918, 917 
E, 786, 787, 798, 797, 907, 908, 919, 918 
E, 787, 788, 799, 798, 908, 909, 920, 919 
E, 788, 789, 800, 799, 909, 910, 921, 920 
E, 789, 790, 801, 800, 910, 911, 922, 921 
E, 790, 791, 802, 801, 911, 912, 923, 922 
E, 791, 792, 803, 802, 912, 913, 924, 923 
E, 793, 794, 805, 804, 914, 915, 926, 925 
E, 794, 795, 806, 805, 915, 916, 927, 926 
E, 795, 796, 807, 806, 916, 917, 928, 927 
E, 796, 797, 808, 807, 917, 918, 929, 928 
E, 797, 798, 809, 808, 918, 919, 930, 929 
E, 798, 799, 810, 809, 919, 920, 931, 930 
E, 799, 800, 811, 810, 920, 921, 932, 931 
E, 800, 801, 812, 811, 921, 922, 933, 932 
E, 801, 802, 813, 812, 922, 923, 934, 933 
E, 802, 803, 814, 813, 923, 924, 935, 934 
E, 804, 805, 816, 815, 925, 926, 937, 936 
E, 805, 806, 817, 816, 926, 927, 938, 937 
E, 806, 807, 818, 817, 927, 928, 939, 938 
E, 807, 808, 819, 818, 928, 929, 940, 939 
E, 808, 809, 820, 819, 929, 930, 941, 940 
E, 809, 810, 821, 820, 930, 931, 942, 941 
E, 810, 811, 822, 821, 931, 932, 943, 942 
E, 811, 812, 823, 822, 932, 933, 944, 943 
E, 812, 813, 824, 823, 933, 934, 945, 944 
E, 813, 814, 825, 824, 934, 935, 946, 945 
E, 815, 816, 827, 826, 936, 937, 948, 947 
E, 816, 817, 828, 827, 937, 938, 949, 948 
E, 817, 818, 829, 828, 938, 939, 950, 949 
E, 818, 819, 830, 829, 939, 940, 951, 950 
E, 819, 820, 831, 830, 940, 941, 952, 951 
E, 820, 821, 832, 831, 941, 942, 953, 952 
E, 821, 822, 833, 832, 942, 943, 954, 953 
E, 822, 823, 834, 833, 943, 944, 955, 954 
E, 823, 824, 835, 834, 944, 945, 956, 955 
E, 824, 825, 836, 835, 945, 946, 957, 956 
E, 826, 827, 838, 837, 947, 948, 959, 958 
E, 827, 828, 839, 838, 948, 949, 960, 959 
E, 828, 829, 840, 839, 949, 950, 961, 960 
E, 829, 830, 841, 840, 950, 951, 962, 961 
E, 830, 831, 842, 841, 951, 952, 963, 962 
E, 831, 832, 843, 842, 952, 953, 964, 963 
E, 832, 833, 844, 843, 953, 954, 965, 964 
E, 833, 834, 845, 844, 954, 955, 966, 965 
E, 834, 835, 846, 845, 955, 956, 967, 966 
E, 835, 836, 847, 846, 956, 957, 968, 967 
E, 848, 849, 860, 859, 969, 970, 981, 980 
E, 849, 850, 861, 860, 970, 971, 982, 981 
E, 850, 851, 862, 861, 971, 972, 983, 982 
E, 851, 852, 863, 862, 972, 973, 984, 983 
E, 852, 853, 864, 863, 973, 974, 985, 984 
E, 853, 854, 865, 864, 974, 975, 986, 985 
E, 854, 855, 866, 865, 975, 976, 987, 986 
E, 855, 856, 867, 866, 976, 977, 988, 987 
E, 856, 857, 868, 867, 977, 978, 989, 988 
E, 857, 858, 869, 868, 978, 979, 990, 989 
E, 859, 860, 871, 870, 980, 981, 992, 991 
E, 860, 861, 872, 871, 981, 982, 993, 992 
E, 861, 862, 873, 872, 982, 983, 994, 993 
E, 862, 863, 874, 873, 983, 984, 995, 994 
E, 863, 864, 875, 874, 984, 985, 996, 995 
E, 864, 865, 876, 875, 985, 986, 997, 996 
E, 865, 866, 877, 876, 986, 987, 998, 997 
E, 866, 867, 878, 877, 987, 988, 999, 998 
E, 867, 868, 879, 878, 988, 989, 1000, 999 
E, 868, 869, 880, 879, 989, 990, 1001, 1000 
E, 870, 871, 882, 881, 991, 992, 1003, 1002 
E, 871, 872, 883, 882, 992, 993, 1004, 1003 
E, 872, 873, 884, 883, 993, 994, 1005, 1004 
E, 873, 874, 885, 884, 994, 995, 1006, 1005 
E, 874, 875, 886, 885, 995, 996, 1007, 1006 
E, 875, 876, 887, 886, 996, 997, 1008, 1007 
E, 876, 877, 888, 887, 997, 998, 1009, 1008 
E, 877, 878, 889, 888, 998, 999, 1010, 1009 
E, 878, 879, 890, 889, 999, 1000, 1011, 1010 
E, 879, 880, 891, 890, 1000, 1001, 1012, 1011 
E, 881, 882, 893, 892, 1002, 1003, 1014, 1013 
E, 882, 883, 894, 893, 1003, 1004, 1015, 1014 
E, 883, 884, 895, 894, 1004, 1005, 1016, 1015 
E, 884, 885, 896, 895, 1005, 1006, 1017, 1016 
E, 885, 886, 897, 896, 1006, 1007, 1018, 1017 
E, 886, 887, 898, 897, 1007, 1008, 1019, 1018 
E, 887, 888, 899, 898, 1008, 1009, 1020, 1019 
E, 888, 889, 900, 899, 1009, 1010, 1021, 1020 
E, 889, 890, 901, 900, 1010, 1011, 1022, 1021 
E, 890, 891, 902, 901, 1011, 1012, 1023, 1022 
E, 892, 893, 904, 903, 1013, 1014, 1025, 1024 
E, 893, 894, 905, 904, 1014, 1015, 1026, 1025 
E, 894, 895, 906, 905, 1015, 1016, 1027, 1026 
E, 895, 896, 907, 906, 1016, 1017, 1028, 1027 
E, 896, 897, 908, 907, 1017, 1018, 1029, 1028 
E, 897, 898, 909, 908, 1018, 1019, 1030, 1029 
E, 898, 899, 910, 909, 1019, 1020, 1031, 1030 
E, 899, 900, 911, 910, 1020, 1021, 1032, 1031 
E, 900, 901, 912, 911, 1021, 1022, 1033, 1032 
E, 901, 902, 913, 912, 1022, 1023, 1034, 1033 
E, 903, 904, 915, 914, 1024, 1025, 1036, 1035 
E, 904, 905, 916, 915, 1025, 1026, 1037, 1036 
E, 905, 906, 917, 916, 1026, 1027, 1038, 1037 
E, 906, 907, 918, 917, 1027, 1028, 1039, 1038 
E, 907, 908, 919, 918, 1028, 1029, 1040, 1039 
E, 908, 909, 920, 919, 1029, 1030, 1041, 1040 
E, 909, 910, 921, 920, 1030, 1031, 1042, 1041 
E, 910, 911, 922, 921, 1031, 1032, 1043, 1042 
E, 911, 912, 923, 922, 1032, 1033, 1044, 1043 
E, 912, 913, 924, 923, 1033, 1034, 1045, 1044 
E, 914, 915, 926, 925, 1035, 1036, 1047, 1046 
E, 915, 916, 927, 926, 1036, 1037, 1048, 1047 
E, 916, 917, 928, 927, 1037, 1038, 1049, 1048 
E, 917, 918, 929, 928, 1038, 1039, 1050, 1049 
E, 918, 919, 930, 929, 1039, 1040, 1051, 1050 
E, 919, 920, 931, 930, 1040, 1041, 1052, 1051 
E, 920, 921, 932, 931, 1041, 1042, 1053, 1052 
E, 921, 922, 933, 932, 1042, 1043, 1054, 1053 
E, 922, 923, 934, 933, 1043, 1044, 1055, 1054 
E, 923, 924, 935, 934, 1044, 1045, 1056, 1055 
E, 925, 926, 937, 936, 1046, 1047, 1058, 1057 
E, 926, 927, 938, 937, 1047, 1048, 1059, 1058 
E, 927, 928, 939, 938, 1048, 1049, 1060, 1059 
E, 928, 929, 940, 939, 1049, 1050, 1061, 1060 
E, 929, 930, 941, 940, 1050, 1051, 1062, 1061 
E, 930, 931, 942, 941, 1051, 1052, 1063, 1062 
E, 931, 932, 943, 942, 1052, 1053, 1064, 1063 
E, 932, 933, 944, 943, 1053, 1054, 1065, 1064 
E, 933, 934, 945, 944, 1054, 1055, 1066, 1065 
E, 934, 935, 946, 945, 1055, 1056, 1067, 1066 
E, 936, 937, 948, 947, 1057, 1058, 1069, 1068 
E, 937, 938, 949, 948, 1058, 1059, 1070, 1069 
E, 938, 939, 950, 949, 1059, 1060, 1071, 1070 
E, 939, 940, 951, 950, 1060, 1061, 1072, 1071 
E, 940, 941, 952, 951, 1061, 1062, 1073, 1072 
E, 941, 942, 953, 952, 1062, 1063, 1074, 1073 
E, 942, 943, 954, 953, 1063, 1064, 1075, 1074 
E, 943, 944, 955, 954, 1064, 1065, 1076, 1075 
E, 944, 945, 956, 955, 1065, 1066, 1077, 1076 
E, 945, 946, 957, 956, 1066, 1067, 1078, 1077 
E, 947, 948, 959, 958, 1068, 1069, 1080, 1079 
E, 948, 949, 960, 959, 1069, 1070, 1081, 1080 
E, 949, 950, 961, 960, 1070, 1071, 1082, 1081 
E, 950, 951, 962, 961, 1071, 1072, 1083, 1082 
E, 951, 952, 963, 962, 1072, 1073, 1084, 1083 
E, 952, 953, 964, 963, 1073, 1074, 1085, 1084 
E, 953, 954, 965, 964, 1074, 1075, 1086, 1085 
E, 954, 955, 966, 965, 1075, 1076, 1087, 1086 
E, 955, 956, 967, 966, 1076, 1077, 1088, 1087 
E, 956, 957, 968, 967, 1077, 1078, 1089, 1088 
E, 969, 970, 981, 980, 1090, 1091, 1102, 1101 
E, 970, 971, 982, 981, 1091, 1092, 1103, 1102 
E, 971, 972, 983, 982, 1092, 1093, 1104, 1103 
E, 972, 973, 984, 983, 1093, 1094, 1105, 1104 
E, 973, 974, 985, 984, 1094, 1095, 1106, 1105 
E, 974, 975, 986, 985, 1095, 1096, 1107, 1106 
E, 975, 976, 987, 986, 1096, 1097, 1108, 1107 
E, 976, 977, 988, 987, 1097, 1098, 1109, 1108 
E, 977, 978, 989, 988, 1098, 1099, 1110, 1109 
E, 978, 979, 990, 989, 1099, 1100, 1111, 1110 
E, 980, 981, 992, 991, 1101, 1102, 1113, 1112 
E, 981, 982, 993, 992, 1102, 1103, 1114, 1113 
E, 982, 983, 994, 993, 1103, 1104, 1115, 1114 
E, 983, 984, 995, 994, 1104, 1105, 1116, 1115 
E, 984, 985, 996, 995, 1105, 1106, 1117, 1116 
E, 985, 986, 997, 996, 1106, 1107, 1118, 1117 
E, 986, 987, 998, 997, 1107, 1108, 1119, 1118 
E, 987, 988, 999, 998, 1108, 1109, 1120, 1119 
E, 988, 989, 1000, 999, 1109, 1110, 1121, 1120 
E, 989, 990, 1001, 1000, 1110, 1111, 1122, 1121 
E, 991, 992, 1003, 1002, 1112, 1113, 1124, 1123 
E, 992, 993, 1004, 1003, 1113, 1114, 1125, 1124 
E, 993, 994, 1005, 1004, 1114, 1115, 1126, 1125 
E, 994, 995, 1006, 1005, 1115, 1116, 1127, 1126 
E, 995, 996, 1007, 1006, 1116, 1117, 1128, 1127 
E, 996, 997, 1008, 1007, 1117, 1118, 1129, 1128 
E, 997, 998, 1009, 1008, 1118, 1119, 1130, 1129 
E, 998, 999, 1010, 1009, 1119, 1120, 1131, 1130 
E, 999, 1000, 1011, 1010, 1120, 1121, 1132, 1131 
E, 1000, 1001, 1012, 1011, 1121, 1122, 1133, 1132 
E, 1002, 1003, 1014, 1013, 1123, 1124, 1135, 1134 
E, 1003, 1004, 1015, 1014, 1124, 1125, 1136, 1135 
E, 1004, 1005, 1016, 1015, 1125, 1126, 1137, 1136 
E, 1005, 1006, 1017, 1016, 1126, 1127, 1138, 1137 
E, 1006, 1007, 1018, 1017, 1127, 1128, 1139, 1138 
E, 1007, 1008, 1019, 1018, 1128, 1129, 1140, 1139 
E, 1008, 1009, 1020, 1019, 1129, 1130, 1141, 1140 
E, 1009, 1010, 1021, 1020, 1130, 1131, 1142, 1141 
E, 1010, 1011, 1022, 1021, 1131, 1132, 1143, 1142 
E, 1011, 1012, 1023, 1022, 1132, 1133, 1144, 1143 
E, 1013, 1014, 1025, 1024, 1134, 1135, 1146, 1145 
E, 1014, 1015, 1026, 1025, 1135, 1136, 1147, 1146 
E, 1015, 1016, 1027, 1026, 1136, 1137, 1148, 1147 
E, 1016, 1017, 1028, 1027, 1137, 1138, 1149, 1148 
E, 1017, 1018, 1029, 1028, 1138, 1139, 1150, 1149 
E, 1018, 1019, 1030, 1029, 1139, 1140, 1151, 1150 
E, 1019, 1020, 1031, 1030, 1140, 1141, 1152, 1151 
E, 1020, 1021, 1032, 1031, 1141, 1142, 1153, 1152 
E, 1021, 1022, 1033, 1032, 1142, 1143, 1154, 1153 
E, 1022, 1023, 1034, 1033, 1143, 1144, 1155, 1154 
E, 1024, 1025, 1036, 1035, 1145, 1146, 1157, 1156 
E, 1025, 1026, 1037, 1036, 1146, 1147, 1158, 1157 
E, 1026, 1027, 1038, 1037, 1147, 1148, 1159, 1158 
E, 1027, 1028, 1039, 1038, 1148, 1149, 1160, 1159 
E, 1028, 1029, 1040, 1039, 1149, 1150, 1161, 1160 
E, 1029, 1030, 1041, 1040, 1150, 1151, 1162, 1161 
E, 1030, 1031, 1042, 1041, 1151, 1152, 1163, 1162 
E, 1031, 1032, 1043, 1042, 1152, 1153, 1164, 1163 
E, 1032, 1033, 1044, 1043, 1153, 1154, 1165, 1164 
E, 1033, 1034, 1045, 1044, 1154, 1155, 1166, 1165 
E, 1035, 1036, 1047, 1046, 1156, 1157, 1168, 1167 
E, 1036, 1037, 1048, 1047, 1157, 1158, 1169, 1168 
E, 1037, 1038, 1049, 1048, 1158, 1159, 1170, 1169 
E, 1038, 1039, 1050, 1049, 1159, 1160, 1171, 1170 
E, 1039, 1040, 1051, 1050, 1160, 1161, 1172, 1171 
E, 1040, 1041, 1052, 1051, 1161, 1162, 1173, 1172 
E, 1041, 1042, 1053, 1052, 1162, 1163, 1174, 1173 
E, 1042, 1043, 1054, 1053, 1163, 1164, 1175, 1174 
E, 1043, 1044, 1055, 1054, 1164, 1165, 1176, 1175 
E, 1044, 1045, 1056, 1055, 1165, 1166, 1177, 1176 
E, 1046, 1047, 1058, 1057, 1167, 1168, 1179, 1178 
E, 1047, 1048, 1059, 1058, 1168, 1169, 1180, 1179 
E, 1048, 1049, 1060, 1059, 1169, 1170, 1181, 1180 
E, 1049, 1050, 1061, 1060, 1170, 1171, 1182, 1181 
E, 1050, 1051, 1062, 1061, 1171, 1172, 1183, 1182 
E, 1051, 1052, 1063, 1062, 1172, 1173, 1184, 1183 
E, 1052, 1053, 1064, 1063, 1173, 1174, 1185, 1184 
E, 1053, 1054, 1065, 1064, 1174, 1175, 1186, 1185 
E, 1054, 1055, 1066, 1065, 1175, 1176, 1187, 1186 
E, 1055, 1056, 1067, 1066, 1176, 1177, 1188, 1187 
E, 1057, 1058, 1069, 1068, 1178, 1179, 1190, 1189 
E, 1058, 1059, 1070, 1069, 1179, 1180, 1191, 1190 
E, 1059, 1060, 1071, 1070, 1180, 1181, 1192, 1191 
E, 1060, 1061, 1072, 1071, 1181, 1182, 1193, 1192 
E, 1061, 1062, 1073, 1072, 1182, 1183, 1194, 1193 
E, 1062, 1063, 1074, 1073, 1183, 1184, 1195, 1194 
E, 1063, 1064, 1075, 1074, 1184, 1185, 1196, 1195 
E, 1064, 1065, 1076, 1075, 1185, 1186, 1197, 1196 
E, 1065, 1066, 1077, 1076, 1186, 1187, 1198, 1197 
E, 1066, 1067, 1078, 1077, 1187, 1188, 1199, 1198 
E, 1068, 1069, 1080, 1079, 1189, 1190, 1201, 1200 
E, 1069, 1070, 1081, 1080, 1190, 1191, 1202, 1201 
E, 1070, 1071, 1082, 1081, 1191, 1192, 1203, 1202 
E, 1071, 1072, 1083, 1082, 1192, 1193, 1204, 1203 
E, 1072, 1073, 1084, 1083, 1193, 1194, 1205, 1204 
E, 1073, 1074, 1085, 1084, 1194, 1195, 1206, 1205 
E, 1074, 1075, 1086, 1085, 1195, 1196, 1207, 1206 
E, 1075, 1076, 1087, 1086, 1196, 1197, 1208, 1207 
E, 1076, 1077, 1088, 1087, 1197, 1198, 1209, 1208 
E, 1077, 1078, 1089, 1088, 1198, 1199, 1210, 1209 
E, 1090, 1091, 1102, 1101, 1211, 1212, 1223, 1222 
E, 1091, 1092, 1103, 1102, 1212, 1213, 1224, 1223 
E, 1092, 1093, 1104, 1103, 1213, 1214, 1225, 1224 
E, 1093, 1094, 1105, 1104, 1214, 1215, 1226, 1225 
E, 1094, 1095, 1106, 1105, 1215, 1216, 1227, 1226 
E, 1095, 1096, 1107, 1106, 1216, 1217, 1228, 1227 
E, 1096, 1097, 1108, 1107, 1217, 1218, 1229, 1228 
E, 1097, 1098, 1109, 1108, 1218, 1219, 1230, 1229 
E, 1098, 1099, 1110, 1109, 1219, 1220, 1231, 1230 
E, 1099, 1100, 1111, 1110, 1220, 1221, 1232, 1231 
E, 1101, 1102, 1113, 1112, 1222, 1223, 1234, 1233 
E, 1102, 1103, 1114, 1113, 1223, 1224, 1235, 1234 
E, 1103, 1104, 1115, 1114, 1224, 1225, 1236, 1235 
E, 1104, 1105, 1116, 1115, 1225, 1226, 1237, 1236 
E, 1105, 1106, 1117, 1116, 1226, 1227, 1238, 1237 
E, 1106, 1107, 1118, 1117, 1227, 1228, 1239, 1238 
E, 1107, 1108, 1119, 1118, 1228, 1229, 1240, 1239 
E, 1108, 1109, 1120, 1119, 1229, 1230, 1241, 1240 
E, 1109, 1110, 1121, 1120, 1230, 1231, 1242, 1241 
E, 1110, 1111, 1122, 1121, 1231, 1232, 1243, 1242 
E, 1112, 1113, 1124, 1123, 1233, 1234, 1245, 1244 
E, 1113, 1114, 1125, 1124, 1234, 1235, 1246, 1245 
E, 1114, 1115, 1126, 1125, 1235, 1236, 1247, 1246 
E, 1115, 1116, 1127, 1126, 1236, 1237, 1248, 1247 
E, 1116, 1117, 1128, 1127, 1237, 1238, 1249, 1248 
E, 1117, 1118, 1129, 1128, 1238, 1239, 1250, 1249 
E, 1118, 1119, 1130, 1129, 1239, 1240, 1251, 1250 
E, 1119, 1120, 1131, 1130, 1240, 1241, 1252, 1251 
E, 1120, 1121, 1132, 1131, 1241, 1242, 1253, 1252 
E, 1121, 1122, 1133, 1132, 1242, 1243, 1254, 1253 
E, 1123, 1124, 1135, 1134, 1244, 1245, 1256, 1255 
E, 1124, 1125, 1136, 1135, 1245, 1246, 1257, 1256 
E, 1125, 1126, 1137, 1136, 1246, 1247, 1258, 1257 
E, 1126, 1127, 1138, 1137, 1247, 1248, 1259, 1258 
E, 1127, 1128, 1139, 1138, 1248, 1249, 1260, 1259 
E, 1128, 1129, 1140, 1139, 1249, 1250, 1261, 1260 
E, 1129, 1130, 1141, 1140, 1250, 1251, 1262, 1261 
E, 1130, 1131, 1142, 1141, 1251, 1252, 1263, 1262 
E, 1131, 1132, 1143, 1142, 1252, 1253, 1264, 1263 
E, 1132, 1133, 1144, 1143, 1253, 1254, 1265, 1264 
E, 1134, 1135, 1146, 1145, 1255, 1256, 1267, 1266 
E, 1135, 1136, 1147, 1146, 1256, 1257, 1268, 1267 
E, 1136, 1137, 1148, 1147, 1257, 1258, 1269, 1268 
E, 1137, 1138, 1149, 1148, 1258, 1259, 1270, 1269 
E, 1138, 1139, 1150, 1149, 1259, 1260, 1271, 1270 
E, 1139, 1140, 1151, 1150, 1260, 1261, 1272, 1271 
E, 1140, 1141, 1152, 1151, 1261, 1262, 1273, 1272 
E, 1141, 1142, 1153, 1152, 1262, 1263, 1274, 1273 
E, 1142, 1143, 1154, 1153, 1263, 1264, 1275, 1274 
E, 1143, 1144, 1155, 1154, 1264, 1265, 1276, 1275 
E, 1145, 1146, 1157, 1156, 1266, 1267, 1278, 1277 
E, 1146, 1147, 1158, 1157, 1267, 1268, 1279, 1278 
E, 1147, 1148, 1159, 1158, 1268, 1269, 1280, 1279 
E, 1148, 1149, 1160, 1159, 1269, 1270, 1281, 1280 
E, 1149, 1150, 1161, 1160, 1270, 1271, 1282, 1281 
E, 1150, 1151, 1162, 1161, 1271, 1272, 1283, 1282 
E, 1151, 1152, 1163, 1162, 1272, 1273, 1284, 1283 
E, 1152, 1153, 1164, 1163, 1273, 1274, 1285, 1284 
E, 1153, 1154, 1165, 1164, 1274, 1275, 1286, 1285 
E, 1154, 1155, 1166, 1165, 1275, 1276, 1287, 1286 
E, 1156, 1157, 1168, 1167, 1277, 1278, 1289, 1288 
E, 1157, 1158, 1169, 1168, 1278, 1279, 1290, 1289 
E, 1158, 1159, 1170, 1169, 1279, 1280, 1291, 1290 
E, 1159, 1160, 1171, 1170, 1280, 1281, 1292, 1291 
E, 1160, 1161, 1172, 1171, 1281, 1282, 1293, 1292 
E, 1161, 1162, 1173, 1172, 1282, 1283, 1294, 1293 
E, 1162, 1163, 1174, 1173, 1283, 1284, 1295, 1294 
E, 1163, 1164, 1175, 1174, 1284, 1285, 1296, 1295 
E, 1164, 1165, 1176, 1175, 1285, 1286, 1297, 1296 
E, 1165, 1166, 1177, 1176, 1286, 1287, 1298, 1297 
E, 1167, 1168, 1179, 1178, 1288, 1289, 1300, 1299 
E, 1168, 1169, 1180, 1179, 1289, 1290, 1301, 1300 
E, 1169, 1170, 1181, 1180, 1290, 1291, 1302, 1301 
E, 1170, 1171, 1182, 1181, 1291, 1292, 1303, 1302 
E, 1171, 1172, 1183, 1182, 1292, 1293, 1304, 1303 
E, 1172, 1173, 1184, 1183, 1293, 1294, 1305, 1304 
E, 1173, 1174, 1185, 1184, 1294, 1295, 1306, 1305 
E, 1174, 1175, 1186, 1185, 1295, 1296, 1307, 1306 
E, 1175, 1176, 1187, 1186, 1296, 1297, 1308, 1307 
E, 1176, 1177, 1188, 1187, 1297, 1298, 1309, 1308 
E, 1178, 1179, 1190, 1189, 1299, 1300, 1311, 1310 
E, 1179, 1180, 1191, 1190, 1300, 1301, 1312, 1311 
E, 1180, 1181, 1192, 1191, 1301, 1302, 1313, 1312 
E, 1181, 1182, 1193, 1192, 1302, 1303, 1314, 1313 
E, 1182, 1183, 1194, 1193, 1303, 1304, 1315, 1314 
E, 1183, 1184, 1195, 1194, 1304, 1305, 1316, 1315 
E, 1184, 1185, 1196, 1195, 1305, 1306, 1317, 1316 
E, 1185, 1186, 1197, 1196, 1306, 1307, 1318, 1317 
E, 1186, 1187, 1198, 1197, 1307, 1308, 1319, 1318 
E, 1187, 1188, 1199, 1198, 1308, 1309, 1320, 1319 
E, 1189, 1190, 1201, 1200, 1310, 1311, 1322, 1321 
E, 1190, 1191, 1202, 1201, 1311, 1312, 1323, 1322 
E, 1191, 1192, 1203, 1202, 1312, 1313, 1324, 1323 
E, 1192, 1193, 1204, 1203, 1313, 1314, 1325, 1324 
E, 1193, 1194, 1205, 1204, 1314, 1315, 1326, 1325 
E, 1194, 1195, 1206, 1205, 1315, 1316, 1327, 1326 
E, 1195, 1196, 1207, 1206, 1316, 1317, 1328, 1327 
E, 1196, 1197, 1208, 1207, 1317, 1318, 1329, 1328 
E, 1197, 1198, 1209, 1208, 1318, 1319, 1330, 1329 
E, 1198, 1199, 1210, 1209, 1319, 1320, 1331, 1330 
