N, 1, 0.044820, 0.044820, 0.044820
N, 2, 0.044820, 0.244020, 0.044820
N, 3, 0.044820, 0.443220, 0.044820
N, 4, 0.044820, 0.642420, 0.044820
N, 5, 0.044820, 0.841620, 0.044820
N, 6, 0.044820, 1.040820, 0.044820
N, 7, 0.044820, 1.240020, 0.044820
N, 8, 0.044820, 1.439220, 0.044820
N, 9, 0.044820, 1.638420, 0.044820
N, 10, 0.044820, 1.837620, 0.044820
N, 11, 0.044820, 2.036820, 0.044820
N, 12, 0.244020, 0.044820, 0.044820
N, 13, 0.244020, 0.244020, 0.044820
N, 14, 0.244020, 0.443220, 0.044820
N, 15, 0.244020, 0.642420, 0.044820
N, 16, 0.244020, 0.841620, 0.044820
N, 17, 0.244020, 1.040820, 0.044820
N, 18, 0.244020, 1.240020, 0.044820
N, 19, 0.244020, 1.439220, 0.044820
N, 20, 0.244020, 1.638420, 0.044820
N, 21, 0.244020, 1.837620, 0.044820
N, 22, 0.244020, 2.036820, 0.044820
N, 23, 0.443220, 0.044820, 0.044820
N, 24, 0.443220, 0.244020, 0.044820
N, 25, 0.443220, 0.443220, 0.044820
N, 26, 0.443220, 0.642420, 0.044820
N, 27, 0.443220, 0.841620, 0.044820
N, 28, 0.443220, 1.040820, 0.044820
N, 29, 0.443220, 1.240020, 0.044820
N, 30, 0.443220, 1.439220, 0.044820
N, 31, 0.443220, 1.638420, 0.044820
N, 32, 0.443220, 1.837620, 0.044820
N, 33, 0.443220, 2.036820, 0.044820
N, 34, 0.642420, 0.044820, 0.044820
N, 35, 0.642420, 0.244020, 0.044820
N, 36, 0.642420, 0.443220, 0.044820
N, 37, 0.642420, 0.642420, 0.044820
N, 38, 0.642420, 0.841620, 0.044820
N, 39, 0.642420, 1.040820, 0.044820
N, 40, 0.642420, 1.240020, 0.044820
N, 41, 0.642420, 1.439220, 0.044820
N, 42, 0.642420, 1.638420, 0.044820
N, 43, 0.642420, 1.837620, 0.044820
N, 44, 0.642420, 2.036820, 0.044820
N, 45, 0.841620, 0.044820, 0.044820
N, 46, 0.841620, 0.244020, 0.044820
N, 47, 0.841620, 0.443220, 0.044820
N, 48, 0.841620, 0.642420, 0.044820
N, 49, 0.841620, 0.841620, 0.044820
N, 50, 0.841620, 1.040820, 0.044820
N, 51, 0.841620, 1.240020, 0.044820
N, 52, 0.841620, 1.439220, 0.044820
N, 53, 0.841620, 1.638420, 0.044820
N, 54, 0.841620, 1.837620, 0.044820
N, 55, 0.841620, 2.036820, 0.044820
N, 56, 1.040820, 0.044820, 0.044820
N, 57, 1.040820, 0.244020, 0.044820
N, 58, 1.040820, 0.443220, 0.044820
N, 59, 1.040820, 0.642420, 0.044820
N, 60, 1.040820, 0.841620, 0.044820
N, 61, 1.040820, 1.040820, 0.044820
N, 62, 1.040820, 1.240020, 0.044820
N, 63, 1.040820, 1.439220, 0.044820
N, 64, 1.040820, 1.638420, 0.044820
N, 65, 1.040820, 1.837620, 0.044820
N, 66, 1.040820, 2.036820, 0.044820
N, 67, 1.240020, 0.044820, 0.044820
N, 68, 1.240020, 0.244020, 0.044820
N, 69, 1.240020, 0.443220, 0.044820
N, 70, 1.240020, 0.642420, 0.044820
N, 71, 1.240020, 0.841620, 0.044820
N, 72, 1.240020, 1.040820, 0.044820
N, 73, 1.240020, 1.240020, 0.044820
N, 74, 1.240020, 1.439220, 0.044820
N, 75, 1.240020, 1.638420, 0.044820
N, 76, 1.240020, 1.837620, 0.044820
N, 77, 1.240020, 2.036820, 0.044820
N, 78, 1.439220, 0.044820, 0.044820
N, 79, 1.439220, 0.244020, 0.044820
N, 80, 1.439220, 0.443220, 0.044820
N, 81, 1.439220, 0.642420, 0.044820
N, 82, 1.439220, 0.841620, 0.044820
N, 83, 1.439220, 1.040820, 0.044820
N, 84, 1.439220, 1.240020, 0.044820
N, 85, 1.439220, 1.439220, 0.044820
N, 86, 1.439220, 1.638420, 0.044820
N, 87, 1.439220, 1.837620, 0.044820
N, 88, 1.439220, 2.036820, 0.044820
N, 89, 1.638420, 0.044820, 0.044820
N, 90, 1.638420, 0.244020, 0.044820
N, 91, 1.638420, 0.443220, 0.044820
N, 92, 1.638420, 0.642420, 0.044820
N, 93, 1.638420, 0.841620, 0.044820
N, 94, 1.638420, 1.040820, 0.044820
N, 95, 1.638420, 1.240020, 0.044820
N, 96, 1.638420, 1.439220, 0.044820
N, 97, 1.638420, 1.638420, 0.044820
N, 98, 1.638420, 1.837620, 0.044820
N, 99, 1.638420, 2.036820, 0.044820
N, 100, 1.837620, 0.044820, 0.044820
N, 101, 1.837620, 0.244020, 0.044820
N, 102, 1.837620, 0.443220, 0.044820
N, 103, 1.837620, 0.642420, 0.044820
N, 104, 1.837620, 0.841620, 0.044820
N, 105, 1.837620, 1.040820, 0.044820
N, 106, 1.837620, 1.240020, 0.044820
N, 107, 1.837620, 1.439220, 0.044820
N, 108, 1.837620, 1.638420, 0.044820
N, 109, 1.837620, 1.837620, 0.044820
N, 110, 1.837620, 2.036820, 0.044820
N, 111, 2.036820, 0.044820, 0.044820
N, 112, 2.036820, 0.244020, 0.044820
N, 113, 2.036820, 0.443220, 0.044820
N, 114, 2.036820, 0.642420, 0.044820
N, 115, 2.036820, 0.841620, 0.044820
N, 116, 2.036820, 1.040820, 0.044820
N, 117, 2.036820, 1.240020, 0.044820
N, 118, 2.036820, 1.439220, 0.044820
N, 119, 2.036820, 1.638420, 0.044820
N, 120, 2.036820, 1.837620, 0.044820
N, 121, 2.036820, 2.036820, 0.044820
N, 122, 0.044820, 0.044820, 0.244020
N, 123, 0.044820, 0.244020, 0.244020
N, 124, 0.044820, 0.443220, 0.244020
N, 125, 0.044820, 0.642420, 0.244020
N, 126, 0.044820, 0.841620, 0.244020
N, 127, 0.044820, 1.040820, 0.244020
N, 128, 0.044820, 1.240020, 0.244020
N, 129, 0.044820, 1.439220, 0.244020
N, 130, 0.044820, 1.638420, 0.244020
N, 131, 0.044820, 1.837620, 0.244020
N, 132, 0.044820, 2.036820, 0.244020
N, 133, 0.244020, 0.044820, 0.244020
N, 134, 0.244020, 0.244020, 0.244020
N, 135, 0.244020, 0.443220, 0.244020
N, 136, 0.244020, 0.642420, 0.244020
N, 137, 0.244020, 0.841620, 0.244020
N, 138, 0.244020, 1.040820, 0.244020
N, 139, 0.244020, 1.240020, 0.244020
N, 140, 0.244020, 1.439220, 0.244020
N, 141, 0.244020, 1.638420, 0.244020
N, 142, 0.244020, 1.837620, 0.244020
N, 143, 0.244020, 2.036820, 0.244020
N, 144, 0.443220, 0.044820, 0.244020
N, 145, 0.443220, 0.244020, 0.244020
N, 146, 0.443220, 0.443220, 0.244020
N, 147, 0.443220, 0.642420, 0.244020
N, 148, 0.443220, 0.841620, 0.244020
N, 149, 0.443220, 1.040820, 0.244020
N, 150, 0.443220, 1.240020, 0.244020
N, 151, 0.443220, 1.439220, 0.244020
N, 152, 0.443220, 1.638420, 0.244020
N, 153, 0.443220, 1.837620, 0.244020
N, 154, 0.443220, 2.036820, 0.244020
N, 155, 0.642420, 0.044820, 0.244020
N, 156, 0.642420, 0.244020, 0.244020
N, 157, 0.642420, 0.443220, 0.244020
N, 158, 0.642420, 0.642420, 0.244020
N, 159, 0.642420, 0.841620, 0.244020
N, 160, 0.642420, 1.040820, 0.244020
N, 161, 0.642420, 1.240020, 0.244020
N, 162, 0.642420, 1.439220, 0.244020
N, 163, 0.642420, 1.638420, 0.244020
N, 164, 0.642420, 1.837620, 0.244020
N, 165, 0.642420, 2.036820, 0.244020
N, 166, 0.841620, 0.044820, 0.244020
N, 167, 0.841620, 0.244020, 0.244020
N, 168, 0.841620, 0.443220, 0.244020
N, 169, 0.841620, 0.642420, 0.244020
N, 170, 0.841620, 0.841620, 0.244020
N, 171, 0.841620, 1.040820, 0.244020
N, 172, 0.841620, 1.240020, 0.244020
N, 173, 0.841620, 1.439220, 0.244020
N, 174, 0.841620, 1.638420, 0.244020
N, 175, 0.841620, 1.837620, 0.244020
N, 176, 0.841620, 2.036820, 0.244020
N, 177, 1.040820, 0.044820, 0.244020
N, 178, 1.040820, 0.244020, 0.244020
N, 179, 1.040820, 0.443220, 0.244020
N, 180, 1.040820, 0.642420, 0.244020
N, 181, 1.040820, 0.841620, 0.244020
N, 182, 1.040820, 1.040820, 0.244020
N, 183, 1.040820, 1.240020, 0.244020
N, 184, 1.040820, 1.439220, 0.244020
N, 185, 1.040820, 1.638420, 0.244020
N, 186, 1.040820, 1.837620, 0.244020
N, 187, 1.040820, 2.036820, 0.244020
N, 188, 1.240020, 0.044820, 0.244020
N, 189, 1.240020, 0.244020, 0.244020
N, 190, 1.240020, 0.443220, 0.244020
N, 191, 1.240020, 0.642420, 0.244020
N, 192, 1.240020, 0.841620, 0.244020
N, 193, 1.240020, 1.040820, 0.244020
N, 194, 1.240020, 1.240020, 0.244020
N, 195, 1.240020, 1.439220, 0.244020
N, 196, 1.240020, 1.638420, 0.244020
N, 197, 1.240020, 1.837620, 0.244020
N, 198, 1.240020, 2.036820, 0.244020
N, 199, 1.439220, 0.044820, 0.244020
N, 200, 1.439220, 0.244020, 0.244020
N, 201, 1.439220, 0.443220, 0.244020
N, 202, 1.439220, 0.642420, 0.244020
N, 203, 1.439220, 0.841620, 0.244020
N, 204, 1.439220, 1.040820, 0.244020
N, 205, 1.439220, 1.240020, 0.244020
N, 206, 1.439220, 1.439220, 0.244020
N, 207, 1.439220, 1.638420, 0.244020
N, 208, 1.439220, 1.837620, 0.244020
N, 209, 1.439220, 2.036820, 0.244020
N, 210, 1.638420, 0.044820, 0.244020
N, 211, 1.638420, 0.244020, 0.244020
N, 212, 1.638420, 0.443220, 0.244020
N, 213, 1.638420, 0.642420, 0.244020
N, 214, 1.638420, 0.841620, 0.244020
N, 215, 1.638420, 1.040820, 0.244020
N, 216, 1.638420, 1.240020, 0.244020
N, 217, 1.638420, 1.439220, 0.244020
N, 218, 1.638420, 1.638420, 0.244020
N, 219, 1.638420, 1.837620, 0.244020
N, 220, 1.638420, 2.036820, 0.244020
N, 221, 1.837620, 0.044820, 0.244020
N, 222, 1.837620, 0.244020, 0.244020
N, 223, 1.837620, 0.443220, 0.244020
N, 224, 1.837620, 0.642420, 0.244020
N, 225, 1.837620, 0.841620, 0.244020
N, 226, 1.837620, 1.040820, 0.244020
N, 227, 1.837620, 1.240020, 0.244020
N, 228, 1.837620, 1.439220, 0.244020
N, 229, 1.837620, 1.638420, 0.244020
N, 230, 1.837620, 1.837620, 0.244020
N, 231, 1.837620, 2.036820, 0.244020
N, 232, 2.036820, 0.044820, 0.244020
N, 233, 2.036820, 0.244020, 0.244020
N, 234, 2.036820, 0.443220, 0.244020
N, 235, 2.036820, 0.642420, 0.244020
N, 236, 2.036820, 0.841620, 0.244020
N, 237, 2.036820, 1.040820, 0.244020
N, 238, 2.036820, 1.240020, 0.244020
N, 239, 2.036820, 1.439220, 0.244020
N, 240, 2.036820, 1.638420, 0.244020
N, 241, 2.036820, 1.837620, 0.244020
N, 242, 2.036820, 2.036820, 0.244020
N, 243, 0.044820, 0.044820, 0.443220
N, 244, 0.044820, 0.244020, 0.443220
N, 245, 0.044820, 0.443220, 0.443220
N, 246, 0.044820, 0.642420, 0.443220
N, 247, 0.044820, 0.841620, 0.443220
N, 248, 0.044820, 1.040820, 0.443220
N, 249, 0.044820, 1.240020, 0.443220
N, 250, 0.044820, 1.439220, 0.443220
N, 251, 0.044820, 1.638420, 0.443220
N, 252, 0.044820, 1.837620, 0.443220
N, 253, 0.044820, 2.036820, 0.443220
N, 254, 0.244020, 0.044820, 0.443220
N, 255, 0.244020, 0.244020, 0.443220
N, 256, 0.244020, 0.443220, 0.443220
N, 257, 0.244020, 0.642420, 0.443220
N, 258, 0.244020, 0.841620, 0.443220
N, 259, 0.244020, 1.040820, 0.443220
N, 260, 0.244020, 1.240020, 0.443220
N, 261, 0.244020, 1.439220, 0.443220
N, 262, 0.244020, 1.638420, 0.443220
N, 263, 0.244020, 1.837620, 0.443220
N, 264, 0.244020, 2.036820, 0.443220
N, 265, 0.443220, 0.044820, 0.443220
N, 266, 0.443220, 0.244020, 0.443220
N, 267, 0.443220, 0.443220, 0.443220
N, 268, 0.443220, 0.642420, 0.443220
N, 269, 0.443220, 0.841620, 0.443220
N, 270, 0.443220, 1.040820, 0.443220
N, 271, 0.443220, 1.240020, 0.443220
N, 272, 0.443220, 1.439220, 0.443220
N, 273, 0.443220, 1.638420, 0.443220
N, 274, 0.443220, 1.837620, 0.443220
N, 275, 0.443220, 2.036820, 0.443220
N, 276, 0.642420, 0.044820, 0.443220
N, 277, 0.642420, 0.244020, 0.443220
N, 278, 0.642420, 0.443220, 0.443220
N, 279, 0.642420, 0.642420, 0.443220
N, 280, 0.642420, 0.841620, 0.443220
N, 281, 0.642420, 1.040820, 0.443220
N, 282, 0.642420, 1.240020, 0.443220
N, 283, 0.642420, 1.439220, 0.443220
N, 284, 0.642420, 1.638420, 0.443220
N, 285, 0.642420, 1.837620, 0.443220
N, 286, 0.642420, 2.036820, 0.443220
N, 287, 0.841620, 0.044820, 0.443220
N, 288, 0.841620, 0.244020, 0.443220
N, 289, 0.841620, 0.443220, 0.443220
N, 290, 0.841620, 0.642420, 0.443220
N, 291, 0.841620, 0.841620, 0.443220
N, 292, 0.841620, 1.040820, 0.443220
N, 293, 0.841620, 1.240020, 0.443220
N, 294, 0.841620, 1.439220, 0.443220
N, 295, 0.841620, 1.638420, 0.443220
N, 296, 0.841620, 1.837620, 0.443220
N, 297, 0.841620, 2.036820, 0.443220
N, 298, 1.040820, 0.044820, 0.443220
N, 299, 1.040820, 0.244020, 0.443220
N, 300, 1.040820, 0.443220, 0.443220
N, 301, 1.040820, 0.642420, 0.443220
N, 302, 1.040820, 0.841620, 0.443220
N, 303, 1.040820, 1.040820, 0.443220
N, 304, 1.040820, 1.240020, 0.443220
N, 305, 1.040820, 1.439220, 0.443220
N, 306, 1.040820, 1.638420, 0.443220
N, 307, 1.040820, 1.837620, 0.443220
N, 308, 1.040820, 2.036820, 0.443220
N, 309, 1.240020, 0.044820, 0.443220
N, 310, 1.240020, 0.244020, 0.443220
N, 311, 1.240020, 0.443220, 0.443220
N, 312, 1.240020, 0.642420, 0.443220
N, 313, 1.240020, 0.841620, 0.443220
N, 314, 1.240020, 1.040820, 0.443220
N, 315, 1.240020, 1.240020, 0.443220
N, 316, 1.240020, 1.439220, 0.443220
N, 317, 1.240020, 1.638420, 0.443220
N, 318, 1.240020, 1.837620, 0.443220
N, 319, 1.240020, 2.036820, 0.443220
N, 320, 1.439220, 0.044820, 0.443220
N, 321, 1.439220, 0.244020, 0.443220
N, 322, 1.439220, 0.443220, 0.443220
N, 323, 1.439220, 0.642420, 0.443220
N, 324, 1.439220, 0.841620, 0.443220
N, 325, 1.439220, 1.040820, 0.443220
N, 326, 1.439220, 1.240020, 0.443220
N, 327, 1.439220, 1.439220, 0.443220
N, 328, 1.439220, 1.638420, 0.443220
N, 329, 1.439220, 1.837620, 0.443220
N, 330, 1.439220, 2.036820, 0.443220
N, 331, 1.638420, 0.044820, 0.443220
N, 332, 1.638420, 0.244020, 0.443220
N, 333, 1.638420, 0.443220, 0.443220
N, 334, 1.638420, 0.642420, 0.443220
N, 335, 1.638420, 0.841620, 0.443220
N, 336, 1.638420, 1.040820, 0.443220
N, 337, 1.638420, 1.240020, 0.443220
N, 338, 1.638420, 1.439220, 0.443220
N, 339, 1.638420, 1.638420, 0.443220
N, 340, 1.638420, 1.837620, 0.443220
N, 341, 1.638420, 2.036820, 0.443220
N, 342, 1.837620, 0.044820, 0.443220
N, 343, 1.837620, 0.244020, 0.443220
N, 344, 1.837620, 0.443220, 0.443220
N, 345, 1.837620, 0.642420, 0.443220
N, 346, 1.837620, 0.841620, 0.443220
N, 347, 1.837620, 1.040820, 0.443220
N, 348, 1.837620, 1.240020, 0.443220
N, 349, 1.837620, 1.439220, 0.443220
N, 350, 1.837620, 1.638420, 0.443220
N, 351, 1.837620, 1.837620, 0.443220
N, 352, 1.837620, 2.036820, 0.443220
N, 353, 2.036820, 0.044820, 0.443220
N, 354, 2.036820, 0.244020, 0.443220
N, 355, 2.036820, 0.443220, 0.443220
N, 356, 2.036820, 0.642420, 0.443220
N, 357, 2.036820, 0.841620, 0.443220
N, 358, 2.036820, 1.040820, 0.443220
N, 359, 2.036820, 1.240020, 0.443220
N, 360, 2.036820, 1.439220, 0.443220
N, 361, 2.036820, 1.638420, 0.443220
N, 362, 2.036820, 1.837620, 0.443220
N, 363, 2.036820, 2.036820, 0.443220
N, 364, 0.044820, 0.044820, 0.642420
N, 365, 0.044820, 0.244020, 0.642420
N, 366, 0.044820, 0.443220, 0.642420
N, 367, 0.044820, 0.642420, 0.642420
N, 368, 0.044820, 0.841620, 0.642420
N, 369, 0.044820, 1.040820, 0.642420
N, 370, 0.044820, 1.240020, 0.642420
N, 371, 0.044820, 1.439220, 0.642420
N, 372, 0.044820, 1.638420, 0.642420
N, 373, 0.044820, 1.837620, 0.642420
N, 374, 0.044820, 2.036820, 0.642420
N, 375, 0.244020, 0.044820, 0.642420
N, 376, 0.244020, 0.244020, 0.642420
N, 377, 0.244020, 0.443220, 0.642420
N, 378, 0.244020, 0.642420, 0.642420
N, 379, 0.244020, 0.841620, 0.642420
N, 380, 0.244020, 1.040820, 0.642420
N, 381, 0.244020, 1.240020, 0.642420
N, 382, 0.244020, 1.439220, 0.642420
N, 383, 0.244020, 1.638420, 0.642420
N, 384, 0.244020, 1.837620, 0.642420
N, 385, 0.244020, 2.036820, 0.642420
N, 386, 0.443220, 0.044820, 0.642420
N, 387, 0.443220, 0.244020, 0.642420
N, 388, 0.443220, 0.443220, 0.642420
N, 389, 0.443220, 0.642420, 0.642420
N, 390, 0.443220, 0.841620, 0.642420
N, 391, 0.443220, 1.040820, 0.642420
N, 392, 0.443220, 1.240020, 0.642420
N, 393, 0.443220, 1.439220, 0.642420
N, 394, 0.443220, 1.638420, 0.642420
N, 395, 0.443220, 1.837620, 0.642420
N, 396, 0.443220, 2.036820, 0.642420
N, 397, 0.642420, 0.044820, 0.642420
N, 398, 0.642420, 0.244020, 0.642420
N, 399, 0.642420, 0.443220, 0.642420
N, 400, 0.642420, 0.642420, 0.642420
N, 401, 0.642420, 0.841620, 0.642420
N, 402, 0.642420, 1.040820, 0.642420
N, 403, 0.642420, 1.240020, 0.642420
N, 404, 0.642420, 1.439220, 0.642420
N, 405, 0.642420, 1.638420, 0.642420
N, 406, 0.642420, 1.837620, 0.642420
N, 407, 0.642420, 2.036820, 0.642420
N, 408, 0.841620, 0.044820, 0.642420
N, 409, 0.841620, 0.244020, 0.642420
N, 410, 0.841620, 0.443220, 0.642420
N, 411, 0.841620, 0.642420, 0.642420
N, 412, 0.841620, 0.841620, 0.642420
N, 413, 0.841620, 1.040820, 0.642420
N, 414, 0.841620, 1.240020, 0.642420
N, 415, 0.841620, 1.439220, 0.642420
N, 416, 0.841620, 1.638420, 0.642420
N, 417, 0.841620, 1.837620, 0.642420
N, 418, 0.841620, 2.036820, 0.642420
N, 419, 1.040820, 0.044820, 0.642420
N, 420, 1.040820, 0.244020, 0.642420
N, 421, 1.040820, 0.443220, 0.642420
N, 422, 1.040820, 0.642420, 0.642420
N, 423, 1.040820, 0.841620, 0.642420
N, 424, 1.040820, 1.040820, 0.642420
N, 425, 1.040820, 1.240020, 0.642420
N, 426, 1.040820, 1.439220, 0.642420
N, 427, 1.040820, 1.638420, 0.642420
N, 428, 1.040820, 1.837620, 0.642420
N, 429, 1.040820, 2.036820, 0.642420
N, 430, 1.240020, 0.044820, 0.642420
N, 431, 1.240020, 0.244020, 0.642420
N, 432, 1.240020, 0.443220, 0.642420
N, 433, 1.240020, 0.642420, 0.642420
N, 434, 1.240020, 0.841620, 0.642420
N, 435, 1.240020, 1.040820, 0.642420
N, 436, 1.240020, 1.240020, 0.642420
N, 437, 1.240020, 1.439220, 0.642420
N, 438, 1.240020, 1.638420, 0.642420
N, 439, 1.240020, 1.837620, 0.642420
N, 440, 1.240020, 2.036820, 0.642420
N, 441, 1.439220, 0.044820, 0.642420
N, 442, 1.439220, 0.244020, 0.642420
N, 443, 1.439220, 0.443220, 0.642420
N, 444, 1.439220, 0.642420, 0.642420
N, 445, 1.439220, 0.841620, 0.642420
N, 446, 1.439220, 1.040820, 0.642420
N, 447, 1.439220, 1.240020, 0.642420
N, 448, 1.439220, 1.439220, 0.642420
N, 449, 1.439220, 1.638420, 0.642420
N, 450, 1.439220, 1.837620, 0.642420
N, 451, 1.439220, 2.036820, 0.642420
N, 452, 1.638420, 0.044820, 0.642420
N, 453, 1.638420, 0.244020, 0.642420
N, 454, 1.638420, 0.443220, 0.642420
N, 455, 1.638420, 0.642420, 0.642420
N, 456, 1.638420, 0.841620, 0.642420
N, 457, 1.638420, 1.040820, 0.642420
N, 458, 1.638420, 1.240020, 0.642420
N, 459, 1.638420, 1.439220, 0.642420
N, 460, 1.638420, 1.638420, 0.642420
N, 461, 1.638420, 1.837620, 0.642420
N, 462, 1.638420, 2.036820, 0.642420
N, 463, 1.837620, 0.044820, 0.642420
N, 464, 1.837620, 0.244020, 0.642420
N, 465, 1.837620, 0.443220, 0.642420
N, 466, 1.837620, 0.642420, 0.642420
N, 467, 1.837620, 0.841620, 0.642420
N, 468, 1.837620, 1.040820, 0.642420
N, 469, 1.837620, 1.240020, 0.642420
N, 470, 1.837620, 1.439220, 0.642420
N, 471, 1.837620, 1.638420, 0.642420
N, 472, 1.837620, 1.837620, 0.642420
N, 473, 1.837620, 2.036820, 0.642420
N, 474, 2.036820, 0.044820, 0.642420
N, 475, 2.036820, 0.244020, 0.642420
N, 476, 2.036820, 0.443220, 0.642420
N, 477, 2.036820, 0.642420, 0.642420
N, 478, 2.036820, 0.841620, 0.642420
N, 479, 2.036820, 1.040820, 0.642420
N, 480, 2.036820, 1.240020, 0.642420
N, 481, 2.036820, 1.439220, 0.642420
N, 482, 2.036820, 1.638420, 0.642420
N, 483, 2.036820, 1.837620, 0.642420
N, 484, 2.036820, 2.036820, 0.642420
N, 485, 0.044820, 0.044820, 0.841620
N, 486, 0.044820, 0.244020, 0.841620
N, 487, 0.044820, 0.443220, 0.841620
N, 488, 0.044820, 0.642420, 0.841620
N, 489, 0.044820, 0.841620, 0.841620
N, 490, 0.044820, 1.040820, 0.841620
N, 491, 0.044820, 1.240020, 0.841620
N, 492, 0.044820, 1.439220, 0.841620
N, 493, 0.044820, 1.638420, 0.841620
N, 494, 0.044820, 1.837620, 0.841620
N, 495, 0.044820, 2.036820, 0.841620
N, 496, 0.244020, 0.044820, 0.841620
N, 497, 0.244020, 0.244020, 0.841620
N, 498, 0.244020, 0.443220, 0.841620
N, 499, 0.244020, 0.642420, 0.841620
N, 500, 0.244020, 0.841620, 0.841620
N, 501, 0.244020, 1.040820, 0.841620
N, 502, 0.244020, 1.240020, 0.841620
N, 503, 0.244020, 1.439220, 0.841620
N, 504, 0.244020, 1.638420, 0.841620
N, 505, 0.244020, 1.837620, 0.841620
N, 506, 0.244020, 2.036820, 0.841620
N, 507, 0.443220, 0.044820, 0.841620
N, 508, 0.443220, 0.244020, 0.841620
N, 509, 0.443220, 0.443220, 0.841620
N, 510, 0.443220, 0.642420, 0.841620
N, 511, 0.443220, 0.841620, 0.841620
N, 512, 0.443220, 1.040820, 0.841620
N, 513, 0.443220, 1.240020, 0.841620
N, 514, 0.443220, 1.439220, 0.841620
N, 515, 0.443220, 1.638420, 0.841620
N, 516, 0.443220, 1.837620, 0.841620
N, 517, 0.443220, 2.036820, 0.841620
N, 518, 0.642420, 0.044820, 0.841620
N, 519, 0.642420, 0.244020, 0.841620
N, 520, 0.642420, 0.443220, 0.841620
N, 521, 0.642420, 0.642420, 0.841620
N, 522, 0.642420, 0.841620, 0.841620
N, 523, 0.642420, 1.040820, 0.841620
N, 524, 0.642420, 1.240020, 0.841620
N, 525, 0.642420, 1.439220, 0.841620
N, 526, 0.642420, 1.638420, 0.841620
N, 527, 0.642420, 1.837620, 0.841620
N, 528, 0.642420, 2.036820, 0.841620
N, 529, 0.841620, 0.044820, 0.841620
N, 530, 0.841620, 0.244020, 0.841620
N, 531, 0.841620, 0.443220, 0.841620
N, 532, 0.841620, 0.642420, 0.841620
N, 533, 0.841620, 0.841620, 0.841620
N, 534, 0.841620, 1.040820, 0.841620
N, 535, 0.841620, 1.240020, 0.841620
N, 536, 0.841620, 1.439220, 0.841620
N, 537, 0.841620, 1.638420, 0.841620
N, 538, 0.841620, 1.837620, 0.841620
N, 539, 0.841620, 2.036820, 0.841620
N, 540, 1.040820, 0.044820, 0.841620
N, 541, 1.040820, 0.244020, 0.841620
N, 542, 1.040820, 0.443220, 0.841620
N, 543, 1.040820, 0.642420, 0.841620
N, 544, 1.040820, 0.841620, 0.841620
N, 545, 1.040820, 1.040820, 0.841620
N, 546, 1.040820, 1.240020, 0.841620
N, 547, 1.040820, 1.439220, 0.841620
N, 548, 1.040820, 1.638420, 0.841620
N, 549, 1.040820, 1.837620, 0.841620
N, 550, 1.040820, 2.036820, 0.841620
N, 551, 1.240020, 0.044820, 0.841620
N, 552, 1.240020, 0.244020, 0.841620
N, 553, 1.240020, 0.443220, 0.841620
N, 554, 1.240020, 0.642420, 0.841620
N, 555, 1.240020, 0.841620, 0.841620
N, 556, 1.240020, 1.040820, 0.841620
N, 557, 1.240020, 1.240020, 0.841620
N, 558, 1.240020, 1.439220, 0.841620
N, 559, 1.240020, 1.638420, 0.841620
N, 560, 1.240020, 1.837620, 0.841620
N, 561, 1.240020, 2.036820, 0.841620
N, 562, 1.439220, 0.044820, 0.841620
N, 563, 1.439220, 0.244020, 0.841620
N, 564, 1.439220, 0.443220, 0.841620
N, 565, 1.439220, 0.642420, 0.841620
N, 566, 1.439220, 0.841620, 0.841620
N, 567, 1.439220, 1.040820, 0.841620
N, 568, 1.439220, 1.240020, 0.841620
N, 569, 1.439220, 1.439220, 0.841620
N, 570, 1.439220, 1.638420, 0.841620
N, 571, 1.439220, 1.837620, 0.841620
N, 572, 1.439220, 2.036820, 0.841620
N, 573, 1.638420, 0.044820, 0.841620
N, 574, 1.638420, 0.244020, 0.841620
N, 575, 1.638420, 0.443220, 0.841620
N, 576, 1.638420, 0.642420, 0.841620
N, 577, 1.638420, 0.841620, 0.841620
N, 578, 1.638420, 1.040820, 0.841620
N, 579, 1.638420, 1.240020, 0.841620
N, 580, 1.638420, 1.439220, 0.841620
N, 581, 1.638420, 1.638420, 0.841620
N, 582, 1.638420, 1.837620, 0.841620
N, 583, 1.638420, 2.036820, 0.841620
N, 584, 1.837620, 0.044820, 0.841620
N, 585, 1.837620, 0.244020, 0.841620
N, 586, 1.837620, 0.443220, 0.841620
N, 587, 1.837620, 0.642420, 0.841620
N, 588, 1.837620, 0.841620, 0.841620
N, 589, 1.837620, 1.040820, 0.841620
N, 590, 1.837620, 1.240020, 0.841620
N, 591, 1.837620, 1.439220, 0.841620
N, 592, 1.837620, 1.638420, 0.841620
N, 593, 1.837620, 1.837620, 0.841620
N, 594, 1.837620, 2.036820, 0.841620
N, 595, 2.036820, 0.044820, 0.841620
N, 596, 2.036820, 0.244020, 0.841620
N, 597, 2.036820, 0.443220, 0.841620
N, 598, 2.036820, 0.642420, 0.841620
N, 599, 2.036820, 0.841620, 0.841620
N, 600, 2.036820, 1.040820, 0.841620
N, 601, 2.036820, 1.240020, 0.841620
N, 602, 2.036820, 1.439220, 0.841620
N, 603, 2.036820, 1.638420, 0.841620
N, 604, 2.036820, 1.837620, 0.841620
N, 605, 2.036820, 2.036820, 0.841620
N, 606, 0.044820, 0.044820, 1.040820
N, 607, 0.044820, 0.244020, 1.040820
N, 608, 0.044820, 0.443220, 1.040820
N, 609, 0.044820, 0.642420, 1.040820
N, 610, 0.044820, 0.841620, 1.040820
N, 611, 0.044820, 1.040820, 1.040820
N, 612, 0.044820, 1.240020, 1.040820
N, 613, 0.044820, 1.439220, 1.040820
N, 614, 0.044820, 1.638420, 1.040820
N, 615, 0.044820, 1.837620, 1.040820
N, 616, 0.044820, 2.036820, 1.040820
N, 617, 0.244020, 0.044820, 1.040820
N, 618, 0.244020, 0.244020, 1.040820
N, 619, 0.244020, 0.443220, 1.040820
N, 620, 0.244020, 0.642420, 1.040820
N, 621, 0.244020, 0.841620, 1.040820
N, 622, 0.244020, 1.040820, 1.040820
N, 623, 0.244020, 1.240020, 1.040820
N, 624, 0.244020, 1.439220, 1.040820
N, 625, 0.244020, 1.638420, 1.040820
N, 626, 0.244020, 1.837620, 1.040820
N, 627, 0.244020, 2.036820, 1.040820
N, 628, 0.443220, 0.044820, 1.040820
N, 629, 0.443220, 0.244020, 1.040820
N, 630, 0.443220, 0.443220, 1.040820
N, 631, 0.443220, 0.642420, 1.040820
N, 632, 0.443220, 0.841620, 1.040820
N, 633, 0.443220, 1.040820, 1.040820
N, 634, 0.443220, 1.240020, 1.040820
N, 635, 0.443220, 1.439220, 1.040820
N, 636, 0.443220, 1.638420, 1.040820
N, 637, 0.443220, 1.837620, 1.040820
N, 638, 0.443220, 2.036820, 1.040820
N, 639, 0.642420, 0.044820, 1.040820
N, 640, 0.642420, 0.244020, 1.040820
N, 641, 0.642420, 0.443220, 1.040820
N, 642, 0.642420, 0.642420, 1.040820
N, 643, 0.642420, 0.841620, 1.040820
N, 644, 0.642420, 1.040820, 1.040820
N, 645, 0.642420, 1.240020, 1.040820
N, 646, 0.642420, 1.439220, 1.040820
N, 647, 0.642420, 1.638420, 1.040820
N, 648, 0.642420, 1.837620, 1.040820
N, 649, 0.642420, 2.036820, 1.040820
N, 650, 0.841620, 0.044820, 1.040820
N, 651, 0.841620, 0.244020, 1.040820
N, 652, 0.841620, 0.443220, 1.040820
N, 653, 0.841620, 0.642420, 1.040820
N, 654, 0.841620, 0.841620, 1.040820
N, 655, 0.841620, 1.040820, 1.040820
N, 656, 0.841620, 1.240020, 1.040820
N, 657, 0.841620, 1.439220, 1.040820
N, 658, 0.841620, 1.638420, 1.040820
N, 659, 0.841620, 1.837620, 1.040820
N, 660, 0.841620, 2.036820, 1.040820
N, 661, 1.040820, 0.044820, 1.040820
N, 662, 1.040820, 0.244020, 1.040820
N, 663, 1.040820, 0.443220, 1.040820
N, 664, 1.040820, 0.642420, 1.040820
N, 665, 1.040820, 0.841620, 1.040820
N, 666, 1.040820, 1.040820, 1.040820
N, 667, 1.040820, 1.240020, 1.040820
N, 668, 1.040820, 1.439220, 1.040820
N, 669, 1.040820, 1.638420, 1.040820
N, 670, 1.040820, 1.837620, 1.040820
N, 671, 1.040820, 2.036820, 1.040820
N, 672, 1.240020, 0.044820, 1.040820
N, 673, 1.240020, 0.244020, 1.040820
N, 674, 1.240020, 0.443220, 1.040820
N, 675, 1.240020, 0.642420, 1.040820
N, 676, 1.240020, 0.841620, 1.040820
N, 677, 1.240020, 1.040820, 1.040820
N, 678, 1.240020, 1.240020, 1.040820
N, 679, 1.240020, 1.439220, 1.040820
N, 680, 1.240020, 1.638420, 1.040820
N, 681, 1.240020, 1.837620, 1.040820
N, 682, 1.240020, 2.036820, 1.040820
N, 683, 1.439220, 0.044820, 1.040820
N, 684, 1.439220, 0.244020, 1.040820
N, 685, 1.439220, 0.443220, 1.040820
N, 686, 1.439220, 0.642420, 1.040820
N, 687, 1.439220, 0.841620, 1.040820
N, 688, 1.439220, 1.040820, 1.040820
N, 689, 1.439220, 1.240020, 1.040820
N, 690, 1.439220, 1.439220, 1.040820
N, 691, 1.439220, 1.638420, 1.040820
N, 692, 1.439220, 1.837620, 1.040820
N, 693, 1.439220, 2.036820, 1.040820
N, 694, 1.638420, 0.044820, 1.040820
N, 695, 1.638420, 0.244020, 1.040820
N, 696, 1.638420, 0.443220, 1.040820
N, 697, 1.638420, 0.642420, 1.040820
N, 698, 1.638420, 0.841620, 1.040820
N, 699, 1.638420, 1.040820, 1.040820
N, 700, 1.638420, 1.240020, 1.040820
N, 701, 1.638420, 1.439220, 1.040820
N, 702, 1.638420, 1.638420, 1.040820
N, 703, 1.638420, 1.837620, 1.040820
N, 704, 1.638420, 2.036820, 1.040820
N, 705, 1.837620, 0.044820, 1.040820
N, 706, 1.837620, 0.244020, 1.040820
N, 707, 1.837620, 0.443220, 1.040820
N, 708, 1.837620, 0.642420, 1.040820
N, 709, 1.837620, 0.841620, 1.040820
N, 710, 1.837620, 1.040820, 1.040820
N, 711, 1.837620, 1.240020, 1.040820
N, 712, 1.837620, 1.439220, 1.040820
N, 713, 1.837620, 1.638420, 1.040820
N, 714, 1.837620, 1.837620, 1.040820
N, 715, 1.837620, 2.036820, 1.040820
N, 716, 2.036820, 0.044820, 1.040820
N, 717, 2.036820, 0.244020, 1.040820
N, 718, 2.036820, 0.443220, 1.040820
N, 719, 2.036820, 0.642420, 1.040820
N, 720, 2.036820, 0.841620, 1.040820
N, 721, 2.036820, 1.040820, 1.040820
N, 722, 2.036820, 1.240020, 1.040820
N, 723, 2.036820, 1.439220, 1.040820
N, 724, 2.036820, 1.638420, 1.040820
N, 725, 2.036820, 1.837620, 1.040820
N, 726, 2.036820, 2.036820, 1.040820
N, 727, 0.044820, 0.044820, 1.240020
N, 728, 0.044820, 0.244020, 1.240020
N, 729, 0.044820, 0.443220, 1.240020
N, 730, 0.044820, 0.642420, 1.240020
N, 731, 0.044820, 0.841620, 1.240020
N, 732, 0.044820, 1.040820, 1.240020
N, 733, 0.044820, 1.240020, 1.240020
N, 734, 0.044820, 1.439220, 1.240020
N, 735, 0.044820, 1.638420, 1.240020
N, 736, 0.044820, 1.837620, 1.240020
N, 737, 0.044820, 2.036820, 1.240020
N, 738, 0.244020, 0.044820, 1.240020
N, 739, 0.244020, 0.244020, 1.240020
N, 740, 0.244020, 0.443220, 1.240020
N, 741, 0.244020, 0.642420, 1.240020
N, 742, 0.244020, 0.841620, 1.240020
N, 743, 0.244020, 1.040820, 1.240020
N, 744, 0.244020, 1.240020, 1.240020
N, 745, 0.244020, 1.439220, 1.240020
N, 746, 0.244020, 1.638420, 1.240020
N, 747, 0.244020, 1.837620, 1.240020
N, 748, 0.244020, 2.036820, 1.240020
N, 749, 0.443220, 0.044820, 1.240020
N, 750, 0.443220, 0.244020, 1.240020
N, 751, 0.443220, 0.443220, 1.240020
N, 752, 0.443220, 0.642420, 1.240020
N, 753, 0.443220, 0.841620, 1.240020
N, 754, 0.443220, 1.040820, 1.240020
N, 755, 0.443220, 1.240020, 1.240020
N, 756, 0.443220, 1.439220, 1.240020
N, 757, 0.443220, 1.638420, 1.240020
N, 758, 0.443220, 1.837620, 1.240020
N, 759, 0.443220, 2.036820, 1.240020
N, 760, 0.642420, 0.044820, 1.240020
N, 761, 0.642420, 0.244020, 1.240020
N, 762, 0.642420, 0.443220, 1.240020
N, 763, 0.642420, 0.642420, 1.240020
N, 764, 0.642420, 0.841620, 1.240020
N, 765, 0.642420, 1.040820, 1.240020
N, 766, 0.642420, 1.240020, 1.240020
N, 767, 0.642420, 1.439220, 1.240020
N, 768, 0.642420, 1.638420, 1.240020
N, 769, 0.642420, 1.837620, 1.240020
N, 770, 0.642420, 2.036820, 1.240020
N, 771, 0.841620, 0.044820, 1.240020
N, 772, 0.841620, 0.244020, 1.240020
N, 773, 0.841620, 0.443220, 1.240020
N, 774, 0.841620, 0.642420, 1.240020
N, 775, 0.841620, 0.841620, 1.240020
N, 776, 0.841620, 1.040820, 1.240020
N, 777, 0.841620, 1.240020, 1.240020
N, 778, 0.841620, 1.439220, 1.240020
N, 779, 0.841620, 1.638420, 1.240020
N, 780, 0.841620, 1.837620, 1.240020
N, 781, 0.841620, 2.036820, 1.240020
N, 782, 1.040820, 0.044820, 1.240020
N, 783, 1.040820, 0.244020, 1.240020
N, 784, 1.040820, 0.443220, 1.240020
N, 785, 1.040820, 0.642420, 1.240020
N, 786, 1.040820, 0.841620, 1.240020
N, 787, 1.040820, 1.040820, 1.240020
N, 788, 1.040820, 1.240020, 1.240020
N, 789, 1.040820, 1.439220, 1.240020
N, 790, 1.040820, 1.638420, 1.240020
N, 791, 1.040820, 1.837620, 1.240020
N, 792, 1.040820, 2.036820, 1.240020
N, 793, 1.240020, 0.044820, 1.240020
N, 794, 1.240020, 0.244020, 1.240020
N, 795, 1.240020, 0.443220, 1.240020
N, 796, 1.240020, 0.642420, 1.240020
N, 797, 1.240020, 0.841620, 1.240020
N, 798, 1.240020, 1.040820, 1.240020
N, 799, 1.240020, 1.240020, 1.240020
N, 800, 1.240020, 1.439220, 1.240020
N, 801, 1.240020, 1.638420, 1.240020
N, 802, 1.240020, 1.837620, 1.240020
N, 803, 1.240020, 2.036820, 1.240020
N, 804, 1.439220, 0.044820, 1.240020
N, 805, 1.439220, 0.244020, 1.240020
N, 806, 1.439220, 0.443220, 1.240020
N, 807, 1.439220, 0.642420, 1.240020
N, 808, 1.439220, 0.841620, 1.240020
N, 809, 1.439220, 1.040820, 1.240020
N, 810, 1.439220, 1.240020, 1.240020
N, 811, 1.439220, 1.439220, 1.240020
N, 812, 1.439220, 1.638420, 1.240020
N, 813, 1.439220, 1.837620, 1.240020
N, 814, 1.439220, 2.036820, 1.240020
N, 815, 1.638420, 0.044820, 1.240020
N, 816, 1.638420, 0.244020, 1.240020
N, 817, 1.638420, 0.443220, 1.240020
N, 818, 1.638420, 0.642420, 1.240020
N, 819, 1.638420, 0.841620, 1.240020
N, 820, 1.638420, 1.040820, 1.240020
N, 821, 1.638420, 1.240020, 1.240020
N, 822, 1.638420, 1.439220, 1.240020
N, 823, 1.638420, 1.638420, 1.240020
N, 824, 1.638420, 1.837620, 1.240020
N, 825, 1.638420, 2.036820, 1.240020
N, 826, 1.837620, 0.044820, 1.240020
N, 827, 1.837620, 0.244020, 1.240020
N, 828, 1.837620, 0.443220, 1.240020
N, 829, 1.837620, 0.642420, 1.240020
N, 830, 1.837620, 0.841620, 1.240020
N, 831, 1.837620, 1.040820, 1.240020
N, 832, 1.837620, 1.240020, 1.240020
N, 833, 1.837620, 1.439220, 1.240020
N, 834, 1.837620, 1.638420, 1.240020
N, 835, 1.837620, 1.837620, 1.240020
N, 836, 1.837620, 2.036820, 1.240020
N, 837, 2.036820, 0.044820, 1.240020
N, 838, 2.036820, 0.244020, 1.240020
N, 839, 2.036820, 0.443220, 1.240020
N, 840, 2.036820, 0.642420, 1.240020
N, 841, 2.036820, 0.841620, 1.240020
N, 842, 2.036820, 1.040820, 1.240020
N, 843, 2.036820, 1.240020, 1.240020
N, 844, 2.036820, 1.439220, 1.240020
N, 845, 2.036820, 1.638420, 1.240020
N, 846, 2.036820, 1.837620, 1.240020
N, 847, 2.036820, 2.036820, 1.240020
N, 848, 0.044820, 0.044820, 1.439220
N, 849, 0.044820, 0.244020, 1.439220
N, 850, 0.044820, 0.443220, 1.439220
N, 851, 0.044820, 0.642420, 1.439220
N, 852, 0.044820, 0.841620, 1.439220
N, 853, 0.044820, 1.040820, 1.439220
N, 854, 0.044820, 1.240020, 1.439220
N, 855, 0.044820, 1.439220, 1.439220
N, 856, 0.044820, 1.638420, 1.439220
N, 857, 0.044820, 1.837620, 1.439220
N, 858, 0.044820, 2.036820, 1.439220
N, 859, 0.244020, 0.044820, 1.439220
N, 860, 0.244020, 0.244020, 1.439220
N, 861, 0.244020, 0.443220, 1.439220
N, 862, 0.244020, 0.642420, 1.439220
N, 863, 0.244020, 0.841620, 1.439220
N, 864, 0.244020, 1.040820, 1.439220
N, 865, 0.244020, 1.240020, 1.439220
N, 866, 0.244020, 1.439220, 1.439220
N, 867, 0.244020, 1.638420, 1.439220
N, 868, 0.244020, 1.837620, 1.439220
N, 869, 0.244020, 2.036820, 1.439220
N, 870, 0.443220, 0.044820, 1.439220
N, 871, 0.443220, 0.244020, 1.439220
N, 872, 0.443220, 0.443220, 1.439220
N, 873, 0.443220, 0.642420, 1.439220
N, 874, 0.443220, 0.841620, 1.439220
N, 875, 0.443220, 1.040820, 1.439220
N, 876, 0.443220, 1.240020, 1.439220
N, 877, 0.443220, 1.439220, 1.439220
N, 878, 0.443220, 1.638420, 1.439220
N, 879, 0.443220, 1.837620, 1.439220
N, 880, 0.443220, 2.036820, 1.439220
N, 881, 0.642420, 0.044820, 1.439220
N, 882, 0.642420, 0.244020, 1.439220
N, 883, 0.642420, 0.443220, 1.439220
N, 884, 0.642420, 0.642420, 1.439220
N, 885, 0.642420, 0.841620, 1.439220
N, 886, 0.642420, 1.040820, 1.439220
N, 887, 0.642420, 1.240020, 1.439220
N, 888, 0.642420, 1.439220, 1.439220
N, 889, 0.642420, 1.638420, 1.439220
N, 890, 0.642420, 1.837620, 1.439220
N, 891, 0.642420, 2.036820, 1.439220
N, 892, 0.841620, 0.044820, 1.439220
N, 893, 0.841620, 0.244020, 1.439220
N, 894, 0.841620, 0.443220, 1.439220
N, 895, 0.841620, 0.642420, 1.439220
N, 896, 0.841620, 0.841620, 1.439220
N, 897, 0.841620, 1.040820, 1.439220
N, 898, 0.841620, 1.240020, 1.439220
N, 899, 0.841620, 1.439220, 1.439220
N, 900, 0.841620, 1.638420, 1.439220
N, 901, 0.841620, 1.837620, 1.439220
N, 902, 0.841620, 2.036820, 1.439220
N, 903, 1.040820, 0.044820, 1.439220
N, 904, 1.040820, 0.244020, 1.439220
N, 905, 1.040820, 0.443220, 1.439220
N, 906, 1.040820, 0.642420, 1.439220
N, 907, 1.040820, 0.841620, 1.439220
N, 908, 1.040820, 1.040820, 1.439220
N, 909, 1.040820, 1.240020, 1.439220
N, 910, 1.040820, 1.439220, 1.439220
N, 911, 1.040820, 1.638420, 1.439220
N, 912, 1.040820, 1.837620, 1.439220
N, 913, 1.040820, 2.036820, 1.439220
N, 914, 1.240020, 0.044820, 1.439220
N, 915, 1.240020, 0.244020, 1.439220
N, 916, 1.240020, 0.443220, 1.439220
N, 917, 1.240020, 0.642420, 1.439220
N, 918, 1.240020, 0.841620, 1.439220
N, 919, 1.240020, 1.040820, 1.439220
N, 920, 1.240020, 1.240020, 1.439220
N, 921, 1.240020, 1.439220, 1.439220
N, 922, 1.240020, 1.638420, 1.439220
N, 923, 1.240020, 1.837620, 1.439220
N, 924, 1.240020, 2.036820, 1.439220
N, 925, 1.439220, 0.044820, 1.439220
N, 926, 1.439220, 0.244020, 1.439220
N, 927, 1.439220, 0.443220, 1.439220
N, 928, 1.439220, 0.642420, 1.439220
N, 929, 1.439220, 0.841620, 1.439220
N, 930, 1.439220, 1.040820, 1.439220
N, 931, 1.439220, 1.240020, 1.439220
N, 932, 1.439220, 1.439220, 1.439220
N, 933, 1.439220, 1.638420, 1.439220
N, 934, 1.439220, 1.837620, 1.439220
N, 935, 1.439220, 2.036820, 1.439220
N, 936, 1.638420, 0.044820, 1.439220
N, 937, 1.638420, 0.244020, 1.439220
N, 938, 1.638420, 0.443220, 1.439220
N, 939, 1.638420, 0.642420, 1.439220
N, 940, 1.638420, 0.841620, 1.439220
N, 941, 1.638420, 1.040820, 1.439220
N, 942, 1.638420, 1.240020, 1.439220
N, 943, 1.638420, 1.439220, 1.439220
N, 944, 1.638420, 1.638420, 1.439220
N, 945, 1.638420, 1.837620, 1.439220
N, 946, 1.638420, 2.036820, 1.439220
N, 947, 1.837620, 0.044820, 1.439220
N, 948, 1.837620, 0.244020, 1.439220
N, 949, 1.837620, 0.443220, 1.439220
N, 950, 1.837620, 0.642420, 1.439220
N, 951, 1.837620, 0.841620, 1.439220
N, 952, 1.837620, 1.040820, 1.439220
N, 953, 1.837620, 1.240020, 1.439220
N, 954, 1.837620, 1.439220, 1.439220
N, 955, 1.837620, 1.638420, 1.439220
N, 956, 1.837620, 1.837620, 1.439220
N, 957, 1.837620, 2.036820, 1.439220
N, 958, 2.036820, 0.044820, 1.439220
N, 959, 2.036820, 0.244020, 1.439220
N, 960, 2.036820, 0.443220, 1.439220
N, 961, 2.036820, 0.642420, 1.439220
N, 962, 2.036820, 0.841620, 1.439220
N, 963, 2.036820, 1.040820, 1.439220
N, 964, 2.036820, 1.240020, 1.439220
N, 965, 2.036820, 1.439220, 1.439220
N, 966, 2.036820, 1.638420, 1.439220
N, 967, 2.036820, 1.837620, 1.439220
N, 968, 2.036820, 2.036820, 1.439220
N, 969, 0.044820, 0.044820, 1.638420
N, 970, 0.044820, 0.244020, 1.638420
N, 971, 0.044820, 0.443220, 1.638420
N, 972, 0.044820, 0.642420, 1.638420
N, 973, 0.044820, 0.841620, 1.638420
N, 974, 0.044820, 1.040820, 1.638420
N, 975, 0.044820, 1.240020, 1.638420
N, 976, 0.044820, 1.439220, 1.638420
N, 977, 0.044820, 1.638420, 1.638420
N, 978, 0.044820, 1.837620, 1.638420
N, 979, 0.044820, 2.036820, 1.638420
N, 980, 0.244020, 0.044820, 1.638420
N, 981, 0.244020, 0.244020, 1.638420
N, 982, 0.244020, 0.443220, 1.638420
N, 983, 0.244020, 0.642420, 1.638420
N, 984, 0.244020, 0.841620, 1.638420
N, 985, 0.244020, 1.040820, 1.638420
N, 986, 0.244020, 1.240020, 1.638420
N, 987, 0.244020, 1.439220, 1.638420
N, 988, 0.244020, 1.638420, 1.638420
N, 989, 0.244020, 1.837620, 1.638420
N, 990, 0.244020, 2.036820, 1.638420
N, 991, 0.443220, 0.044820, 1.638420
N, 992, 0.443220, 0.244020, 1.638420
N, 993, 0.443220, 0.443220, 1.638420
N, 994, 0.443220, 0.642420, 1.638420
N, 995, 0.443220, 0.841620, 1.638420
N, 996, 0.443220, 1.040820, 1.638420
N, 997, 0.443220, 1.240020, 1.638420
N, 998, 0.443220, 1.439220, 1.638420
N, 999, 0.443220, 1.638420, 1.638420
N, 1000, 0.443220, 1.837620, 1.638420
N, 1001, 0.443220, 2.036820, 1.638420
N, 1002, 0.642420, 0.044820, 1.638420
N, 1003, 0.642420, 0.244020, 1.638420
N, 1004, 0.642420, 0.443220, 1.638420
N, 1005, 0.642420, 0.642420, 1.638420
N, 1006, 0.642420, 0.841620, 1.638420
N, 1007, 0.642420, 1.040820, 1.638420
N, 1008, 0.642420, 1.240020, 1.638420
N, 1009, 0.642420, 1.439220, 1.638420
N, 1010, 0.642420, 1.638420, 1.638420
N, 1011, 0.642420, 1.837620, 1.638420
N, 1012, 0.642420, 2.036820, 1.638420
N, 1013, 0.841620, 0.044820, 1.638420
N, 1014, 0.841620, 0.244020, 1.638420
N, 1015, 0.841620, 0.443220, 1.638420
N, 1016, 0.841620, 0.642420, 1.638420
N, 1017, 0.841620, 0.841620, 1.638420
N, 1018, 0.841620, 1.040820, 1.638420
N, 1019, 0.841620, 1.240020, 1.638420
N, 1020, 0.841620, 1.439220, 1.638420
N, 1021, 0.841620, 1.638420, 1.638420
N, 1022, 0.841620, 1.837620, 1.638420
N, 1023, 0.841620, 2.036820, 1.638420
N, 1024, 1.040820, 0.044820, 1.638420
N, 1025, 1.040820, 0.244020, 1.638420
N, 1026, 1.040820, 0.443220, 1.638420
N, 1027, 1.040820, 0.642420, 1.638420
N, 1028, 1.040820, 0.841620, 1.638420
N, 1029, 1.040820, 1.040820, 1.638420
N, 1030, 1.040820, 1.240020, 1.638420
N, 1031, 1.040820, 1.439220, 1.638420
N, 1032, 1.040820, 1.638420, 1.638420
N, 1033, 1.040820, 1.837620, 1.638420
N, 1034, 1.040820, 2.036820, 1.638420
N, 1035, 1.240020, 0.044820, 1.638420
N, 1036, 1.240020, 0.244020, 1.638420
N, 1037, 1.240020, 0.443220, 1.638420
N, 1038, 1.240020, 0.642420, 1.638420
N, 1039, 1.240020, 0.841620, 1.638420
N, 1040, 1.240020, 1.040820, 1.638420
N, 1041, 1.240020, 1.240020, 1.638420
N, 1042, 1.240020, 1.439220, 1.638420
N, 1043, 1.240020, 1.638420, 1.638420
N, 1044, 1.240020, 1.837620, 1.638420
N, 1045, 1.240020, 2.036820, 1.638420
N, 1046, 1.439220, 0.044820, 1.638420
N, 1047, 1.439220, 0.244020, 1.638420
N, 1048, 1.439220, 0.443220, 1.638420
N, 1049, 1.439220, 0.642420, 1.638420
N, 1050, 1.439220, 0.841620, 1.638420
N, 1051, 1.439220, 1.040820, 1.638420
N, 1052, 1.439220, 1.240020, 1.638420
N, 1053, 1.439220, 1.439220, 1.638420
N, 1054, 1.439220, 1.638420, 1.638420
N, 1055, 1.439220, 1.837620, 1.638420
N, 1056, 1.439220, 2.036820, 1.638420
N, 1057, 1.638420, 0.044820, 1.638420
N, 1058, 1.638420, 0.244020, 1.638420
N, 1059, 1.638420, 0.443220, 1.638420
N, 1060, 1.638420, 0.642420, 1.638420
N, 1061, 1.638420, 0.841620, 1.638420
N, 1062, 1.638420, 1.040820, 1.638420
N, 1063, 1.638420, 1.240020, 1.638420
N, 1064, 1.638420, 1.439220, 1.638420
N, 1065, 1.638420, 1.638420, 1.638420
N, 1066, 1.638420, 1.837620, 1.638420
N, 1067, 1.638420, 2.036820, 1.638420
N, 1068, 1.837620, 0.044820, 1.638420
N, 1069, 1.837620, 0.244020, 1.638420
N, 1070, 1.837620, 0.443220, 1.638420
N, 1071, 1.837620, 0.642420, 1.638420
N, 1072, 1.837620, 0.841620, 1.638420
N, 1073, 1.837620, 1.040820, 1.638420
N, 1074, 1.837620, 1.240020, 1.638420
N, 1075, 1.837620, 1.439220, 1.638420
N, 1076, 1.837620, 1.638420, 1.638420
N, 1077, 1.837620, 1.837620, 1.638420
N, 1078, 1.837620, 2.036820, 1.638420
N, 1079, 2.036820, 0.044820, 1.638420
N, 1080, 2.036820, 0.244020, 1.638420
N, 1081, 2.036820, 0.443220, 1.638420
N, 1082, 2.036820, 0.642420, 1.638420
N, 1083, 2.036820, 0.841620, 1.638420
N, 1084, 2.036820, 1.040820, 1.638420
N, 1085, 2.036820, 1.240020, 1.638420
N, 1086, 2.036820, 1.439220, 1.638420
N, 1087, 2.036820, 1.638420, 1.638420
N, 1088, 2.036820, 1.837620, 1.638420
N, 1089, 2.036820, 2.036820, 1.638420
N, 1090, 0.044820, 0.044820, 1.837620
N, 1091, 0.044820, 0.244020, 1.837620
N, 1092, 0.044820, 0.443220, 1.837620
N, 1093, 0.044820, 0.642420, 1.837620
N, 1094, 0.044820, 0.841620, 1.837620
N, 1095, 0.044820, 1.040820, 1.837620
N, 1096, 0.044820, 1.240020, 1.837620
N, 1097, 0.044820, 1.439220, 1.837620
N, 1098, 0.044820, 1.638420, 1.837620
N, 1099, 0.044820, 1.837620, 1.837620
N, 1100, 0.044820, 2.036820, 1.837620
N, 1101, 0.244020, 0.044820, 1.837620
N, 1102, 0.244020, 0.244020, 1.837620
N, 1103, 0.244020, 0.443220, 1.837620
N, 1104, 0.244020, 0.642420, 1.837620
N, 1105, 0.244020, 0.841620, 1.837620
N, 1106, 0.244020, 1.040820, 1.837620
N, 1107, 0.244020, 1.240020, 1.837620
N, 1108, 0.244020, 1.439220, 1.837620
N, 1109, 0.244020, 1.638420, 1.837620
N, 1110, 0.244020, 1.837620, 1.837620
N, 1111, 0.244020, 2.036820, 1.837620
N, 1112, 0.443220, 0.044820, 1.837620
N, 1113, 0.443220, 0.244020, 1.837620
N, 1114, 0.443220, 0.443220, 1.837620
N, 1115, 0.443220, 0.642420, 1.837620
N, 1116, 0.443220, 0.841620, 1.837620
N, 1117, 0.443220, 1.040820, 1.837620
N, 1118, 0.443220, 1.240020, 1.837620
N, 1119, 0.443220, 1.439220, 1.837620
N, 1120, 0.443220, 1.638420, 1.837620
N, 1121, 0.443220, 1.837620, 1.837620
N, 1122, 0.443220, 2.036820, 1.837620
N, 1123, 0.642420, 0.044820, 1.837620
N, 1124, 0.642420, 0.244020, 1.837620
N, 1125, 0.642420, 0.443220, 1.837620
N, 1126, 0.642420, 0.642420, 1.837620
N, 1127, 0.642420, 0.841620, 1.837620
N, 1128, 0.642420, 1.040820, 1.837620
N, 1129, 0.642420, 1.240020, 1.837620
N, 1130, 0.642420, 1.439220, 1.837620
N, 1131, 0.642420, 1.638420, 1.837620
N, 1132, 0.642420, 1.837620, 1.837620
N, 1133, 0.642420, 2.036820, 1.837620
N, 1134, 0.841620, 0.044820, 1.837620
N, 1135, 0.841620, 0.244020, 1.837620
N, 1136, 0.841620, 0.443220, 1.837620
N, 1137, 0.841620, 0.642420, 1.837620
N, 1138, 0.841620, 0.841620, 1.837620
N, 1139, 0.841620, 1.040820, 1.837620
N, 1140, 0.841620, 1.240020, 1.837620
N, 1141, 0.841620, 1.439220, 1.837620
N, 1142, 0.841620, 1.638420, 1.837620
N, 1143, 0.841620, 1.837620, 1.837620
N, 1144, 0.841620, 2.036820, 1.837620
N, 1145, 1.040820, 0.044820, 1.837620
N, 1146, 1.040820, 0.244020, 1.837620
N, 1147, 1.040820, 0.443220, 1.837620
N, 1148, 1.040820, 0.642420, 1.837620
N, 1149, 1.040820, 0.841620, 1.837620
N, 1150, 1.040820, 1.040820, 1.837620
N, 1151, 1.040820, 1.240020, 1.837620
N, 1152, 1.040820, 1.439220, 1.837620
N, 1153, 1.040820, 1.638420, 1.837620
N, 1154, 1.040820, 1.837620, 1.837620
N, 1155, 1.040820, 2.036820, 1.837620
N, 1156, 1.240020, 0.044820, 1.837620
N, 1157, 1.240020, 0.244020, 1.837620
N, 1158, 1.240020, 0.443220, 1.837620
N, 1159, 1.240020, 0.642420, 1.837620
N, 1160, 1.240020, 0.841620, 1.837620
N, 1161, 1.240020, 1.040820, 1.837620
N, 1162, 1.240020, 1.240020, 1.837620
N, 1163, 1.240020, 1.439220, 1.837620
N, 1164, 1.240020, 1.638420, 1.837620
N, 1165, 1.240020, 1.837620, 1.837620
N, 1166, 1.240020, 2.036820, 1.837620
N, 1167, 1.439220, 0.044820, 1.837620
N, 1168, 1.439220, 0.244020, 1.837620
N, 1169, 1.439220, 0.443220, 1.837620
N, 1170, 1.439220, 0.642420, 1.837620
N, 1171, 1.439220, 0.841620, 1.837620
N, 1172, 1.439220, 1.040820, 1.837620
N, 1173, 1.439220, 1.240020, 1.837620
N, 1174, 1.439220, 1.439220, 1.837620
N, 1175, 1.439220, 1.638420, 1.837620
N, 1176, 1.439220, 1.837620, 1.837620
N, 1177, 1.439220, 2.036820, 1.837620
N, 1178, 1.638420, 0.044820, 1.837620
N, 1179, 1.638420, 0.244020, 1.837620
N, 1180, 1.638420, 0.443220, 1.837620
N, 1181, 1.638420, 0.642420, 1.837620
N, 1182, 1.638420, 0.841620, 1.837620
N, 1183, 1.638420, 1.040820, 1.837620
N, 1184, 1.638420, 1.240020, 1.837620
N, 1185, 1.638420, 1.439220, 1.837620
N, 1186, 1.638420, 1.638420, 1.837620
N, 1187, 1.638420, 1.837620, 1.837620
N, 1188, 1.638420, 2.036820, 1.837620
N, 1189, 1.837620, 0.044820, 1.837620
N, 1190, 1.837620, 0.244020, 1.837620
N, 1191, 1.837620, 0.443220, 1.837620
N, 1192, 1.837620, 0.642420, 1.837620
N, 1193, 1.837620, 0.841620, 1.837620
N, 1194, 1.837620, 1.040820, 1.837620
N, 1195, 1.837620, 1.240020, 1.837620
N, 1196, 1.837620, 1.439220, 1.837620
N, 1197, 1.837620, 1.638420, 1.837620
N, 1198, 1.837620, 1.837620, 1.837620
N, 1199, 1.837620, 2.036820, 1.837620
N, 1200, 2.036820, 0.044820, 1.837620
N, 1201, 2.036820, 0.244020, 1.837620
N, 1202, 2.036820, 0.443220, 1.837620
N, 1203, 2.036820, 0.642420, 1.837620
N, 1204, 2.036820, 0.841620, 1.837620
N, 1205, 2.036820, 1.040820, 1.837620
N, 1206, 2.036820, 1.240020, 1.837620
N, 1207, 2.036820, 1.439220, 1.837620
N, 1208, 2.036820, 1.638420, 1.837620
N, 1209, 2.036820, 1.837620, 1.837620
N, 1210, 2.036820, 2.036820, 1.837620
N, 1211, 0.044820, 0.044820, 2.036820
N, 1212, 0.044820, 0.244020, 2.036820
N, 1213, 0.044820, 0.443220, 2.036820
N, 1214, 0.044820, 0.642420, 2.036820
N, 1215, 0.044820, 0.841620, 2.036820
N, 1216, 0.044820, 1.040820, 2.036820
N, 1217, 0.044820, 1.240020, 2.036820
N, 1218, 0.044820, 1.439220, 2.036820
N, 1219, 0.044820, 1.638420, 2.036820
N, 1220, 0.044820, 1.837620, 2.036820
N, 1221, 0.044820, 2.036820, 2.036820
N, 1222, 0.244020, 0.044820, 2.036820
N, 1223, 0.244020, 0.244020, 2.036820
N, 1224, 0.244020, 0.443220, 2.036820
N, 1225, 0.244020, 0.642420, 2.036820
N, 1226, 0.244020, 0.841620, 2.036820
N, 1227, 0.244020, 1.040820, 2.036820
N, 1228, 0.244020, 1.240020, 2.036820
N, 1229, 0.244020, 1.439220, 2.036820
N, 1230, 0.244020, 1.638420, 2.036820
N, 1231, 0.244020, 1.837620, 2.036820
N, 1232, 0.244020, 2.036820, 2.036820
N, 1233, 0.443220, 0.044820, 2.036820
N, 1234, 0.443220, 0.244020, 2.036820
N, 1235, 0.443220, 0.443220, 2.036820
N, 1236, 0.443220, 0.642420, 2.036820
N, 1237, 0.443220, 0.841620, 2.036820
N, 1238, 0.443220, 1.040820, 2.036820
N, 1239, 0.443220, 1.240020, 2.036820
N, 1240, 0.443220, 1.439220, 2.036820
N, 1241, 0.443220, 1.638420, 2.036820
N, 1242, 0.443220, 1.837620, 2.036820
N, 1243, 0.443220, 2.036820, 2.036820
N, 1244, 0.642420, 0.044820, 2.036820
N, 1245, 0.642420, 0.244020, 2.036820
N, 1246, 0.642420, 0.443220, 2.036820
N, 1247, 0.642420, 0.642420, 2.036820
N, 1248, 0.642420, 0.841620, 2.036820
N, 1249, 0.642420, 1.040820, 2.036820
N, 1250, 0.642420, 1.240020, 2.036820
N, 1251, 0.642420, 1.439220, 2.036820
N, 1252, 0.642420, 1.638420, 2.036820
N, 1253, 0.642420, 1.837620, 2.036820
N, 1254, 0.642420, 2.036820, 2.036820
N, 1255, 0.841620, 0.044820, 2.036820
N, 1256, 0.841620, 0.244020, 2.036820
N, 1257, 0.841620, 0.443220, 2.036820
N, 1258, 0.841620, 0.642420, 2.036820
N, 1259, 0.841620, 0.841620, 2.036820
N, 1260, 0.841620, 1.040820, 2.036820
N, 1261, 0.841620, 1.240020, 2.036820
N, 1262, 0.841620, 1.439220, 2.036820
N, 1263, 0.841620, 1.638420, 2.036820
N, 1264, 0.841620, 1.837620, 2.036820
N, 1265, 0.841620, 2.036820, 2.036820
N, 1266, 1.040820, 0.044820, 2.036820
N, 1267, 1.040820, 0.244020, 2.036820
N, 1268, 1.040820, 0.443220, 2.036820
N, 1269, 1.040820, 0.642420, 2.036820
N, 1270, 1.040820, 0.841620, 2.036820
N, 1271, 1.040820, 1.040820, 2.036820
N, 1272, 1.040820, 1.240020, 2.036820
N, 1273, 1.040820, 1.439220, 2.036820
N, 1274, 1.040820, 1.638420, 2.036820
N, 1275, 1.040820, 1.837620, 2.036820
N, 1276, 1.040820, 2.036820, 2.036820
N, 1277, 1.240020, 0.044820, 2.036820
N, 1278, 1.240020, 0.244020, 2.036820
N, 1279, 1.240020, 0.443220, 2.036820
N, 1280, 1.240020, 0.642420, 2.036820
N, 1281, 1.240020, 0.841620, 2.036820
N, 1282, 1.240020, 1.040820, 2.036820
N, 1283, 1.240020, 1.240020, 2.036820
N, 1284, 1.240020, 1.439220, 2.036820
N, 1285, 1.240020, 1.638420, 2.036820
N, 1286, 1.240020, 1.837620, 2.036820
N, 1287, 1.240020, 2.036820, 2.036820
N, 1288, 1.439220, 0.044820, 2.036820
N, 1289, 1.439220, 0.244020, 2.036820
N, 1290, 1.439220, 0.443220, 2.036820
N, 1291, 1.439220, 0.642420, 2.036820
N, 1292, 1.439220, 0.841620, 2.036820
N, 1293, 1.439220, 1.040820, 2.036820
N, 1294, 1.439220, 1.240020, 2.036820
N, 1295, 1.439220, 1.439220, 2.036820
N, 1296, 1.439220, 1.638420, 2.036820
N, 1297, 1.439220, 1.837620, 2.036820
N, 1298, 1.439220, 2.036820, 2.036820
N, 1299, 1.638420, 0.044820, 2.036820
N, 1300, 1.638420, 0.244020, 2.036820
N, 1301, 1.638420, 0.443220, 2.036820
N, 1302, 1.638420, 0.642420, 2.036820
N, 1303, 1.638420, 0.841620, 2.036820
N, 1304, 1.638420, 1.040820, 2.036820
N, 1305, 1.638420, 1.240020, 2.036820
N, 1306, 1.638420, 1.439220, 2.036820
N, 1307, 1.638420, 1.638420, 2.036820
N, 1308, 1.638420, 1.837620, 2.036820
N, 1309, 1.638420, 2.036820, 2.036820
N, 1310, 1.837620, 0.044820, 2.036820
N, 1311, 1.837620, 0.244020, 2.036820
N, 1312, 1.837620, 0.443220, 2.036820
N, 1313, 1.837620, 0.642420, 2.036820
N, 1314, 1.837620, 0.841620, 2.036820
N, 1315, 1.837620, 1.040820, 2.036820
N, 1316, 1.837620, 1.240020, 2.036820
N, 1317, 1.837620, 1.439220, 2.036820
N, 1318, 1.837620, 1.638420, 2.036820
N, 1319, 1.837620, 1.837620, 2.036820
N, 1320, 1.837620, 2.036820, 2.036820
N, 1321, 2.036820, 0.044820, 2.036820
N, 1322, 2.036820, 0.244020, 2.036820
N, 1323, 2.036820, 0.443220, 2.036820
N, 1324, 2.036820, 0.642420, 2.036820
N, 1325, 2.036820, 0.841620, 2.036820
N, 1326, 2.036820, 1.040820, 2.036820
N, 1327, 2.036820, 1.240020, 2.036820
N, 1328, 2.036820, 1.439220, 2.036820
N, 1329, 2.036820, 1.638420, 2.036820
N, 1330, 2.036820, 1.837620, 2.036820
N, 1331, 2.036820, 2.036820, 2.036820
