        Node       x [um]       y [um]       z [um]       u [um]       v [um]       w [um]
           1      -14.500       -9.500        0.000   5.01584524   0.12581560   0.00000000
           2      -14.500       10.500        0.000   4.59203840   0.10088179   0.00000000
           3      -14.500       30.500        0.000   4.38219833   0.05603993   0.00000000
           4      -14.500       50.500        0.000   4.29685656  -0.01127314   0.00000000
           5      -14.500       70.500        0.000   4.26590479  -0.10193044   0.00000000
           6      -14.500       90.500        0.000   4.18762049  -0.20233221   0.00000000
           7      -14.500      110.500        0.000   3.92865648  -0.28490595   0.00000000
           8      -14.500      130.500        0.000   3.42514328  -0.32830442   0.00000000
           9      -14.500      150.500        0.000   2.77112892  -0.33612074   0.00000000
          10      -14.500      170.500        0.000   2.13924921  -0.32248838   0.00000000
          11      -14.500      190.500        0.000   1.68258359  -0.30523065   0.00000000
          12      -14.500      210.500        0.000   1.48883105  -0.29169438   0.00000000
          13      -14.500      230.500        0.000   1.67764825  -0.28546619   0.00000000
          14        5.500       -9.500        0.000   4.73206913   0.09432215   0.00000000
          15        5.500       10.500        0.000   4.48986321   0.08335873   0.00000000
          16        5.500       30.500        0.000   4.20170181   0.04772048   0.00000000
          17        5.500       50.500        0.000   4.08359355  -0.01432662   0.00000000
          18        5.500       70.500        0.000   4.02920166  -0.10161984   0.00000000
          19        5.500       90.500        0.000   3.92887079  -0.19945023   0.00000000
          20        5.500      110.500        0.000   3.65677328  -0.27959741   0.00000000
          21        5.500      130.500        0.000   3.17246586  -0.32203957   0.00000000
          22        5.500      150.500        0.000   2.55332429  -0.32853344   0.00000000
          23        5.500      170.500        0.000   1.96769540  -0.31554673   0.00000000
          24        5.500      190.500        0.000   1.57836102  -0.30254798   0.00000000
          25        5.500      210.500        0.000   1.51090055  -0.29663788   0.00000000
          26        5.500      230.500        0.000   1.62884619  -0.29474237   0.00000000
          27       25.500       -9.500        0.000   2.22979531   0.06757698   0.00000000
          28       25.500       10.500        0.000   2.00789267   0.06317973   0.00000000
          29       25.500       30.500        0.000   1.82881667   0.04554573   0.00000000
          30       25.500       50.500        0.000   1.75447702   0.00044781   0.00000000
          31       25.500       70.500        0.000   1.75448744  -0.07290893   0.00000000
          32       25.500       90.500        0.000   1.70888669  -0.16085968   0.00000000
          33       25.500      110.500        0.000   1.47799019  -0.23946138   0.00000000
          34       25.500      130.500        0.000   0.94420524  -0.27280060   0.00000000
          35       25.500      150.500        0.000   0.26385425  -0.26514934   0.00000000
          36       25.500      170.500        0.000  -0.33352794  -0.25670031   0.00000000
          37       25.500      190.500        0.000  -0.72256153  -0.25265974   0.00000000
          38       25.500      210.500        0.000  -0.82886058  -0.25100045   0.00000000
          39       25.500      230.500        0.000  -0.71426988  -0.25181173   0.00000000
          40       45.500       -9.500        0.000  -1.50824127   0.02837587   0.00000000
          41       45.500       10.500        0.000  -1.69034949   0.02312802   0.00000000
          42       45.500       30.500        0.000  -1.77299995   0.03049300   0.00000000
          43       45.500       50.500        0.000  -1.66766920   0.00969448   0.00000000
          44       45.500       70.500        0.000  -1.60691800  -0.04681169   0.00000000
          45       45.500       90.500        0.000  -1.62512531  -0.08997896   0.00000000
          46       45.500      110.500        0.000  -1.85418811  -0.15557576   0.00000000
          47       45.500      130.500        0.000  -2.51685412  -0.16636204   0.00000000
          48       45.500      150.500        0.000  -3.21272236  -0.16597671   0.00000000
          49       45.500      170.500        0.000  -3.79058790  -0.17992832   0.00000000
          50       45.500      190.500        0.000  -4.16577608  -0.18784239   0.00000000
          51       45.500      210.500        0.000  -4.27873265  -0.19198762   0.00000000
          52       45.500      230.500        0.000  -4.18532580  -0.19418435   0.00000000
          53       65.500       -9.500        0.000  -6.40611851  -0.01435345   0.00000000
          54       65.500       10.500        0.000  -6.54703883  -0.01505922   0.00000000
          55       65.500       30.500        0.000  -6.59454725  -0.03863079   0.00000000
          56       65.500       50.500        0.000  -6.52921947  -0.03946281   0.00000000
          57       65.500       70.500        0.000  -6.45811837  -0.02051923   0.00000000
          58       65.500       90.500        0.000  -6.50357916  -0.02103494   0.00000000
          59       65.500      110.500        0.000  -6.76814052   0.01219084   0.00000000
          60       65.500      130.500        0.000  -7.23649670  -0.00527590   0.00000000
          61       65.500      150.500        0.000  -7.80349702  -0.07226197   0.00000000
          62       65.500      170.500        0.000  -8.29362676  -0.10362630   0.00000000
          63       65.500      190.500        0.000  -8.61650739  -0.12270685   0.00000000
          64       65.500      210.500        0.000  -8.72082265  -0.13176230   0.00000000
          65       65.500      230.500        0.000  -8.64733102  -0.13480918   0.00000000
          66       85.500       -9.500        0.000 -12.28440328  -0.04302533   0.00000000
          67       85.500       10.500        0.000 -12.38493485  -0.03893822   0.00000000
          68       85.500       30.500        0.000 -12.42841792  -0.03531536   0.00000000
          69       85.500       50.500        0.000 -12.39304244  -0.02289985   0.00000000
          70       85.500       70.500        0.000 -12.36251730  -0.00121289   0.00000000
          71       85.500       90.500        0.000 -12.41892126   0.02480034   0.00000000
          72       85.500      110.500        0.000 -12.60953198   0.04118134   0.00000000
          73       85.500      130.500        0.000 -12.92802436   0.02519104   0.00000000
          74       85.500      150.500        0.000 -13.30566755  -0.01175073   0.00000000
          75       85.500      170.500        0.000 -13.65270083  -0.04807830   0.00000000
          76       85.500      190.500        0.000 -13.89037837  -0.06994153   0.00000000
          77       85.500      210.500        0.000 -13.97188440  -0.08128197   0.00000000
          78       85.500      230.500        0.000 -13.92194767  -0.08334658   0.00000000
          79      105.500       -9.500        0.000 -18.87283936  -0.04514046   0.00000000
          80      105.500       10.500        0.000 -18.92606923  -0.03606076   0.00000000
          81      105.500       30.500        0.000 -18.95190968  -0.01621181   0.00000000
          82      105.500       50.500        0.000 -18.93677894   0.00528242   0.00000000
          83      105.500       70.500        0.000 -18.92576355   0.01940551   0.00000000
          84      105.500       90.500        0.000 -18.96050439   0.02983336   0.00000000
          85      105.500      110.500        0.000 -19.06382693   0.02633796   0.00000000
          86      105.500      130.500        0.000 -19.23008367   0.01443314   0.00000000
          87      105.500      150.500        0.000 -19.42954534   0.00137403   0.00000000
          88      105.500      170.500        0.000 -19.61663958  -0.01862127   0.00000000
          89      105.500      190.500        0.000 -19.74990392  -0.03697468   0.00000000
          90      105.500      210.500        0.000 -19.79811657  -0.04807433   0.00000000
          91      105.500      230.500        0.000 -19.77230170  -0.05052178   0.00000000
          92      125.500       -9.500        0.000 -25.84376427  -0.03800117   0.00000000
          93      125.500       10.500        0.000 -25.84543442  -0.03011629   0.00000000
          94      125.500       30.500        0.000 -25.84057553  -0.00541087   0.00000000
          95      125.500       50.500        0.000 -25.82924530   0.01961810   0.00000000
          96      125.500       70.500        0.000 -25.81929773   0.02898269   0.00000000
          97      125.500       90.500        0.000 -25.81664221   0.02809479   0.00000000
          98      125.500      110.500        0.000 -25.82605882   0.01595971   0.00000000
          99      125.500      130.500        0.000 -25.84627234   0.00582639   0.00000000
         100      125.500      150.500        0.000 -25.87331967   0.00132229   0.00000000
         101      125.500      170.500        0.000 -25.90017115  -0.00992860   0.00000000
         102      125.500      190.500        0.000 -25.92215469  -0.02441812   0.00000000
         103      125.500      210.500        0.000 -25.93410198  -0.03452036   0.00000000
         104      125.500      230.500        0.000 -25.93322271  -0.03705102   0.00000000
         105      145.500       -9.500        0.000 -32.85367345  -0.04147835   0.00000000
         106      145.500       10.500        0.000 -32.80277589  -0.03209564   0.00000000
         107      145.500       30.500        0.000 -32.76390834  -0.00860921   0.00000000
         108      145.500       50.500        0.000 -32.75331994   0.01590860   0.00000000
         109      145.500       70.500        0.000 -32.74168240   0.02737312   0.00000000
         110      145.500       90.500        0.000 -32.69984068   0.03046485   0.00000000
         111      145.500      110.500        0.000 -32.61430979   0.02087502   0.00000000
         112      145.500      130.500        0.000 -32.48810216   0.00949803   0.00000000
         113      145.500      150.500        0.000 -32.34343023   0.00122274   0.00000000
         114      145.500      170.500        0.000 -32.21014826  -0.01381974   0.00000000
         115      145.500      190.500        0.000 -32.11940565  -0.03033344   0.00000000
         116      145.500      210.500        0.000 -32.09319173  -0.04132600   0.00000000
         117      145.500      230.500        0.000 -32.11747366  -0.04449858   0.00000000
         118      165.500       -9.500        0.000 -39.55427160  -0.04372875   0.00000000
         119      165.500       10.500        0.000 -39.45430922  -0.03665267   0.00000000
         120      165.500       30.500        0.000 -39.39330644  -0.02289910   0.00000000
         121      165.500       50.500        0.000 -39.39791856  -0.00430030   0.00000000
         122      165.500       70.500        0.000 -39.39881806   0.01348507   0.00000000
         123      165.500       90.500        0.000 -39.32887010   0.03185073   0.00000000
         124      165.500      110.500        0.000 -39.15150741   0.03653063   0.00000000
         125      165.500      130.500        0.000 -38.87351491   0.02166844   0.00000000
         126      165.500      150.500        0.000 -38.55047256  -0.00361164   0.00000000
         127      165.500      170.500        0.000 -38.25407053  -0.03343015   0.00000000
         128      165.500      190.500        0.000 -38.05169699  -0.05492034   0.00000000
         129      165.500      210.500        0.000 -37.98673682  -0.06680735   0.00000000
         130      165.500      230.500        0.000 -38.03472429  -0.07009708   0.00000000
         131      185.500       -9.500        0.000 -45.61351247  -0.02283718   0.00000000
         132      185.500       10.500        0.000 -45.47059634  -0.02351542   0.00000000
         133      185.500       30.500        0.000 -45.40282105  -0.03467066   0.00000000
         134      185.500       50.500        0.000 -45.43884648  -0.02848783   0.00000000
         135      185.500       70.500        0.000 -45.47668021  -0.00717982   0.00000000
         136      185.500       90.500        0.000 -45.40350515   0.00824972   0.00000000
         137      185.500      110.500        0.000 -45.14494621   0.03564246   0.00000000
         138      185.500      130.500        0.000 -44.71225109   0.01673602   0.00000000
         139      185.500      150.500        0.000 -44.20013639  -0.03907938   0.00000000
         140      185.500      170.500        0.000 -43.74437253  -0.07729563   0.00000000
         141      185.500      190.500        0.000 -43.43808307  -0.09875277   0.00000000
         142      185.500      210.500        0.000 -43.33794365  -0.10929860   0.00000000
         143      185.500      230.500        0.000 -43.40792790  -0.11332210   0.00000000
         144      205.500       -9.500        0.000 -50.73803437   0.02251095   0.00000000
         145      205.500       10.500        0.000 -50.55651531   0.01786918   0.00000000
         146      205.500       30.500        0.000 -50.46947911   0.00102607   0.00000000
         147      205.500       50.500        0.000 -50.54875315  -0.01036491   0.00000000
         148      205.500       70.500        0.000 -50.60855244  -0.02818871   0.00000000
         149      205.500       90.500        0.000 -50.56399388  -0.05551100   0.00000000
         150      205.500      110.500        0.000 -50.28044727  -0.06446830   0.00000000
         151      205.500      130.500        0.000 -49.68140880  -0.07796053   0.00000000
         152      205.500      150.500        0.000 -49.00037306  -0.12370507   0.00000000
         153      205.500      170.500        0.000 -48.41455649  -0.14463342   0.00000000
         154      205.500      190.500        0.000 -48.02609574  -0.15703430   0.00000000
         155      205.500      210.500        0.000 -47.90083165  -0.16296367   0.00000000
         156      205.500      230.500        0.000 -47.98891278  -0.16618030   0.00000000
         157      225.500       -9.500        0.000 -54.70820558   0.08087034   0.00000000
         158      225.500       10.500        0.000 -54.48590204   0.07242090   0.00000000
         159      225.500       30.500        0.000 -54.33179784   0.06766559   0.00000000
         160      225.500       50.500        0.000 -54.32462760   0.02793756   0.00000000
         161      225.500       70.500        0.000 -54.35040789  -0.05152024   0.00000000
         162      225.500       90.500        0.000 -54.32427727  -0.12842983   0.00000000
         163      225.500      110.500        0.000 -54.11116618  -0.22593264   0.00000000
         164      225.500      130.500        0.000 -53.45842721  -0.25078824   0.00000000
         165      225.500      150.500        0.000 -52.69893813  -0.22593924   0.00000000
         166      225.500      170.500        0.000 -52.04175293  -0.22252991   0.00000000
         167      225.500      190.500        0.000 -51.60446370  -0.21908912   0.00000000
         168      225.500      210.500        0.000 -51.46735718  -0.21786778   0.00000000
         169      225.500      230.500        0.000 -51.57611619  -0.21959021   0.00000000
         170      245.500       -9.500        0.000 -57.38962593   0.13194285   0.00000000
         171      245.500       10.500        0.000 -57.14667981   0.11784083   0.00000000
         172      245.500       30.500        0.000 -56.88855261   0.08519384   0.00000000
         173      245.500       50.500        0.000 -56.81389346   0.02230910   0.00000000
         174      245.500       70.500        0.000 -56.81275002  -0.07170926   0.00000000
         175      245.500       90.500        0.000 -56.74787019  -0.18421637   0.00000000
         176      245.500      110.500        0.000 -56.45634514  -0.27280389   0.00000000
         177      245.500      130.500        0.000 -55.89927346  -0.31429964   0.00000000
         178      245.500      150.500        0.000 -55.16325389  -0.30984473   0.00000000
         179      245.500      170.500        0.000 -54.47467578  -0.28639795   0.00000000
         180      245.500      190.500        0.000 -54.00760827  -0.26928472   0.00000000
         181      245.500      210.500        0.000 -53.89395723  -0.26138569   0.00000000
         182      245.500      230.500        0.000 -54.00428740  -0.26065594   0.00000000
         183      265.500       -9.500        0.000 -57.69649915   0.16813765   0.00000000
         184      265.500       10.500        0.000 -57.27084830   0.13966444   0.00000000
         185      265.500       30.500        0.000 -57.10931791   0.10128692   0.00000000
         186      265.500       50.500        0.000 -57.08895820   0.02952136   0.00000000
         187      265.500       70.500        0.000 -57.13097257  -0.07531274   0.00000000
         188      265.500       90.500        0.000 -57.10336578  -0.19456152   0.00000000
         189      265.500      110.500        0.000 -56.82274069  -0.28911391   0.00000000
         190      265.500      130.500        0.000 -56.22043928  -0.33045458   0.00000000
         191      265.500      150.500        0.000 -55.41575732  -0.32374067   0.00000000
         192      265.500      170.500        0.000 -54.64508417  -0.29636753   0.00000000
         193      265.500      190.500        0.000 -54.08441826  -0.27175756   0.00000000
         194      265.500      210.500        0.000 -53.82662972  -0.25462624   0.00000000
         195      265.500      230.500        0.000 -54.00502748  -0.24845652   0.00000000
