N, 1, -0.149400, -0.149400, -0.149400
N, 2, -0.149400, 0.049800, -0.149400
N, 3, -0.149400, 0.249000, -0.149400
N, 4, -0.149400, 0.448200, -0.149400
N, 5, -0.149400, 0.647400, -0.149400
N, 6, -0.149400, 0.846600, -0.149400
N, 7, -0.149400, 1.045800, -0.149400
N, 8, -0.149400, 1.245000, -0.149400
N, 9, -0.149400, 1.444200, -0.149400
N, 10, -0.149400, 1.643400, -0.149400
N, 11, -0.149400, 1.842600, -0.149400
N, 12, -0.149400, 2.041800, -0.149400
N, 13, -0.149400, 2.241000, -0.149400
N, 14, 0.049800, -0.149400, -0.149400
N, 15, 0.049800, 0.049800, -0.149400
N, 16, 0.049800, 0.249000, -0.149400
N, 17, 0.049800, 0.448200, -0.149400
N, 18, 0.049800, 0.647400, -0.149400
N, 19, 0.049800, 0.846600, -0.149400
N, 20, 0.049800, 1.045800, -0.149400
N, 21, 0.049800, 1.245000, -0.149400
N, 22, 0.049800, 1.444200, -0.149400
N, 23, 0.049800, 1.643400, -0.149400
N, 24, 0.049800, 1.842600, -0.149400
N, 25, 0.049800, 2.041800, -0.149400
N, 26, 0.049800, 2.241000, -0.149400
N, 27, 0.249000, -0.149400, -0.149400
N, 28, 0.249000, 0.049800, -0.149400
N, 29, 0.249000, 0.249000, -0.149400
N, 30, 0.249000, 0.448200, -0.149400
N, 31, 0.249000, 0.647400, -0.149400
N, 32, 0.249000, 0.846600, -0.149400
N, 33, 0.249000, 1.045800, -0.149400
N, 34, 0.249000, 1.245000, -0.149400
N, 35, 0.249000, 1.444200, -0.149400
N, 36, 0.249000, 1.643400, -0.149400
N, 37, 0.249000, 1.842600, -0.149400
N, 38, 0.249000, 2.041800, -0.149400
N, 39, 0.249000, 2.241000, -0.149400
N, 40, 0.448200, -0.149400, -0.149400
N, 41, 0.448200, 0.049800, -0.149400
N, 42, 0.448200, 0.249000, -0.149400
N, 43, 0.448200, 0.448200, -0.149400
N, 44, 0.448200, 0.647400, -0.149400
N, 45, 0.448200, 0.846600, -0.149400
N, 46, 0.448200, 1.045800, -0.149400
N, 47, 0.448200, 1.245000, -0.149400
N, 48, 0.448200, 1.444200, -0.149400
N, 49, 0.448200, 1.643400, -0.149400
N, 50, 0.448200, 1.842600, -0.149400
N, 51, 0.448200, 2.041800, -0.149400
N, 52, 0.448200, 2.241000, -0.149400
N, 53, 0.647400, -0.149400, -0.149400
N, 54, 0.647400, 0.049800, -0.149400
N, 55, 0.647400, 0.249000, -0.149400
N, 56, 0.647400, 0.448200, -0.149400
N, 57, 0.647400, 0.647400, -0.149400
N, 58, 0.647400, 0.846600, -0.149400
N, 59, 0.647400, 1.045800, -0.149400
N, 60, 0.647400, 1.245000, -0.149400
N, 61, 0.647400, 1.444200, -0.149400
N, 62, 0.647400, 1.643400, -0.149400
N, 63, 0.647400, 1.842600, -0.149400
N, 64, 0.647400, 2.041800, -0.149400
N, 65, 0.647400, 2.241000, -0.149400
N, 66, 0.846600, -0.149400, -0.149400
N, 67, 0.846600, 0.049800, -0.149400
N, 68, 0.846600, 0.249000, -0.149400
N, 69, 0.846600, 0.448200, -0.149400
N, 70, 0.846600, 0.647400, -0.149400
N, 71, 0.846600, 0.846600, -0.149400
N, 72, 0.846600, 1.045800, -0.149400
N, 73, 0.846600, 1.245000, -0.149400
N, 74, 0.846600, 1.444200, -0.149400
N, 75, 0.846600, 1.643400, -0.149400
N, 76, 0.846600, 1.842600, -0.149400
N, 77, 0.846600, 2.041800, -0.149400
N, 78, 0.846600, 2.241000, -0.149400
N, 79, 1.045800, -0.149400, -0.149400
N, 80, 1.045800, 0.049800, -0.149400
N, 81, 1.045800, 0.249000, -0.149400
N, 82, 1.045800, 0.448200, -0.149400
N, 83, 1.045800, 0.647400, -0.149400
N, 84, 1.045800, 0.846600, -0.149400
N, 85, 1.045800, 1.045800, -0.149400
N, 86, 1.045800, 1.245000, -0.149400
N, 87, 1.045800, 1.444200, -0.149400
N, 88, 1.045800, 1.643400, -0.149400
N, 89, 1.045800, 1.842600, -0.149400
N, 90, 1.045800, 2.041800, -0.149400
N, 91, 1.045800, 2.241000, -0.149400
N, 92, 1.245000, -0.149400, -0.149400
N, 93, 1.245000, 0.049800, -0.149400
N, 94, 1.245000, 0.249000, -0.149400
N, 95, 1.245000, 0.448200, -0.149400
N, 96, 1.245000, 0.647400, -0.149400
N, 97, 1.245000, 0.846600, -0.149400
N, 98, 1.245000, 1.045800, -0.149400
N, 99, 1.245000, 1.245000, -0.149400
N, 100, 1.245000, 1.444200, -0.149400
N, 101, 1.245000, 1.643400, -0.149400
N, 102, 1.245000, 1.842600, -0.149400
N, 103, 1.245000, 2.041800, -0.149400
N, 104, 1.245000, 2.241000, -0.149400
N, 105, 1.444200, -0.149400, -0.149400
N, 106, 1.444200, 0.049800, -0.149400
N, 107, 1.444200, 0.249000, -0.149400
N, 108, 1.444200, 0.448200, -0.149400
N, 109, 1.444200, 0.647400, -0.149400
N, 110, 1.444200, 0.846600, -0.149400
N, 111, 1.444200, 1.045800, -0.149400
N, 112, 1.444200, 1.245000, -0.149400
N, 113, 1.444200, 1.444200, -0.149400
N, 114, 1.444200, 1.643400, -0.149400
N, 115, 1.444200, 1.842600, -0.149400
N, 116, 1.444200, 2.041800, -0.149400
N, 117, 1.444200, 2.241000, -0.149400
N, 118, 1.643400, -0.149400, -0.149400
N, 119, 1.643400, 0.049800, -0.149400
N, 120, 1.643400, 0.249000, -0.149400
N, 121, 1.643400, 0.448200, -0.149400
N, 122, 1.643400, 0.647400, -0.149400
N, 123, 1.643400, 0.846600, -0.149400
N, 124, 1.643400, 1.045800, -0.149400
N, 125, 1.643400, 1.245000, -0.149400
N, 126, 1.643400, 1.444200, -0.149400
N, 127, 1.643400, 1.643400, -0.149400
N, 128, 1.643400, 1.842600, -0.149400
N, 129, 1.643400, 2.041800, -0.149400
N, 130, 1.643400, 2.241000, -0.149400
N, 131, 1.842600, -0.149400, -0.149400
N, 132, 1.842600, 0.049800, -0.149400
N, 133, 1.842600, 0.249000, -0.149400
N, 134, 1.842600, 0.448200, -0.149400
N, 135, 1.842600, 0.647400, -0.149400
N, 136, 1.842600, 0.846600, -0.149400
N, 137, 1.842600, 1.045800, -0.149400
N, 138, 1.842600, 1.245000, -0.149400
N, 139, 1.842600, 1.444200, -0.149400
N, 140, 1.842600, 1.643400, -0.149400
N, 141, 1.842600, 1.842600, -0.149400
N, 142, 1.842600, 2.041800, -0.149400
N, 143, 1.842600, 2.241000, -0.149400
N, 144, 2.041800, -0.149400, -0.149400
N, 145, 2.041800, 0.049800, -0.149400
N, 146, 2.041800, 0.249000, -0.149400
N, 147, 2.041800, 0.448200, -0.149400
N, 148, 2.041800, 0.647400, -0.149400
N, 149, 2.041800, 0.846600, -0.149400
N, 150, 2.041800, 1.045800, -0.149400
N, 151, 2.041800, 1.245000, -0.149400
N, 152, 2.041800, 1.444200, -0.149400
N, 153, 2.041800, 1.643400, -0.149400
N, 154, 2.041800, 1.842600, -0.149400
N, 155, 2.041800, 2.041800, -0.149400
N, 156, 2.041800, 2.241000, -0.149400
N, 157, 2.241000, -0.149400, -0.149400
N, 158, 2.241000, 0.049800, -0.149400
N, 159, 2.241000, 0.249000, -0.149400
N, 160, 2.241000, 0.448200, -0.149400
N, 161, 2.241000, 0.647400, -0.149400
N, 162, 2.241000, 0.846600, -0.149400
N, 163, 2.241000, 1.045800, -0.149400
N, 164, 2.241000, 1.245000, -0.149400
N, 165, 2.241000, 1.444200, -0.149400
N, 166, 2.241000, 1.643400, -0.149400
N, 167, 2.241000, 1.842600, -0.149400
N, 168, 2.241000, 2.041800, -0.149400
N, 169, 2.241000, 2.241000, -0.149400
N, 170, -0.149400, -0.149400, 0.049800
N, 171, -0.149400, 0.049800, 0.049800
N, 172, -0.149400, 0.249000, 0.049800
N, 173, -0.149400, 0.448200, 0.049800
N, 174, -0.149400, 0.647400, 0.049800
N, 175, -0.149400, 0.846600, 0.049800
N, 176, -0.149400, 1.045800, 0.049800
N, 177, -0.149400, 1.245000, 0.049800
N, 178, -0.149400, 1.444200, 0.049800
N, 179, -0.149400, 1.643400, 0.049800
N, 180, -0.149400, 1.842600, 0.049800
N, 181, -0.149400, 2.041800, 0.049800
N, 182, -0.149400, 2.241000, 0.049800
N, 183, 0.049800, -0.149400, 0.049800
N, 184, 0.049800, 0.049800, 0.049800
N, 185, 0.049800, 0.249000, 0.049800
N, 186, 0.049800, 0.448200, 0.049800
N, 187, 0.049800, 0.647400, 0.049800
N, 188, 0.049800, 0.846600, 0.049800
N, 189, 0.049800, 1.045800, 0.049800
N, 190, 0.049800, 1.245000, 0.049800
N, 191, 0.049800, 1.444200, 0.049800
N, 192, 0.049800, 1.643400, 0.049800
N, 193, 0.049800, 1.842600, 0.049800
N, 194, 0.049800, 2.041800, 0.049800
N, 195, 0.049800, 2.241000, 0.049800
N, 196, 0.249000, -0.149400, 0.049800
N, 197, 0.249000, 0.049800, 0.049800
N, 198, 0.249000, 0.249000, 0.049800
N, 199, 0.249000, 0.448200, 0.049800
N, 200, 0.249000, 0.647400, 0.049800
N, 201, 0.249000, 0.846600, 0.049800
N, 202, 0.249000, 1.045800, 0.049800
N, 203, 0.249000, 1.245000, 0.049800
N, 204, 0.249000, 1.444200, 0.049800
N, 205, 0.249000, 1.643400, 0.049800
N, 206, 0.249000, 1.842600, 0.049800
N, 207, 0.249000, 2.041800, 0.049800
N, 208, 0.249000, 2.241000, 0.049800
N, 209, 0.448200, -0.149400, 0.049800
N, 210, 0.448200, 0.049800, 0.049800
N, 211, 0.448200, 0.249000, 0.049800
N, 212, 0.448200, 0.448200, 0.049800
N, 213, 0.448200, 0.647400, 0.049800
N, 214, 0.448200, 0.846600, 0.049800
N, 215, 0.448200, 1.045800, 0.049800
N, 216, 0.448200, 1.245000, 0.049800
N, 217, 0.448200, 1.444200, 0.049800
N, 218, 0.448200, 1.643400, 0.049800
N, 219, 0.448200, 1.842600, 0.049800
N, 220, 0.448200, 2.041800, 0.049800
N, 221, 0.448200, 2.241000, 0.049800
N, 222, 0.647400, -0.149400, 0.049800
N, 223, 0.647400, 0.049800, 0.049800
N, 224, 0.647400, 0.249000, 0.049800
N, 225, 0.647400, 0.448200, 0.049800
N, 226, 0.647400, 0.647400, 0.049800
N, 227, 0.647400, 0.846600, 0.049800
N, 228, 0.647400, 1.045800, 0.049800
N, 229, 0.647400, 1.245000, 0.049800
N, 230, 0.647400, 1.444200, 0.049800
N, 231, 0.647400, 1.643400, 0.049800
N, 232, 0.647400, 1.842600, 0.049800
N, 233, 0.647400, 2.041800, 0.049800
N, 234, 0.647400, 2.241000, 0.049800
N, 235, 0.846600, -0.149400, 0.049800
N, 236, 0.846600, 0.049800, 0.049800
N, 237, 0.846600, 0.249000, 0.049800
N, 238, 0.846600, 0.448200, 0.049800
N, 239, 0.846600, 0.647400, 0.049800
N, 240, 0.846600, 0.846600, 0.049800
N, 241, 0.846600, 1.045800, 0.049800
N, 242, 0.846600, 1.245000, 0.049800
N, 243, 0.846600, 1.444200, 0.049800
N, 244, 0.846600, 1.643400, 0.049800
N, 245, 0.846600, 1.842600, 0.049800
N, 246, 0.846600, 2.041800, 0.049800
N, 247, 0.846600, 2.241000, 0.049800
N, 248, 1.045800, -0.149400, 0.049800
N, 249, 1.045800, 0.049800, 0.049800
N, 250, 1.045800, 0.249000, 0.049800
N, 251, 1.045800, 0.448200, 0.049800
N, 252, 1.045800, 0.647400, 0.049800
N, 253, 1.045800, 0.846600, 0.049800
N, 254, 1.045800, 1.045800, 0.049800
N, 255, 1.045800, 1.245000, 0.049800
N, 256, 1.045800, 1.444200, 0.049800
N, 257, 1.045800, 1.643400, 0.049800
N, 258, 1.045800, 1.842600, 0.049800
N, 259, 1.045800, 2.041800, 0.049800
N, 260, 1.045800, 2.241000, 0.049800
N, 261, 1.245000, -0.149400, 0.049800
N, 262, 1.245000, 0.049800, 0.049800
N, 263, 1.245000, 0.249000, 0.049800
N, 264, 1.245000, 0.448200, 0.049800
N, 265, 1.245000, 0.647400, 0.049800
N, 266, 1.245000, 0.846600, 0.049800
N, 267, 1.245000, 1.045800, 0.049800
N, 268, 1.245000, 1.245000, 0.049800
N, 269, 1.245000, 1.444200, 0.049800
N, 270, 1.245000, 1.643400, 0.049800
N, 271, 1.245000, 1.842600, 0.049800
N, 272, 1.245000, 2.041800, 0.049800
N, 273, 1.245000, 2.241000, 0.049800
N, 274, 1.444200, -0.149400, 0.049800
N, 275, 1.444200, 0.049800, 0.049800
N, 276, 1.444200, 0.249000, 0.049800
N, 277, 1.444200, 0.448200, 0.049800
N, 278, 1.444200, 0.647400, 0.049800
N, 279, 1.444200, 0.846600, 0.049800
N, 280, 1.444200, 1.045800, 0.049800
N, 281, 1.444200, 1.245000, 0.049800
N, 282, 1.444200, 1.444200, 0.049800
N, 283, 1.444200, 1.643400, 0.049800
N, 284, 1.444200, 1.842600, 0.049800
N, 285, 1.444200, 2.041800, 0.049800
N, 286, 1.444200, 2.241000, 0.049800
N, 287, 1.643400, -0.149400, 0.049800
N, 288, 1.643400, 0.049800, 0.049800
N, 289, 1.643400, 0.249000, 0.049800
N, 290, 1.643400, 0.448200, 0.049800
N, 291, 1.643400, 0.647400, 0.049800
N, 292, 1.643400, 0.846600, 0.049800
N, 293, 1.643400, 1.045800, 0.049800
N, 294, 1.643400, 1.245000, 0.049800
N, 295, 1.643400, 1.444200, 0.049800
N, 296, 1.643400, 1.643400, 0.049800
N, 297, 1.643400, 1.842600, 0.049800
N, 298, 1.643400, 2.041800, 0.049800
N, 299, 1.643400, 2.241000, 0.049800
N, 300, 1.842600, -0.149400, 0.049800
N, 301, 1.842600, 0.049800, 0.049800
N, 302, 1.842600, 0.249000, 0.049800
N, 303, 1.842600, 0.448200, 0.049800
N, 304, 1.842600, 0.647400, 0.049800
N, 305, 1.842600, 0.846600, 0.049800
N, 306, 1.842600, 1.045800, 0.049800
N, 307, 1.842600, 1.245000, 0.049800
N, 308, 1.842600, 1.444200, 0.049800
N, 309, 1.842600, 1.643400, 0.049800
N, 310, 1.842600, 1.842600, 0.049800
N, 311, 1.842600, 2.041800, 0.049800
N, 312, 1.842600, 2.241000, 0.049800
N, 313, 2.041800, -0.149400, 0.049800
N, 314, 2.041800, 0.049800, 0.049800
N, 315, 2.041800, 0.249000, 0.049800
N, 316, 2.041800, 0.448200, 0.049800
N, 317, 2.041800, 0.647400, 0.049800
N, 318, 2.041800, 0.846600, 0.049800
N, 319, 2.041800, 1.045800, 0.049800
N, 320, 2.041800, 1.245000, 0.049800
N, 321, 2.041800, 1.444200, 0.049800
N, 322, 2.041800, 1.643400, 0.049800
N, 323, 2.041800, 1.842600, 0.049800
N, 324, 2.041800, 2.041800, 0.049800
N, 325, 2.041800, 2.241000, 0.049800
N, 326, 2.241000, -0.149400, 0.049800
N, 327, 2.241000, 0.049800, 0.049800
N, 328, 2.241000, 0.249000, 0.049800
N, 329, 2.241000, 0.448200, 0.049800
N, 330, 2.241000, 0.647400, 0.049800
N, 331, 2.241000, 0.846600, 0.049800
N, 332, 2.241000, 1.045800, 0.049800
N, 333, 2.241000, 1.245000, 0.049800
N, 334, 2.241000, 1.444200, 0.049800
N, 335, 2.241000, 1.643400, 0.049800
N, 336, 2.241000, 1.842600, 0.049800
N, 337, 2.241000, 2.041800, 0.049800
N, 338, 2.241000, 2.241000, 0.049800
N, 339, -0.149400, -0.149400, 0.249000
N, 340, -0.149400, 0.049800, 0.249000
N, 341, -0.149400, 0.249000, 0.249000
N, 342, -0.149400, 0.448200, 0.249000
N, 343, -0.149400, 0.647400, 0.249000
N, 344, -0.149400, 0.846600, 0.249000
N, 345, -0.149400, 1.045800, 0.249000
N, 346, -0.149400, 1.245000, 0.249000
N, 347, -0.149400, 1.444200, 0.249000
N, 348, -0.149400, 1.643400, 0.249000
N, 349, -0.149400, 1.842600, 0.249000
N, 350, -0.149400, 2.041800, 0.249000
N, 351, -0.149400, 2.241000, 0.249000
N, 352, 0.049800, -0.149400, 0.249000
N, 353, 0.049800, 0.049800, 0.249000
N, 354, 0.049800, 0.249000, 0.249000
N, 355, 0.049800, 0.448200, 0.249000
N, 356, 0.049800, 0.647400, 0.249000
N, 357, 0.049800, 0.846600, 0.249000
N, 358, 0.049800, 1.045800, 0.249000
N, 359, 0.049800, 1.245000, 0.249000
N, 360, 0.049800, 1.444200, 0.249000
N, 361, 0.049800, 1.643400, 0.249000
N, 362, 0.049800, 1.842600, 0.249000
N, 363, 0.049800, 2.041800, 0.249000
N, 364, 0.049800, 2.241000, 0.249000
N, 365, 0.249000, -0.149400, 0.249000
N, 366, 0.249000, 0.049800, 0.249000
N, 367, 0.249000, 0.249000, 0.249000
N, 368, 0.249000, 0.448200, 0.249000
N, 369, 0.249000, 0.647400, 0.249000
N, 370, 0.249000, 0.846600, 0.249000
N, 371, 0.249000, 1.045800, 0.249000
N, 372, 0.249000, 1.245000, 0.249000
N, 373, 0.249000, 1.444200, 0.249000
N, 374, 0.249000, 1.643400, 0.249000
N, 375, 0.249000, 1.842600, 0.249000
N, 376, 0.249000, 2.041800, 0.249000
N, 377, 0.249000, 2.241000, 0.249000
N, 378, 0.448200, -0.149400, 0.249000
N, 379, 0.448200, 0.049800, 0.249000
N, 380, 0.448200, 0.249000, 0.249000
N, 381, 0.448200, 0.448200, 0.249000
N, 382, 0.448200, 0.647400, 0.249000
N, 383, 0.448200, 0.846600, 0.249000
N, 384, 0.448200, 1.045800, 0.249000
N, 385, 0.448200, 1.245000, 0.249000
N, 386, 0.448200, 1.444200, 0.249000
N, 387, 0.448200, 1.643400, 0.249000
N, 388, 0.448200, 1.842600, 0.249000
N, 389, 0.448200, 2.041800, 0.249000
N, 390, 0.448200, 2.241000, 0.249000
N, 391, 0.647400, -0.149400, 0.249000
N, 392, 0.647400, 0.049800, 0.249000
N, 393, 0.647400, 0.249000, 0.249000
N, 394, 0.647400, 0.448200, 0.249000
N, 395, 0.647400, 0.647400, 0.249000
N, 396, 0.647400, 0.846600, 0.249000
N, 397, 0.647400, 1.045800, 0.249000
N, 398, 0.647400, 1.245000, 0.249000
N, 399, 0.647400, 1.444200, 0.249000
N, 400, 0.647400, 1.643400, 0.249000
N, 401, 0.647400, 1.842600, 0.249000
N, 402, 0.647400, 2.041800, 0.249000
N, 403, 0.647400, 2.241000, 0.249000
N, 404, 0.846600, -0.149400, 0.249000
N, 405, 0.846600, 0.049800, 0.249000
N, 406, 0.846600, 0.249000, 0.249000
N, 407, 0.846600, 0.448200, 0.249000
N, 408, 0.846600, 0.647400, 0.249000
N, 409, 0.846600, 0.846600, 0.249000
N, 410, 0.846600, 1.045800, 0.249000
N, 411, 0.846600, 1.245000, 0.249000
N, 412, 0.846600, 1.444200, 0.249000
N, 413, 0.846600, 1.643400, 0.249000
N, 414, 0.846600, 1.842600, 0.249000
N, 415, 0.846600, 2.041800, 0.249000
N, 416, 0.846600, 2.241000, 0.249000
N, 417, 1.045800, -0.149400, 0.249000
N, 418, 1.045800, 0.049800, 0.249000
N, 419, 1.045800, 0.249000, 0.249000
N, 420, 1.045800, 0.448200, 0.249000
N, 421, 1.045800, 0.647400, 0.249000
N, 422, 1.045800, 0.846600, 0.249000
N, 423, 1.045800, 1.045800, 0.249000
N, 424, 1.045800, 1.245000, 0.249000
N, 425, 1.045800, 1.444200, 0.249000
N, 426, 1.045800, 1.643400, 0.249000
N, 427, 1.045800, 1.842600, 0.249000
N, 428, 1.045800, 2.041800, 0.249000
N, 429, 1.045800, 2.241000, 0.249000
N, 430, 1.245000, -0.149400, 0.249000
N, 431, 1.245000, 0.049800, 0.249000
N, 432, 1.245000, 0.249000, 0.249000
N, 433, 1.245000, 0.448200, 0.249000
N, 434, 1.245000, 0.647400, 0.249000
N, 435, 1.245000, 0.846600, 0.249000
N, 436, 1.245000, 1.045800, 0.249000
N, 437, 1.245000, 1.245000, 0.249000
N, 438, 1.245000, 1.444200, 0.249000
N, 439, 1.245000, 1.643400, 0.249000
N, 440, 1.245000, 1.842600, 0.249000
N, 441, 1.245000, 2.041800, 0.249000
N, 442, 1.245000, 2.241000, 0.249000
N, 443, 1.444200, -0.149400, 0.249000
N, 444, 1.444200, 0.049800, 0.249000
N, 445, 1.444200, 0.249000, 0.249000
N, 446, 1.444200, 0.448200, 0.249000
N, 447, 1.444200, 0.647400, 0.249000
N, 448, 1.444200, 0.846600, 0.249000
N, 449, 1.444200, 1.045800, 0.249000
N, 450, 1.444200, 1.245000, 0.249000
N, 451, 1.444200, 1.444200, 0.249000
N, 452, 1.444200, 1.643400, 0.249000
N, 453, 1.444200, 1.842600, 0.249000
N, 454, 1.444200, 2.041800, 0.249000
N, 455, 1.444200, 2.241000, 0.249000
N, 456, 1.643400, -0.149400, 0.249000
N, 457, 1.643400, 0.049800, 0.249000
N, 458, 1.643400, 0.249000, 0.249000
N, 459, 1.643400, 0.448200, 0.249000
N, 460, 1.643400, 0.647400, 0.249000
N, 461, 1.643400, 0.846600, 0.249000
N, 462, 1.643400, 1.045800, 0.249000
N, 463, 1.643400, 1.245000, 0.249000
N, 464, 1.643400, 1.444200, 0.249000
N, 465, 1.643400, 1.643400, 0.249000
N, 466, 1.643400, 1.842600, 0.249000
N, 467, 1.643400, 2.041800, 0.249000
N, 468, 1.643400, 2.241000, 0.249000
N, 469, 1.842600, -0.149400, 0.249000
N, 470, 1.842600, 0.049800, 0.249000
N, 471, 1.842600, 0.249000, 0.249000
N, 472, 1.842600, 0.448200, 0.249000
N, 473, 1.842600, 0.647400, 0.249000
N, 474, 1.842600, 0.846600, 0.249000
N, 475, 1.842600, 1.045800, 0.249000
N, 476, 1.842600, 1.245000, 0.249000
N, 477, 1.842600, 1.444200, 0.249000
N, 478, 1.842600, 1.643400, 0.249000
N, 479, 1.842600, 1.842600, 0.249000
N, 480, 1.842600, 2.041800, 0.249000
N, 481, 1.842600, 2.241000, 0.249000
N, 482, 2.041800, -0.149400, 0.249000
N, 483, 2.041800, 0.049800, 0.249000
N, 484, 2.041800, 0.249000, 0.249000
N, 485, 2.041800, 0.448200, 0.249000
N, 486, 2.041800, 0.647400, 0.249000
N, 487, 2.041800, 0.846600, 0.249000
N, 488, 2.041800, 1.045800, 0.249000
N, 489, 2.041800, 1.245000, 0.249000
N, 490, 2.041800, 1.444200, 0.249000
N, 491, 2.041800, 1.643400, 0.249000
N, 492, 2.041800, 1.842600, 0.249000
N, 493, 2.041800, 2.041800, 0.249000
N, 494, 2.041800, 2.241000, 0.249000
N, 495, 2.241000, -0.149400, 0.249000
N, 496, 2.241000, 0.049800, 0.249000
N, 497, 2.241000, 0.249000, 0.249000
N, 498, 2.241000, 0.448200, 0.249000
N, 499, 2.241000, 0.647400, 0.249000
N, 500, 2.241000, 0.846600, 0.249000
N, 501, 2.241000, 1.045800, 0.249000
N, 502, 2.241000, 1.245000, 0.249000
N, 503, 2.241000, 1.444200, 0.249000
N, 504, 2.241000, 1.643400, 0.249000
N, 505, 2.241000, 1.842600, 0.249000
N, 506, 2.241000, 2.041800, 0.249000
N, 507, 2.241000, 2.241000, 0.249000
N, 508, -0.149400, -0.149400, 0.448200
N, 509, -0.149400, 0.049800, 0.448200
N, 510, -0.149400, 0.249000, 0.448200
N, 511, -0.149400, 0.448200, 0.448200
N, 512, -0.149400, 0.647400, 0.448200
N, 513, -0.149400, 0.846600, 0.448200
N, 514, -0.149400, 1.045800, 0.448200
N, 515, -0.149400, 1.245000, 0.448200
N, 516, -0.149400, 1.444200, 0.448200
N, 517, -0.149400, 1.643400, 0.448200
N, 518, -0.149400, 1.842600, 0.448200
N, 519, -0.149400, 2.041800, 0.448200
N, 520, -0.149400, 2.241000, 0.448200
N, 521, 0.049800, -0.149400, 0.448200
N, 522, 0.049800, 0.049800, 0.448200
N, 523, 0.049800, 0.249000, 0.448200
N, 524, 0.049800, 0.448200, 0.448200
N, 525, 0.049800, 0.647400, 0.448200
N, 526, 0.049800, 0.846600, 0.448200
N, 527, 0.049800, 1.045800, 0.448200
N, 528, 0.049800, 1.245000, 0.448200
N, 529, 0.049800, 1.444200, 0.448200
N, 530, 0.049800, 1.643400, 0.448200
N, 531, 0.049800, 1.842600, 0.448200
N, 532, 0.049800, 2.041800, 0.448200
N, 533, 0.049800, 2.241000, 0.448200
N, 534, 0.249000, -0.149400, 0.448200
N, 535, 0.249000, 0.049800, 0.448200
N, 536, 0.249000, 0.249000, 0.448200
N, 537, 0.249000, 0.448200, 0.448200
N, 538, 0.249000, 0.647400, 0.448200
N, 539, 0.249000, 0.846600, 0.448200
N, 540, 0.249000, 1.045800, 0.448200
N, 541, 0.249000, 1.245000, 0.448200
N, 542, 0.249000, 1.444200, 0.448200
N, 543, 0.249000, 1.643400, 0.448200
N, 544, 0.249000, 1.842600, 0.448200
N, 545, 0.249000, 2.041800, 0.448200
N, 546, 0.249000, 2.241000, 0.448200
N, 547, 0.448200, -0.149400, 0.448200
N, 548, 0.448200, 0.049800, 0.448200
N, 549, 0.448200, 0.249000, 0.448200
N, 550, 0.448200, 0.448200, 0.448200
N, 551, 0.448200, 0.647400, 0.448200
N, 552, 0.448200, 0.846600, 0.448200
N, 553, 0.448200, 1.045800, 0.448200
N, 554, 0.448200, 1.245000, 0.448200
N, 555, 0.448200, 1.444200, 0.448200
N, 556, 0.448200, 1.643400, 0.448200
N, 557, 0.448200, 1.842600, 0.448200
N, 558, 0.448200, 2.041800, 0.448200
N, 559, 0.448200, 2.241000, 0.448200
N, 560, 0.647400, -0.149400, 0.448200
N, 561, 0.647400, 0.049800, 0.448200
N, 562, 0.647400, 0.249000, 0.448200
N, 563, 0.647400, 0.448200, 0.448200
N, 564, 0.647400, 0.647400, 0.448200
N, 565, 0.647400, 0.846600, 0.448200
N, 566, 0.647400, 1.045800, 0.448200
N, 567, 0.647400, 1.245000, 0.448200
N, 568, 0.647400, 1.444200, 0.448200
N, 569, 0.647400, 1.643400, 0.448200
N, 570, 0.647400, 1.842600, 0.448200
N, 571, 0.647400, 2.041800, 0.448200
N, 572, 0.647400, 2.241000, 0.448200
N, 573, 0.846600, -0.149400, 0.448200
N, 574, 0.846600, 0.049800, 0.448200
N, 575, 0.846600, 0.249000, 0.448200
N, 576, 0.846600, 0.448200, 0.448200
N, 577, 0.846600, 0.647400, 0.448200
N, 578, 0.846600, 0.846600, 0.448200
N, 579, 0.846600, 1.045800, 0.448200
N, 580, 0.846600, 1.245000, 0.448200
N, 581, 0.846600, 1.444200, 0.448200
N, 582, 0.846600, 1.643400, 0.448200
N, 583, 0.846600, 1.842600, 0.448200
N, 584, 0.846600, 2.041800, 0.448200
N, 585, 0.846600, 2.241000, 0.448200
N, 586, 1.045800, -0.149400, 0.448200
N, 587, 1.045800, 0.049800, 0.448200
N, 588, 1.045800, 0.249000, 0.448200
N, 589, 1.045800, 0.448200, 0.448200
N, 590, 1.045800, 0.647400, 0.448200
N, 591, 1.045800, 0.846600, 0.448200
N, 592, 1.045800, 1.045800, 0.448200
N, 593, 1.045800, 1.245000, 0.448200
N, 594, 1.045800, 1.444200, 0.448200
N, 595, 1.045800, 1.643400, 0.448200
N, 596, 1.045800, 1.842600, 0.448200
N, 597, 1.045800, 2.041800, 0.448200
N, 598, 1.045800, 2.241000, 0.448200
N, 599, 1.245000, -0.149400, 0.448200
N, 600, 1.245000, 0.049800, 0.448200
N, 601, 1.245000, 0.249000, 0.448200
N, 602, 1.245000, 0.448200, 0.448200
N, 603, 1.245000, 0.647400, 0.448200
N, 604, 1.245000, 0.846600, 0.448200
N, 605, 1.245000, 1.045800, 0.448200
N, 606, 1.245000, 1.245000, 0.448200
N, 607, 1.245000, 1.444200, 0.448200
N, 608, 1.245000, 1.643400, 0.448200
N, 609, 1.245000, 1.842600, 0.448200
N, 610, 1.245000, 2.041800, 0.448200
N, 611, 1.245000, 2.241000, 0.448200
N, 612, 1.444200, -0.149400, 0.448200
N, 613, 1.444200, 0.049800, 0.448200
N, 614, 1.444200, 0.249000, 0.448200
N, 615, 1.444200, 0.448200, 0.448200
N, 616, 1.444200, 0.647400, 0.448200
N, 617, 1.444200, 0.846600, 0.448200
N, 618, 1.444200, 1.045800, 0.448200
N, 619, 1.444200, 1.245000, 0.448200
N, 620, 1.444200, 1.444200, 0.448200
N, 621, 1.444200, 1.643400, 0.448200
N, 622, 1.444200, 1.842600, 0.448200
N, 623, 1.444200, 2.041800, 0.448200
N, 624, 1.444200, 2.241000, 0.448200
N, 625, 1.643400, -0.149400, 0.448200
N, 626, 1.643400, 0.049800, 0.448200
N, 627, 1.643400, 0.249000, 0.448200
N, 628, 1.643400, 0.448200, 0.448200
N, 629, 1.643400, 0.647400, 0.448200
N, 630, 1.643400, 0.846600, 0.448200
N, 631, 1.643400, 1.045800, 0.448200
N, 632, 1.643400, 1.245000, 0.448200
N, 633, 1.643400, 1.444200, 0.448200
N, 634, 1.643400, 1.643400, 0.448200
N, 635, 1.643400, 1.842600, 0.448200
N, 636, 1.643400, 2.041800, 0.448200
N, 637, 1.643400, 2.241000, 0.448200
N, 638, 1.842600, -0.149400, 0.448200
N, 639, 1.842600, 0.049800, 0.448200
N, 640, 1.842600, 0.249000, 0.448200
N, 641, 1.842600, 0.448200, 0.448200
N, 642, 1.842600, 0.647400, 0.448200
N, 643, 1.842600, 0.846600, 0.448200
N, 644, 1.842600, 1.045800, 0.448200
N, 645, 1.842600, 1.245000, 0.448200
N, 646, 1.842600, 1.444200, 0.448200
N, 647, 1.842600, 1.643400, 0.448200
N, 648, 1.842600, 1.842600, 0.448200
N, 649, 1.842600, 2.041800, 0.448200
N, 650, 1.842600, 2.241000, 0.448200
N, 651, 2.041800, -0.149400, 0.448200
N, 652, 2.041800, 0.049800, 0.448200
N, 653, 2.041800, 0.249000, 0.448200
N, 654, 2.041800, 0.448200, 0.448200
N, 655, 2.041800, 0.647400, 0.448200
N, 656, 2.041800, 0.846600, 0.448200
N, 657, 2.041800, 1.045800, 0.448200
N, 658, 2.041800, 1.245000, 0.448200
N, 659, 2.041800, 1.444200, 0.448200
N, 660, 2.041800, 1.643400, 0.448200
N, 661, 2.041800, 1.842600, 0.448200
N, 662, 2.041800, 2.041800, 0.448200
N, 663, 2.041800, 2.241000, 0.448200
N, 664, 2.241000, -0.149400, 0.448200
N, 665, 2.241000, 0.049800, 0.448200
N, 666, 2.241000, 0.249000, 0.448200
N, 667, 2.241000, 0.448200, 0.448200
N, 668, 2.241000, 0.647400, 0.448200
N, 669, 2.241000, 0.846600, 0.448200
N, 670, 2.241000, 1.045800, 0.448200
N, 671, 2.241000, 1.245000, 0.448200
N, 672, 2.241000, 1.444200, 0.448200
N, 673, 2.241000, 1.643400, 0.448200
N, 674, 2.241000, 1.842600, 0.448200
N, 675, 2.241000, 2.041800, 0.448200
N, 676, 2.241000, 2.241000, 0.448200
N, 677, -0.149400, -0.149400, 0.647400
N, 678, -0.149400, 0.049800, 0.647400
N, 679, -0.149400, 0.249000, 0.647400
N, 680, -0.149400, 0.448200, 0.647400
N, 681, -0.149400, 0.647400, 0.647400
N, 682, -0.149400, 0.846600, 0.647400
N, 683, -0.149400, 1.045800, 0.647400
N, 684, -0.149400, 1.245000, 0.647400
N, 685, -0.149400, 1.444200, 0.647400
N, 686, -0.149400, 1.643400, 0.647400
N, 687, -0.149400, 1.842600, 0.647400
N, 688, -0.149400, 2.041800, 0.647400
N, 689, -0.149400, 2.241000, 0.647400
N, 690, 0.049800, -0.149400, 0.647400
N, 691, 0.049800, 0.049800, 0.647400
N, 692, 0.049800, 0.249000, 0.647400
N, 693, 0.049800, 0.448200, 0.647400
N, 694, 0.049800, 0.647400, 0.647400
N, 695, 0.049800, 0.846600, 0.647400
N, 696, 0.049800, 1.045800, 0.647400
N, 697, 0.049800, 1.245000, 0.647400
N, 698, 0.049800, 1.444200, 0.647400
N, 699, 0.049800, 1.643400, 0.647400
N, 700, 0.049800, 1.842600, 0.647400
N, 701, 0.049800, 2.041800, 0.647400
N, 702, 0.049800, 2.241000, 0.647400
N, 703, 0.249000, -0.149400, 0.647400
N, 704, 0.249000, 0.049800, 0.647400
N, 705, 0.249000, 0.249000, 0.647400
N, 706, 0.249000, 0.448200, 0.647400
N, 707, 0.249000, 0.647400, 0.647400
N, 708, 0.249000, 0.846600, 0.647400
N, 709, 0.249000, 1.045800, 0.647400
N, 710, 0.249000, 1.245000, 0.647400
N, 711, 0.249000, 1.444200, 0.647400
N, 712, 0.249000, 1.643400, 0.647400
N, 713, 0.249000, 1.842600, 0.647400
N, 714, 0.249000, 2.041800, 0.647400
N, 715, 0.249000, 2.241000, 0.647400
N, 716, 0.448200, -0.149400, 0.647400
N, 717, 0.448200, 0.049800, 0.647400
N, 718, 0.448200, 0.249000, 0.647400
N, 719, 0.448200, 0.448200, 0.647400
N, 720, 0.448200, 0.647400, 0.647400
N, 721, 0.448200, 0.846600, 0.647400
N, 722, 0.448200, 1.045800, 0.647400
N, 723, 0.448200, 1.245000, 0.647400
N, 724, 0.448200, 1.444200, 0.647400
N, 725, 0.448200, 1.643400, 0.647400
N, 726, 0.448200, 1.842600, 0.647400
N, 727, 0.448200, 2.041800, 0.647400
N, 728, 0.448200, 2.241000, 0.647400
N, 729, 0.647400, -0.149400, 0.647400
N, 730, 0.647400, 0.049800, 0.647400
N, 731, 0.647400, 0.249000, 0.647400
N, 732, 0.647400, 0.448200, 0.647400
N, 733, 0.647400, 0.647400, 0.647400
N, 734, 0.647400, 0.846600, 0.647400
N, 735, 0.647400, 1.045800, 0.647400
N, 736, 0.647400, 1.245000, 0.647400
N, 737, 0.647400, 1.444200, 0.647400
N, 738, 0.647400, 1.643400, 0.647400
N, 739, 0.647400, 1.842600, 0.647400
N, 740, 0.647400, 2.041800, 0.647400
N, 741, 0.647400, 2.241000, 0.647400
N, 742, 0.846600, -0.149400, 0.647400
N, 743, 0.846600, 0.049800, 0.647400
N, 744, 0.846600, 0.249000, 0.647400
N, 745, 0.846600, 0.448200, 0.647400
N, 746, 0.846600, 0.647400, 0.647400
N, 747, 0.846600, 0.846600, 0.647400
N, 748, 0.846600, 1.045800, 0.647400
N, 749, 0.846600, 1.245000, 0.647400
N, 750, 0.846600, 1.444200, 0.647400
N, 751, 0.846600, 1.643400, 0.647400
N, 752, 0.846600, 1.842600, 0.647400
N, 753, 0.846600, 2.041800, 0.647400
N, 754, 0.846600, 2.241000, 0.647400
N, 755, 1.045800, -0.149400, 0.647400
N, 756, 1.045800, 0.049800, 0.647400
N, 757, 1.045800, 0.249000, 0.647400
N, 758, 1.045800, 0.448200, 0.647400
N, 759, 1.045800, 0.647400, 0.647400
N, 760, 1.045800, 0.846600, 0.647400
N, 761, 1.045800, 1.045800, 0.647400
N, 762, 1.045800, 1.245000, 0.647400
N, 763, 1.045800, 1.444200, 0.647400
N, 764, 1.045800, 1.643400, 0.647400
N, 765, 1.045800, 1.842600, 0.647400
N, 766, 1.045800, 2.041800, 0.647400
N, 767, 1.045800, 2.241000, 0.647400
N, 768, 1.245000, -0.149400, 0.647400
N, 769, 1.245000, 0.049800, 0.647400
N, 770, 1.245000, 0.249000, 0.647400
N, 771, 1.245000, 0.448200, 0.647400
N, 772, 1.245000, 0.647400, 0.647400
N, 773, 1.245000, 0.846600, 0.647400
N, 774, 1.245000, 1.045800, 0.647400
N, 775, 1.245000, 1.245000, 0.647400
N, 776, 1.245000, 1.444200, 0.647400
N, 777, 1.245000, 1.643400, 0.647400
N, 778, 1.245000, 1.842600, 0.647400
N, 779, 1.245000, 2.041800, 0.647400
N, 780, 1.245000, 2.241000, 0.647400
N, 781, 1.444200, -0.149400, 0.647400
N, 782, 1.444200, 0.049800, 0.647400
N, 783, 1.444200, 0.249000, 0.647400
N, 784, 1.444200, 0.448200, 0.647400
N, 785, 1.444200, 0.647400, 0.647400
N, 786, 1.444200, 0.846600, 0.647400
N, 787, 1.444200, 1.045800, 0.647400
N, 788, 1.444200, 1.245000, 0.647400
N, 789, 1.444200, 1.444200, 0.647400
N, 790, 1.444200, 1.643400, 0.647400
N, 791, 1.444200, 1.842600, 0.647400
N, 792, 1.444200, 2.041800, 0.647400
N, 793, 1.444200, 2.241000, 0.647400
N, 794, 1.643400, -0.149400, 0.647400
N, 795, 1.643400, 0.049800, 0.647400
N, 796, 1.643400, 0.249000, 0.647400
N, 797, 1.643400, 0.448200, 0.647400
N, 798, 1.643400, 0.647400, 0.647400
N, 799, 1.643400, 0.846600, 0.647400
N, 800, 1.643400, 1.045800, 0.647400
N, 801, 1.643400, 1.245000, 0.647400
N, 802, 1.643400, 1.444200, 0.647400
N, 803, 1.643400, 1.643400, 0.647400
N, 804, 1.643400, 1.842600, 0.647400
N, 805, 1.643400, 2.041800, 0.647400
N, 806, 1.643400, 2.241000, 0.647400
N, 807, 1.842600, -0.149400, 0.647400
N, 808, 1.842600, 0.049800, 0.647400
N, 809, 1.842600, 0.249000, 0.647400
N, 810, 1.842600, 0.448200, 0.647400
N, 811, 1.842600, 0.647400, 0.647400
N, 812, 1.842600, 0.846600, 0.647400
N, 813, 1.842600, 1.045800, 0.647400
N, 814, 1.842600, 1.245000, 0.647400
N, 815, 1.842600, 1.444200, 0.647400
N, 816, 1.842600, 1.643400, 0.647400
N, 817, 1.842600, 1.842600, 0.647400
N, 818, 1.842600, 2.041800, 0.647400
N, 819, 1.842600, 2.241000, 0.647400
N, 820, 2.041800, -0.149400, 0.647400
N, 821, 2.041800, 0.049800, 0.647400
N, 822, 2.041800, 0.249000, 0.647400
N, 823, 2.041800, 0.448200, 0.647400
N, 824, 2.041800, 0.647400, 0.647400
N, 825, 2.041800, 0.846600, 0.647400
N, 826, 2.041800, 1.045800, 0.647400
N, 827, 2.041800, 1.245000, 0.647400
N, 828, 2.041800, 1.444200, 0.647400
N, 829, 2.041800, 1.643400, 0.647400
N, 830, 2.041800, 1.842600, 0.647400
N, 831, 2.041800, 2.041800, 0.647400
N, 832, 2.041800, 2.241000, 0.647400
N, 833, 2.241000, -0.149400, 0.647400
N, 834, 2.241000, 0.049800, 0.647400
N, 835, 2.241000, 0.249000, 0.647400
N, 836, 2.241000, 0.448200, 0.647400
N, 837, 2.241000, 0.647400, 0.647400
N, 838, 2.241000, 0.846600, 0.647400
N, 839, 2.241000, 1.045800, 0.647400
N, 840, 2.241000, 1.245000, 0.647400
N, 841, 2.241000, 1.444200, 0.647400
N, 842, 2.241000, 1.643400, 0.647400
N, 843, 2.241000, 1.842600, 0.647400
N, 844, 2.241000, 2.041800, 0.647400
N, 845, 2.241000, 2.241000, 0.647400
N, 846, -0.149400, -0.149400, 0.846600
N, 847, -0.149400, 0.049800, 0.846600
N, 848, -0.149400, 0.249000, 0.846600
N, 849, -0.149400, 0.448200, 0.846600
N, 850, -0.149400, 0.647400, 0.846600
N, 851, -0.149400, 0.846600, 0.846600
N, 852, -0.149400, 1.045800, 0.846600
N, 853, -0.149400, 1.245000, 0.846600
N, 854, -0.149400, 1.444200, 0.846600
N, 855, -0.149400, 1.643400, 0.846600
N, 856, -0.149400, 1.842600, 0.846600
N, 857, -0.149400, 2.041800, 0.846600
N, 858, -0.149400, 2.241000, 0.846600
N, 859, 0.049800, -0.149400, 0.846600
N, 860, 0.049800, 0.049800, 0.846600
N, 861, 0.049800, 0.249000, 0.846600
N, 862, 0.049800, 0.448200, 0.846600
N, 863, 0.049800, 0.647400, 0.846600
N, 864, 0.049800, 0.846600, 0.846600
N, 865, 0.049800, 1.045800, 0.846600
N, 866, 0.049800, 1.245000, 0.846600
N, 867, 0.049800, 1.444200, 0.846600
N, 868, 0.049800, 1.643400, 0.846600
N, 869, 0.049800, 1.842600, 0.846600
N, 870, 0.049800, 2.041800, 0.846600
N, 871, 0.049800, 2.241000, 0.846600
N, 872, 0.249000, -0.149400, 0.846600
N, 873, 0.249000, 0.049800, 0.846600
N, 874, 0.249000, 0.249000, 0.846600
N, 875, 0.249000, 0.448200, 0.846600
N, 876, 0.249000, 0.647400, 0.846600
N, 877, 0.249000, 0.846600, 0.846600
N, 878, 0.249000, 1.045800, 0.846600
N, 879, 0.249000, 1.245000, 0.846600
N, 880, 0.249000, 1.444200, 0.846600
N, 881, 0.249000, 1.643400, 0.846600
N, 882, 0.249000, 1.842600, 0.846600
N, 883, 0.249000, 2.041800, 0.846600
N, 884, 0.249000, 2.241000, 0.846600
N, 885, 0.448200, -0.149400, 0.846600
N, 886, 0.448200, 0.049800, 0.846600
N, 887, 0.448200, 0.249000, 0.846600
N, 888, 0.448200, 0.448200, 0.846600
N, 889, 0.448200, 0.647400, 0.846600
N, 890, 0.448200, 0.846600, 0.846600
N, 891, 0.448200, 1.045800, 0.846600
N, 892, 0.448200, 1.245000, 0.846600
N, 893, 0.448200, 1.444200, 0.846600
N, 894, 0.448200, 1.643400, 0.846600
N, 895, 0.448200, 1.842600, 0.846600
N, 896, 0.448200, 2.041800, 0.846600
N, 897, 0.448200, 2.241000, 0.846600
N, 898, 0.647400, -0.149400, 0.846600
N, 899, 0.647400, 0.049800, 0.846600
N, 900, 0.647400, 0.249000, 0.846600
N, 901, 0.647400, 0.448200, 0.846600
N, 902, 0.647400, 0.647400, 0.846600
N, 903, 0.647400, 0.846600, 0.846600
N, 904, 0.647400, 1.045800, 0.846600
N, 905, 0.647400, 1.245000, 0.846600
N, 906, 0.647400, 1.444200, 0.846600
N, 907, 0.647400, 1.643400, 0.846600
N, 908, 0.647400, 1.842600, 0.846600
N, 909, 0.647400, 2.041800, 0.846600
N, 910, 0.647400, 2.241000, 0.846600
N, 911, 0.846600, -0.149400, 0.846600
N, 912, 0.846600, 0.049800, 0.846600
N, 913, 0.846600, 0.249000, 0.846600
N, 914, 0.846600, 0.448200, 0.846600
N, 915, 0.846600, 0.647400, 0.846600
N, 916, 0.846600, 0.846600, 0.846600
N, 917, 0.846600, 1.045800, 0.846600
N, 918, 0.846600, 1.245000, 0.846600
N, 919, 0.846600, 1.444200, 0.846600
N, 920, 0.846600, 1.643400, 0.846600
N, 921, 0.846600, 1.842600, 0.846600
N, 922, 0.846600, 2.041800, 0.846600
N, 923, 0.846600, 2.241000, 0.846600
N, 924, 1.045800, -0.149400, 0.846600
N, 925, 1.045800, 0.049800, 0.846600
N, 926, 1.045800, 0.249000, 0.846600
N, 927, 1.045800, 0.448200, 0.846600
N, 928, 1.045800, 0.647400, 0.846600
N, 929, 1.045800, 0.846600, 0.846600
N, 930, 1.045800, 1.045800, 0.846600
N, 931, 1.045800, 1.245000, 0.846600
N, 932, 1.045800, 1.444200, 0.846600
N, 933, 1.045800, 1.643400, 0.846600
N, 934, 1.045800, 1.842600, 0.846600
N, 935, 1.045800, 2.041800, 0.846600
N, 936, 1.045800, 2.241000, 0.846600
N, 937, 1.245000, -0.149400, 0.846600
N, 938, 1.245000, 0.049800, 0.846600
N, 939, 1.245000, 0.249000, 0.846600
N, 940, 1.245000, 0.448200, 0.846600
N, 941, 1.245000, 0.647400, 0.846600
N, 942, 1.245000, 0.846600, 0.846600
N, 943, 1.245000, 1.045800, 0.846600
N, 944, 1.245000, 1.245000, 0.846600
N, 945, 1.245000, 1.444200, 0.846600
N, 946, 1.245000, 1.643400, 0.846600
N, 947, 1.245000, 1.842600, 0.846600
N, 948, 1.245000, 2.041800, 0.846600
N, 949, 1.245000, 2.241000, 0.846600
N, 950, 1.444200, -0.149400, 0.846600
N, 951, 1.444200, 0.049800, 0.846600
N, 952, 1.444200, 0.249000, 0.846600
N, 953, 1.444200, 0.448200, 0.846600
N, 954, 1.444200, 0.647400, 0.846600
N, 955, 1.444200, 0.846600, 0.846600
N, 956, 1.444200, 1.045800, 0.846600
N, 957, 1.444200, 1.245000, 0.846600
N, 958, 1.444200, 1.444200, 0.846600
N, 959, 1.444200, 1.643400, 0.846600
N, 960, 1.444200, 1.842600, 0.846600
N, 961, 1.444200, 2.041800, 0.846600
N, 962, 1.444200, 2.241000, 0.846600
N, 963, 1.643400, -0.149400, 0.846600
N, 964, 1.643400, 0.049800, 0.846600
N, 965, 1.643400, 0.249000, 0.846600
N, 966, 1.643400, 0.448200, 0.846600
N, 967, 1.643400, 0.647400, 0.846600
N, 968, 1.643400, 0.846600, 0.846600
N, 969, 1.643400, 1.045800, 0.846600
N, 970, 1.643400, 1.245000, 0.846600
N, 971, 1.643400, 1.444200, 0.846600
N, 972, 1.643400, 1.643400, 0.846600
N, 973, 1.643400, 1.842600, 0.846600
N, 974, 1.643400, 2.041800, 0.846600
N, 975, 1.643400, 2.241000, 0.846600
N, 976, 1.842600, -0.149400, 0.846600
N, 977, 1.842600, 0.049800, 0.846600
N, 978, 1.842600, 0.249000, 0.846600
N, 979, 1.842600, 0.448200, 0.846600
N, 980, 1.842600, 0.647400, 0.846600
N, 981, 1.842600, 0.846600, 0.846600
N, 982, 1.842600, 1.045800, 0.846600
N, 983, 1.842600, 1.245000, 0.846600
N, 984, 1.842600, 1.444200, 0.846600
N, 985, 1.842600, 1.643400, 0.846600
N, 986, 1.842600, 1.842600, 0.846600
N, 987, 1.842600, 2.041800, 0.846600
N, 988, 1.842600, 2.241000, 0.846600
N, 989, 2.041800, -0.149400, 0.846600
N, 990, 2.041800, 0.049800, 0.846600
N, 991, 2.041800, 0.249000, 0.846600
N, 992, 2.041800, 0.448200, 0.846600
N, 993, 2.041800, 0.647400, 0.846600
N, 994, 2.041800, 0.846600, 0.846600
N, 995, 2.041800, 1.045800, 0.846600
N, 996, 2.041800, 1.245000, 0.846600
N, 997, 2.041800, 1.444200, 0.846600
N, 998, 2.041800, 1.643400, 0.846600
N, 999, 2.041800, 1.842600, 0.846600
N, 1000, 2.041800, 2.041800, 0.846600
N, 1001, 2.041800, 2.241000, 0.846600
N, 1002, 2.241000, -0.149400, 0.846600
N, 1003, 2.241000, 0.049800, 0.846600
N, 1004, 2.241000, 0.249000, 0.846600
N, 1005, 2.241000, 0.448200, 0.846600
N, 1006, 2.241000, 0.647400, 0.846600
N, 1007, 2.241000, 0.846600, 0.846600
N, 1008, 2.241000, 1.045800, 0.846600
N, 1009, 2.241000, 1.245000, 0.846600
N, 1010, 2.241000, 1.444200, 0.846600
N, 1011, 2.241000, 1.643400, 0.846600
N, 1012, 2.241000, 1.842600, 0.846600
N, 1013, 2.241000, 2.041800, 0.846600
N, 1014, 2.241000, 2.241000, 0.846600
N, 1015, -0.149400, -0.149400, 1.045800
N, 1016, -0.149400, 0.049800, 1.045800
N, 1017, -0.149400, 0.249000, 1.045800
N, 1018, -0.149400, 0.448200, 1.045800
N, 1019, -0.149400, 0.647400, 1.045800
N, 1020, -0.149400, 0.846600, 1.045800
N, 1021, -0.149400, 1.045800, 1.045800
N, 1022, -0.149400, 1.245000, 1.045800
N, 1023, -0.149400, 1.444200, 1.045800
N, 1024, -0.149400, 1.643400, 1.045800
N, 1025, -0.149400, 1.842600, 1.045800
N, 1026, -0.149400, 2.041800, 1.045800
N, 1027, -0.149400, 2.241000, 1.045800
N, 1028, 0.049800, -0.149400, 1.045800
N, 1029, 0.049800, 0.049800, 1.045800
N, 1030, 0.049800, 0.249000, 1.045800
N, 1031, 0.049800, 0.448200, 1.045800
N, 1032, 0.049800, 0.647400, 1.045800
N, 1033, 0.049800, 0.846600, 1.045800
N, 1034, 0.049800, 1.045800, 1.045800
N, 1035, 0.049800, 1.245000, 1.045800
N, 1036, 0.049800, 1.444200, 1.045800
N, 1037, 0.049800, 1.643400, 1.045800
N, 1038, 0.049800, 1.842600, 1.045800
N, 1039, 0.049800, 2.041800, 1.045800
N, 1040, 0.049800, 2.241000, 1.045800
N, 1041, 0.249000, -0.149400, 1.045800
N, 1042, 0.249000, 0.049800, 1.045800
N, 1043, 0.249000, 0.249000, 1.045800
N, 1044, 0.249000, 0.448200, 1.045800
N, 1045, 0.249000, 0.647400, 1.045800
N, 1046, 0.249000, 0.846600, 1.045800
N, 1047, 0.249000, 1.045800, 1.045800
N, 1048, 0.249000, 1.245000, 1.045800
N, 1049, 0.249000, 1.444200, 1.045800
N, 1050, 0.249000, 1.643400, 1.045800
N, 1051, 0.249000, 1.842600, 1.045800
N, 1052, 0.249000, 2.041800, 1.045800
N, 1053, 0.249000, 2.241000, 1.045800
N, 1054, 0.448200, -0.149400, 1.045800
N, 1055, 0.448200, 0.049800, 1.045800
N, 1056, 0.448200, 0.249000, 1.045800
N, 1057, 0.448200, 0.448200, 1.045800
N, 1058, 0.448200, 0.647400, 1.045800
N, 1059, 0.448200, 0.846600, 1.045800
N, 1060, 0.448200, 1.045800, 1.045800
N, 1061, 0.448200, 1.245000, 1.045800
N, 1062, 0.448200, 1.444200, 1.045800
N, 1063, 0.448200, 1.643400, 1.045800
N, 1064, 0.448200, 1.842600, 1.045800
N, 1065, 0.448200, 2.041800, 1.045800
N, 1066, 0.448200, 2.241000, 1.045800
N, 1067, 0.647400, -0.149400, 1.045800
N, 1068, 0.647400, 0.049800, 1.045800
N, 1069, 0.647400, 0.249000, 1.045800
N, 1070, 0.647400, 0.448200, 1.045800
N, 1071, 0.647400, 0.647400, 1.045800
N, 1072, 0.647400, 0.846600, 1.045800
N, 1073, 0.647400, 1.045800, 1.045800
N, 1074, 0.647400, 1.245000, 1.045800
N, 1075, 0.647400, 1.444200, 1.045800
N, 1076, 0.647400, 1.643400, 1.045800
N, 1077, 0.647400, 1.842600, 1.045800
N, 1078, 0.647400, 2.041800, 1.045800
N, 1079, 0.647400, 2.241000, 1.045800
N, 1080, 0.846600, -0.149400, 1.045800
N, 1081, 0.846600, 0.049800, 1.045800
N, 1082, 0.846600, 0.249000, 1.045800
N, 1083, 0.846600, 0.448200, 1.045800
N, 1084, 0.846600, 0.647400, 1.045800
N, 1085, 0.846600, 0.846600, 1.045800
N, 1086, 0.846600, 1.045800, 1.045800
N, 1087, 0.846600, 1.245000, 1.045800
N, 1088, 0.846600, 1.444200, 1.045800
N, 1089, 0.846600, 1.643400, 1.045800
N, 1090, 0.846600, 1.842600, 1.045800
N, 1091, 0.846600, 2.041800, 1.045800
N, 1092, 0.846600, 2.241000, 1.045800
N, 1093, 1.045800, -0.149400, 1.045800
N, 1094, 1.045800, 0.049800, 1.045800
N, 1095, 1.045800, 0.249000, 1.045800
N, 1096, 1.045800, 0.448200, 1.045800
N, 1097, 1.045800, 0.647400, 1.045800
N, 1098, 1.045800, 0.846600, 1.045800
N, 1099, 1.045800, 1.045800, 1.045800
N, 1100, 1.045800, 1.245000, 1.045800
N, 1101, 1.045800, 1.444200, 1.045800
N, 1102, 1.045800, 1.643400, 1.045800
N, 1103, 1.045800, 1.842600, 1.045800
N, 1104, 1.045800, 2.041800, 1.045800
N, 1105, 1.045800, 2.241000, 1.045800
N, 1106, 1.245000, -0.149400, 1.045800
N, 1107, 1.245000, 0.049800, 1.045800
N, 1108, 1.245000, 0.249000, 1.045800
N, 1109, 1.245000, 0.448200, 1.045800
N, 1110, 1.245000, 0.647400, 1.045800
N, 1111, 1.245000, 0.846600, 1.045800
N, 1112, 1.245000, 1.045800, 1.045800
N, 1113, 1.245000, 1.245000, 1.045800
N, 1114, 1.245000, 1.444200, 1.045800
N, 1115, 1.245000, 1.643400, 1.045800
N, 1116, 1.245000, 1.842600, 1.045800
N, 1117, 1.245000, 2.041800, 1.045800
N, 1118, 1.245000, 2.241000, 1.045800
N, 1119, 1.444200, -0.149400, 1.045800
N, 1120, 1.444200, 0.049800, 1.045800
N, 1121, 1.444200, 0.249000, 1.045800
N, 1122, 1.444200, 0.448200, 1.045800
N, 1123, 1.444200, 0.647400, 1.045800
N, 1124, 1.444200, 0.846600, 1.045800
N, 1125, 1.444200, 1.045800, 1.045800
N, 1126, 1.444200, 1.245000, 1.045800
N, 1127, 1.444200, 1.444200, 1.045800
N, 1128, 1.444200, 1.643400, 1.045800
N, 1129, 1.444200, 1.842600, 1.045800
N, 1130, 1.444200, 2.041800, 1.045800
N, 1131, 1.444200, 2.241000, 1.045800
N, 1132, 1.643400, -0.149400, 1.045800
N, 1133, 1.643400, 0.049800, 1.045800
N, 1134, 1.643400, 0.249000, 1.045800
N, 1135, 1.643400, 0.448200, 1.045800
N, 1136, 1.643400, 0.647400, 1.045800
N, 1137, 1.643400, 0.846600, 1.045800
N, 1138, 1.643400, 1.045800, 1.045800
N, 1139, 1.643400, 1.245000, 1.045800
N, 1140, 1.643400, 1.444200, 1.045800
N, 1141, 1.643400, 1.643400, 1.045800
N, 1142, 1.643400, 1.842600, 1.045800
N, 1143, 1.643400, 2.041800, 1.045800
N, 1144, 1.643400, 2.241000, 1.045800
N, 1145, 1.842600, -0.149400, 1.045800
N, 1146, 1.842600, 0.049800, 1.045800
N, 1147, 1.842600, 0.249000, 1.045800
N, 1148, 1.842600, 0.448200, 1.045800
N, 1149, 1.842600, 0.647400, 1.045800
N, 1150, 1.842600, 0.846600, 1.045800
N, 1151, 1.842600, 1.045800, 1.045800
N, 1152, 1.842600, 1.245000, 1.045800
N, 1153, 1.842600, 1.444200, 1.045800
N, 1154, 1.842600, 1.643400, 1.045800
N, 1155, 1.842600, 1.842600, 1.045800
N, 1156, 1.842600, 2.041800, 1.045800
N, 1157, 1.842600, 2.241000, 1.045800
N, 1158, 2.041800, -0.149400, 1.045800
N, 1159, 2.041800, 0.049800, 1.045800
N, 1160, 2.041800, 0.249000, 1.045800
N, 1161, 2.041800, 0.448200, 1.045800
N, 1162, 2.041800, 0.647400, 1.045800
N, 1163, 2.041800, 0.846600, 1.045800
N, 1164, 2.041800, 1.045800, 1.045800
N, 1165, 2.041800, 1.245000, 1.045800
N, 1166, 2.041800, 1.444200, 1.045800
N, 1167, 2.041800, 1.643400, 1.045800
N, 1168, 2.041800, 1.842600, 1.045800
N, 1169, 2.041800, 2.041800, 1.045800
N, 1170, 2.041800, 2.241000, 1.045800
N, 1171, 2.241000, -0.149400, 1.045800
N, 1172, 2.241000, 0.049800, 1.045800
N, 1173, 2.241000, 0.249000, 1.045800
N, 1174, 2.241000, 0.448200, 1.045800
N, 1175, 2.241000, 0.647400, 1.045800
N, 1176, 2.241000, 0.846600, 1.045800
N, 1177, 2.241000, 1.045800, 1.045800
N, 1178, 2.241000, 1.245000, 1.045800
N, 1179, 2.241000, 1.444200, 1.045800
N, 1180, 2.241000, 1.643400, 1.045800
N, 1181, 2.241000, 1.842600, 1.045800
N, 1182, 2.241000, 2.041800, 1.045800
N, 1183, 2.241000, 2.241000, 1.045800
N, 1184, -0.149400, -0.149400, 1.245000
N, 1185, -0.149400, 0.049800, 1.245000
N, 1186, -0.149400, 0.249000, 1.245000
N, 1187, -0.149400, 0.448200, 1.245000
N, 1188, -0.149400, 0.647400, 1.245000
N, 1189, -0.149400, 0.846600, 1.245000
N, 1190, -0.149400, 1.045800, 1.245000
N, 1191, -0.149400, 1.245000, 1.245000
N, 1192, -0.149400, 1.444200, 1.245000
N, 1193, -0.149400, 1.643400, 1.245000
N, 1194, -0.149400, 1.842600, 1.245000
N, 1195, -0.149400, 2.041800, 1.245000
N, 1196, -0.149400, 2.241000, 1.245000
N, 1197, 0.049800, -0.149400, 1.245000
N, 1198, 0.049800, 0.049800, 1.245000
N, 1199, 0.049800, 0.249000, 1.245000
N, 1200, 0.049800, 0.448200, 1.245000
N, 1201, 0.049800, 0.647400, 1.245000
N, 1202, 0.049800, 0.846600, 1.245000
N, 1203, 0.049800, 1.045800, 1.245000
N, 1204, 0.049800, 1.245000, 1.245000
N, 1205, 0.049800, 1.444200, 1.245000
N, 1206, 0.049800, 1.643400, 1.245000
N, 1207, 0.049800, 1.842600, 1.245000
N, 1208, 0.049800, 2.041800, 1.245000
N, 1209, 0.049800, 2.241000, 1.245000
N, 1210, 0.249000, -0.149400, 1.245000
N, 1211, 0.249000, 0.049800, 1.245000
N, 1212, 0.249000, 0.249000, 1.245000
N, 1213, 0.249000, 0.448200, 1.245000
N, 1214, 0.249000, 0.647400, 1.245000
N, 1215, 0.249000, 0.846600, 1.245000
N, 1216, 0.249000, 1.045800, 1.245000
N, 1217, 0.249000, 1.245000, 1.245000
N, 1218, 0.249000, 1.444200, 1.245000
N, 1219, 0.249000, 1.643400, 1.245000
N, 1220, 0.249000, 1.842600, 1.245000
N, 1221, 0.249000, 2.041800, 1.245000
N, 1222, 0.249000, 2.241000, 1.245000
N, 1223, 0.448200, -0.149400, 1.245000
N, 1224, 0.448200, 0.049800, 1.245000
N, 1225, 0.448200, 0.249000, 1.245000
N, 1226, 0.448200, 0.448200, 1.245000
N, 1227, 0.448200, 0.647400, 1.245000
N, 1228, 0.448200, 0.846600, 1.245000
N, 1229, 0.448200, 1.045800, 1.245000
N, 1230, 0.448200, 1.245000, 1.245000
N, 1231, 0.448200, 1.444200, 1.245000
N, 1232, 0.448200, 1.643400, 1.245000
N, 1233, 0.448200, 1.842600, 1.245000
N, 1234, 0.448200, 2.041800, 1.245000
N, 1235, 0.448200, 2.241000, 1.245000
N, 1236, 0.647400, -0.149400, 1.245000
N, 1237, 0.647400, 0.049800, 1.245000
N, 1238, 0.647400, 0.249000, 1.245000
N, 1239, 0.647400, 0.448200, 1.245000
N, 1240, 0.647400, 0.647400, 1.245000
N, 1241, 0.647400, 0.846600, 1.245000
N, 1242, 0.647400, 1.045800, 1.245000
N, 1243, 0.647400, 1.245000, 1.245000
N, 1244, 0.647400, 1.444200, 1.245000
N, 1245, 0.647400, 1.643400, 1.245000
N, 1246, 0.647400, 1.842600, 1.245000
N, 1247, 0.647400, 2.041800, 1.245000
N, 1248, 0.647400, 2.241000, 1.245000
N, 1249, 0.846600, -0.149400, 1.245000
N, 1250, 0.846600, 0.049800, 1.245000
N, 1251, 0.846600, 0.249000, 1.245000
N, 1252, 0.846600, 0.448200, 1.245000
N, 1253, 0.846600, 0.647400, 1.245000
N, 1254, 0.846600, 0.846600, 1.245000
N, 1255, 0.846600, 1.045800, 1.245000
N, 1256, 0.846600, 1.245000, 1.245000
N, 1257, 0.846600, 1.444200, 1.245000
N, 1258, 0.846600, 1.643400, 1.245000
N, 1259, 0.846600, 1.842600, 1.245000
N, 1260, 0.846600, 2.041800, 1.245000
N, 1261, 0.846600, 2.241000, 1.245000
N, 1262, 1.045800, -0.149400, 1.245000
N, 1263, 1.045800, 0.049800, 1.245000
N, 1264, 1.045800, 0.249000, 1.245000
N, 1265, 1.045800, 0.448200, 1.245000
N, 1266, 1.045800, 0.647400, 1.245000
N, 1267, 1.045800, 0.846600, 1.245000
N, 1268, 1.045800, 1.045800, 1.245000
N, 1269, 1.045800, 1.245000, 1.245000
N, 1270, 1.045800, 1.444200, 1.245000
N, 1271, 1.045800, 1.643400, 1.245000
N, 1272, 1.045800, 1.842600, 1.245000
N, 1273, 1.045800, 2.041800, 1.245000
N, 1274, 1.045800, 2.241000, 1.245000
N, 1275, 1.245000, -0.149400, 1.245000
N, 1276, 1.245000, 0.049800, 1.245000
N, 1277, 1.245000, 0.249000, 1.245000
N, 1278, 1.245000, 0.448200, 1.245000
N, 1279, 1.245000, 0.647400, 1.245000
N, 1280, 1.245000, 0.846600, 1.245000
N, 1281, 1.245000, 1.045800, 1.245000
N, 1282, 1.245000, 1.245000, 1.245000
N, 1283, 1.245000, 1.444200, 1.245000
N, 1284, 1.245000, 1.643400, 1.245000
N, 1285, 1.245000, 1.842600, 1.245000
N, 1286, 1.245000, 2.041800, 1.245000
N, 1287, 1.245000, 2.241000, 1.245000
N, 1288, 1.444200, -0.149400, 1.245000
N, 1289, 1.444200, 0.049800, 1.245000
N, 1290, 1.444200, 0.249000, 1.245000
N, 1291, 1.444200, 0.448200, 1.245000
N, 1292, 1.444200, 0.647400, 1.245000
N, 1293, 1.444200, 0.846600, 1.245000
N, 1294, 1.444200, 1.045800, 1.245000
N, 1295, 1.444200, 1.245000, 1.245000
N, 1296, 1.444200, 1.444200, 1.245000
N, 1297, 1.444200, 1.643400, 1.245000
N, 1298, 1.444200, 1.842600, 1.245000
N, 1299, 1.444200, 2.041800, 1.245000
N, 1300, 1.444200, 2.241000, 1.245000
N, 1301, 1.643400, -0.149400, 1.245000
N, 1302, 1.643400, 0.049800, 1.245000
N, 1303, 1.643400, 0.249000, 1.245000
N, 1304, 1.643400, 0.448200, 1.245000
N, 1305, 1.643400, 0.647400, 1.245000
N, 1306, 1.643400, 0.846600, 1.245000
N, 1307, 1.643400, 1.045800, 1.245000
N, 1308, 1.643400, 1.245000, 1.245000
N, 1309, 1.643400, 1.444200, 1.245000
N, 1310, 1.643400, 1.643400, 1.245000
N, 1311, 1.643400, 1.842600, 1.245000
N, 1312, 1.643400, 2.041800, 1.245000
N, 1313, 1.643400, 2.241000, 1.245000
N, 1314, 1.842600, -0.149400, 1.245000
N, 1315, 1.842600, 0.049800, 1.245000
N, 1316, 1.842600, 0.249000, 1.245000
N, 1317, 1.842600, 0.448200, 1.245000
N, 1318, 1.842600, 0.647400, 1.245000
N, 1319, 1.842600, 0.846600, 1.245000
N, 1320, 1.842600, 1.045800, 1.245000
N, 1321, 1.842600, 1.245000, 1.245000
N, 1322, 1.842600, 1.444200, 1.245000
N, 1323, 1.842600, 1.643400, 1.245000
N, 1324, 1.842600, 1.842600, 1.245000
N, 1325, 1.842600, 2.041800, 1.245000
N, 1326, 1.842600, 2.241000, 1.245000
N, 1327, 2.041800, -0.149400, 1.245000
N, 1328, 2.041800, 0.049800, 1.245000
N, 1329, 2.041800, 0.249000, 1.245000
N, 1330, 2.041800, 0.448200, 1.245000
N, 1331, 2.041800, 0.647400, 1.245000
N, 1332, 2.041800, 0.846600, 1.245000
N, 1333, 2.041800, 1.045800, 1.245000
N, 1334, 2.041800, 1.245000, 1.245000
N, 1335, 2.041800, 1.444200, 1.245000
N, 1336, 2.041800, 1.643400, 1.245000
N, 1337, 2.041800, 1.842600, 1.245000
N, 1338, 2.041800, 2.041800, 1.245000
N, 1339, 2.041800, 2.241000, 1.245000
N, 1340, 2.241000, -0.149400, 1.245000
N, 1341, 2.241000, 0.049800, 1.245000
N, 1342, 2.241000, 0.249000, 1.245000
N, 1343, 2.241000, 0.448200, 1.245000
N, 1344, 2.241000, 0.647400, 1.245000
N, 1345, 2.241000, 0.846600, 1.245000
N, 1346, 2.241000, 1.045800, 1.245000
N, 1347, 2.241000, 1.245000, 1.245000
N, 1348, 2.241000, 1.444200, 1.245000
N, 1349, 2.241000, 1.643400, 1.245000
N, 1350, 2.241000, 1.842600, 1.245000
N, 1351, 2.241000, 2.041800, 1.245000
N, 1352, 2.241000, 2.241000, 1.245000
N, 1353, -0.149400, -0.149400, 1.444200
N, 1354, -0.149400, 0.049800, 1.444200
N, 1355, -0.149400, 0.249000, 1.444200
N, 1356, -0.149400, 0.448200, 1.444200
N, 1357, -0.149400, 0.647400, 1.444200
N, 1358, -0.149400, 0.846600, 1.444200
N, 1359, -0.149400, 1.045800, 1.444200
N, 1360, -0.149400, 1.245000, 1.444200
N, 1361, -0.149400, 1.444200, 1.444200
N, 1362, -0.149400, 1.643400, 1.444200
N, 1363, -0.149400, 1.842600, 1.444200
N, 1364, -0.149400, 2.041800, 1.444200
N, 1365, -0.149400, 2.241000, 1.444200
N, 1366, 0.049800, -0.149400, 1.444200
N, 1367, 0.049800, 0.049800, 1.444200
N, 1368, 0.049800, 0.249000, 1.444200
N, 1369, 0.049800, 0.448200, 1.444200
N, 1370, 0.049800, 0.647400, 1.444200
N, 1371, 0.049800, 0.846600, 1.444200
N, 1372, 0.049800, 1.045800, 1.444200
N, 1373, 0.049800, 1.245000, 1.444200
N, 1374, 0.049800, 1.444200, 1.444200
N, 1375, 0.049800, 1.643400, 1.444200
N, 1376, 0.049800, 1.842600, 1.444200
N, 1377, 0.049800, 2.041800, 1.444200
N, 1378, 0.049800, 2.241000, 1.444200
N, 1379, 0.249000, -0.149400, 1.444200
N, 1380, 0.249000, 0.049800, 1.444200
N, 1381, 0.249000, 0.249000, 1.444200
N, 1382, 0.249000, 0.448200, 1.444200
N, 1383, 0.249000, 0.647400, 1.444200
N, 1384, 0.249000, 0.846600, 1.444200
N, 1385, 0.249000, 1.045800, 1.444200
N, 1386, 0.249000, 1.245000, 1.444200
N, 1387, 0.249000, 1.444200, 1.444200
N, 1388, 0.249000, 1.643400, 1.444200
N, 1389, 0.249000, 1.842600, 1.444200
N, 1390, 0.249000, 2.041800, 1.444200
N, 1391, 0.249000, 2.241000, 1.444200
N, 1392, 0.448200, -0.149400, 1.444200
N, 1393, 0.448200, 0.049800, 1.444200
N, 1394, 0.448200, 0.249000, 1.444200
N, 1395, 0.448200, 0.448200, 1.444200
N, 1396, 0.448200, 0.647400, 1.444200
N, 1397, 0.448200, 0.846600, 1.444200
N, 1398, 0.448200, 1.045800, 1.444200
N, 1399, 0.448200, 1.245000, 1.444200
N, 1400, 0.448200, 1.444200, 1.444200
N, 1401, 0.448200, 1.643400, 1.444200
N, 1402, 0.448200, 1.842600, 1.444200
N, 1403, 0.448200, 2.041800, 1.444200
N, 1404, 0.448200, 2.241000, 1.444200
N, 1405, 0.647400, -0.149400, 1.444200
N, 1406, 0.647400, 0.049800, 1.444200
N, 1407, 0.647400, 0.249000, 1.444200
N, 1408, 0.647400, 0.448200, 1.444200
N, 1409, 0.647400, 0.647400, 1.444200
N, 1410, 0.647400, 0.846600, 1.444200
N, 1411, 0.647400, 1.045800, 1.444200
N, 1412, 0.647400, 1.245000, 1.444200
N, 1413, 0.647400, 1.444200, 1.444200
N, 1414, 0.647400, 1.643400, 1.444200
N, 1415, 0.647400, 1.842600, 1.444200
N, 1416, 0.647400, 2.041800, 1.444200
N, 1417, 0.647400, 2.241000, 1.444200
N, 1418, 0.846600, -0.149400, 1.444200
N, 1419, 0.846600, 0.049800, 1.444200
N, 1420, 0.846600, 0.249000, 1.444200
N, 1421, 0.846600, 0.448200, 1.444200
N, 1422, 0.846600, 0.647400, 1.444200
N, 1423, 0.846600, 0.846600, 1.444200
N, 1424, 0.846600, 1.045800, 1.444200
N, 1425, 0.846600, 1.245000, 1.444200
N, 1426, 0.846600, 1.444200, 1.444200
N, 1427, 0.846600, 1.643400, 1.444200
N, 1428, 0.846600, 1.842600, 1.444200
N, 1429, 0.846600, 2.041800, 1.444200
N, 1430, 0.846600, 2.241000, 1.444200
N, 1431, 1.045800, -0.149400, 1.444200
N, 1432, 1.045800, 0.049800, 1.444200
N, 1433, 1.045800, 0.249000, 1.444200
N, 1434, 1.045800, 0.448200, 1.444200
N, 1435, 1.045800, 0.647400, 1.444200
N, 1436, 1.045800, 0.846600, 1.444200
N, 1437, 1.045800, 1.045800, 1.444200
N, 1438, 1.045800, 1.245000, 1.444200
N, 1439, 1.045800, 1.444200, 1.444200
N, 1440, 1.045800, 1.643400, 1.444200
N, 1441, 1.045800, 1.842600, 1.444200
N, 1442, 1.045800, 2.041800, 1.444200
N, 1443, 1.045800, 2.241000, 1.444200
N, 1444, 1.245000, -0.149400, 1.444200
N, 1445, 1.245000, 0.049800, 1.444200
N, 1446, 1.245000, 0.249000, 1.444200
N, 1447, 1.245000, 0.448200, 1.444200
N, 1448, 1.245000, 0.647400, 1.444200
N, 1449, 1.245000, 0.846600, 1.444200
N, 1450, 1.245000, 1.045800, 1.444200
N, 1451, 1.245000, 1.245000, 1.444200
N, 1452, 1.245000, 1.444200, 1.444200
N, 1453, 1.245000, 1.643400, 1.444200
N, 1454, 1.245000, 1.842600, 1.444200
N, 1455, 1.245000, 2.041800, 1.444200
N, 1456, 1.245000, 2.241000, 1.444200
N, 1457, 1.444200, -0.149400, 1.444200
N, 1458, 1.444200, 0.049800, 1.444200
N, 1459, 1.444200, 0.249000, 1.444200
N, 1460, 1.444200, 0.448200, 1.444200
N, 1461, 1.444200, 0.647400, 1.444200
N, 1462, 1.444200, 0.846600, 1.444200
N, 1463, 1.444200, 1.045800, 1.444200
N, 1464, 1.444200, 1.245000, 1.444200
N, 1465, 1.444200, 1.444200, 1.444200
N, 1466, 1.444200, 1.643400, 1.444200
N, 1467, 1.444200, 1.842600, 1.444200
N, 1468, 1.444200, 2.041800, 1.444200
N, 1469, 1.444200, 2.241000, 1.444200
N, 1470, 1.643400, -0.149400, 1.444200
N, 1471, 1.643400, 0.049800, 1.444200
N, 1472, 1.643400, 0.249000, 1.444200
N, 1473, 1.643400, 0.448200, 1.444200
N, 1474, 1.643400, 0.647400, 1.444200
N, 1475, 1.643400, 0.846600, 1.444200
N, 1476, 1.643400, 1.045800, 1.444200
N, 1477, 1.643400, 1.245000, 1.444200
N, 1478, 1.643400, 1.444200, 1.444200
N, 1479, 1.643400, 1.643400, 1.444200
N, 1480, 1.643400, 1.842600, 1.444200
N, 1481, 1.643400, 2.041800, 1.444200
N, 1482, 1.643400, 2.241000, 1.444200
N, 1483, 1.842600, -0.149400, 1.444200
N, 1484, 1.842600, 0.049800, 1.444200
N, 1485, 1.842600, 0.249000, 1.444200
N, 1486, 1.842600, 0.448200, 1.444200
N, 1487, 1.842600, 0.647400, 1.444200
N, 1488, 1.842600, 0.846600, 1.444200
N, 1489, 1.842600, 1.045800, 1.444200
N, 1490, 1.842600, 1.245000, 1.444200
N, 1491, 1.842600, 1.444200, 1.444200
N, 1492, 1.842600, 1.643400, 1.444200
N, 1493, 1.842600, 1.842600, 1.444200
N, 1494, 1.842600, 2.041800, 1.444200
N, 1495, 1.842600, 2.241000, 1.444200
N, 1496, 2.041800, -0.149400, 1.444200
N, 1497, 2.041800, 0.049800, 1.444200
N, 1498, 2.041800, 0.249000, 1.444200
N, 1499, 2.041800, 0.448200, 1.444200
N, 1500, 2.041800, 0.647400, 1.444200
N, 1501, 2.041800, 0.846600, 1.444200
N, 1502, 2.041800, 1.045800, 1.444200
N, 1503, 2.041800, 1.245000, 1.444200
N, 1504, 2.041800, 1.444200, 1.444200
N, 1505, 2.041800, 1.643400, 1.444200
N, 1506, 2.041800, 1.842600, 1.444200
N, 1507, 2.041800, 2.041800, 1.444200
N, 1508, 2.041800, 2.241000, 1.444200
N, 1509, 2.241000, -0.149400, 1.444200
N, 1510, 2.241000, 0.049800, 1.444200
N, 1511, 2.241000, 0.249000, 1.444200
N, 1512, 2.241000, 0.448200, 1.444200
N, 1513, 2.241000, 0.647400, 1.444200
N, 1514, 2.241000, 0.846600, 1.444200
N, 1515, 2.241000, 1.045800, 1.444200
N, 1516, 2.241000, 1.245000, 1.444200
N, 1517, 2.241000, 1.444200, 1.444200
N, 1518, 2.241000, 1.643400, 1.444200
N, 1519, 2.241000, 1.842600, 1.444200
N, 1520, 2.241000, 2.041800, 1.444200
N, 1521, 2.241000, 2.241000, 1.444200
N, 1522, -0.149400, -0.149400, 1.643400
N, 1523, -0.149400, 0.049800, 1.643400
N, 1524, -0.149400, 0.249000, 1.643400
N, 1525, -0.149400, 0.448200, 1.643400
N, 1526, -0.149400, 0.647400, 1.643400
N, 1527, -0.149400, 0.846600, 1.643400
N, 1528, -0.149400, 1.045800, 1.643400
N, 1529, -0.149400, 1.245000, 1.643400
N, 1530, -0.149400, 1.444200, 1.643400
N, 1531, -0.149400, 1.643400, 1.643400
N, 1532, -0.149400, 1.842600, 1.643400
N, 1533, -0.149400, 2.041800, 1.643400
N, 1534, -0.149400, 2.241000, 1.643400
N, 1535, 0.049800, -0.149400, 1.643400
N, 1536, 0.049800, 0.049800, 1.643400
N, 1537, 0.049800, 0.249000, 1.643400
N, 1538, 0.049800, 0.448200, 1.643400
N, 1539, 0.049800, 0.647400, 1.643400
N, 1540, 0.049800, 0.846600, 1.643400
N, 1541, 0.049800, 1.045800, 1.643400
N, 1542, 0.049800, 1.245000, 1.643400
N, 1543, 0.049800, 1.444200, 1.643400
N, 1544, 0.049800, 1.643400, 1.643400
N, 1545, 0.049800, 1.842600, 1.643400
N, 1546, 0.049800, 2.041800, 1.643400
N, 1547, 0.049800, 2.241000, 1.643400
N, 1548, 0.249000, -0.149400, 1.643400
N, 1549, 0.249000, 0.049800, 1.643400
N, 1550, 0.249000, 0.249000, 1.643400
N, 1551, 0.249000, 0.448200, 1.643400
N, 1552, 0.249000, 0.647400, 1.643400
N, 1553, 0.249000, 0.846600, 1.643400
N, 1554, 0.249000, 1.045800, 1.643400
N, 1555, 0.249000, 1.245000, 1.643400
N, 1556, 0.249000, 1.444200, 1.643400
N, 1557, 0.249000, 1.643400, 1.643400
N, 1558, 0.249000, 1.842600, 1.643400
N, 1559, 0.249000, 2.041800, 1.643400
N, 1560, 0.249000, 2.241000, 1.643400
N, 1561, 0.448200, -0.149400, 1.643400
N, 1562, 0.448200, 0.049800, 1.643400
N, 1563, 0.448200, 0.249000, 1.643400
N, 1564, 0.448200, 0.448200, 1.643400
N, 1565, 0.448200, 0.647400, 1.643400
N, 1566, 0.448200, 0.846600, 1.643400
N, 1567, 0.448200, 1.045800, 1.643400
N, 1568, 0.448200, 1.245000, 1.643400
N, 1569, 0.448200, 1.444200, 1.643400
N, 1570, 0.448200, 1.643400, 1.643400
N, 1571, 0.448200, 1.842600, 1.643400
N, 1572, 0.448200, 2.041800, 1.643400
N, 1573, 0.448200, 2.241000, 1.643400
N, 1574, 0.647400, -0.149400, 1.643400
N, 1575, 0.647400, 0.049800, 1.643400
N, 1576, 0.647400, 0.249000, 1.643400
N, 1577, 0.647400, 0.448200, 1.643400
N, 1578, 0.647400, 0.647400, 1.643400
N, 1579, 0.647400, 0.846600, 1.643400
N, 1580, 0.647400, 1.045800, 1.643400
N, 1581, 0.647400, 1.245000, 1.643400
N, 1582, 0.647400, 1.444200, 1.643400
N, 1583, 0.647400, 1.643400, 1.643400
N, 1584, 0.647400, 1.842600, 1.643400
N, 1585, 0.647400, 2.041800, 1.643400
N, 1586, 0.647400, 2.241000, 1.643400
N, 1587, 0.846600, -0.149400, 1.643400
N, 1588, 0.846600, 0.049800, 1.643400
N, 1589, 0.846600, 0.249000, 1.643400
N, 1590, 0.846600, 0.448200, 1.643400
N, 1591, 0.846600, 0.647400, 1.643400
N, 1592, 0.846600, 0.846600, 1.643400
N, 1593, 0.846600, 1.045800, 1.643400
N, 1594, 0.846600, 1.245000, 1.643400
N, 1595, 0.846600, 1.444200, 1.643400
N, 1596, 0.846600, 1.643400, 1.643400
N, 1597, 0.846600, 1.842600, 1.643400
N, 1598, 0.846600, 2.041800, 1.643400
N, 1599, 0.846600, 2.241000, 1.643400
N, 1600, 1.045800, -0.149400, 1.643400
N, 1601, 1.045800, 0.049800, 1.643400
N, 1602, 1.045800, 0.249000, 1.643400
N, 1603, 1.045800, 0.448200, 1.643400
N, 1604, 1.045800, 0.647400, 1.643400
N, 1605, 1.045800, 0.846600, 1.643400
N, 1606, 1.045800, 1.045800, 1.643400
N, 1607, 1.045800, 1.245000, 1.643400
N, 1608, 1.045800, 1.444200, 1.643400
N, 1609, 1.045800, 1.643400, 1.643400
N, 1610, 1.045800, 1.842600, 1.643400
N, 1611, 1.045800, 2.041800, 1.643400
N, 1612, 1.045800, 2.241000, 1.643400
N, 1613, 1.245000, -0.149400, 1.643400
N, 1614, 1.245000, 0.049800, 1.643400
N, 1615, 1.245000, 0.249000, 1.643400
N, 1616, 1.245000, 0.448200, 1.643400
N, 1617, 1.245000, 0.647400, 1.643400
N, 1618, 1.245000, 0.846600, 1.643400
N, 1619, 1.245000, 1.045800, 1.643400
N, 1620, 1.245000, 1.245000, 1.643400
N, 1621, 1.245000, 1.444200, 1.643400
N, 1622, 1.245000, 1.643400, 1.643400
N, 1623, 1.245000, 1.842600, 1.643400
N, 1624, 1.245000, 2.041800, 1.643400
N, 1625, 1.245000, 2.241000, 1.643400
N, 1626, 1.444200, -0.149400, 1.643400
N, 1627, 1.444200, 0.049800, 1.643400
N, 1628, 1.444200, 0.249000, 1.643400
N, 1629, 1.444200, 0.448200, 1.643400
N, 1630, 1.444200, 0.647400, 1.643400
N, 1631, 1.444200, 0.846600, 1.643400
N, 1632, 1.444200, 1.045800, 1.643400
N, 1633, 1.444200, 1.245000, 1.643400
N, 1634, 1.444200, 1.444200, 1.643400
N, 1635, 1.444200, 1.643400, 1.643400
N, 1636, 1.444200, 1.842600, 1.643400
N, 1637, 1.444200, 2.041800, 1.643400
N, 1638, 1.444200, 2.241000, 1.643400
N, 1639, 1.643400, -0.149400, 1.643400
N, 1640, 1.643400, 0.049800, 1.643400
N, 1641, 1.643400, 0.249000, 1.643400
N, 1642, 1.643400, 0.448200, 1.643400
N, 1643, 1.643400, 0.647400, 1.643400
N, 1644, 1.643400, 0.846600, 1.643400
N, 1645, 1.643400, 1.045800, 1.643400
N, 1646, 1.643400, 1.245000, 1.643400
N, 1647, 1.643400, 1.444200, 1.643400
N, 1648, 1.643400, 1.643400, 1.643400
N, 1649, 1.643400, 1.842600, 1.643400
N, 1650, 1.643400, 2.041800, 1.643400
N, 1651, 1.643400, 2.241000, 1.643400
N, 1652, 1.842600, -0.149400, 1.643400
N, 1653, 1.842600, 0.049800, 1.643400
N, 1654, 1.842600, 0.249000, 1.643400
N, 1655, 1.842600, 0.448200, 1.643400
N, 1656, 1.842600, 0.647400, 1.643400
N, 1657, 1.842600, 0.846600, 1.643400
N, 1658, 1.842600, 1.045800, 1.643400
N, 1659, 1.842600, 1.245000, 1.643400
N, 1660, 1.842600, 1.444200, 1.643400
N, 1661, 1.842600, 1.643400, 1.643400
N, 1662, 1.842600, 1.842600, 1.643400
N, 1663, 1.842600, 2.041800, 1.643400
N, 1664, 1.842600, 2.241000, 1.643400
N, 1665, 2.041800, -0.149400, 1.643400
N, 1666, 2.041800, 0.049800, 1.643400
N, 1667, 2.041800, 0.249000, 1.643400
N, 1668, 2.041800, 0.448200, 1.643400
N, 1669, 2.041800, 0.647400, 1.643400
N, 1670, 2.041800, 0.846600, 1.643400
N, 1671, 2.041800, 1.045800, 1.643400
N, 1672, 2.041800, 1.245000, 1.643400
N, 1673, 2.041800, 1.444200, 1.643400
N, 1674, 2.041800, 1.643400, 1.643400
N, 1675, 2.041800, 1.842600, 1.643400
N, 1676, 2.041800, 2.041800, 1.643400
N, 1677, 2.041800, 2.241000, 1.643400
N, 1678, 2.241000, -0.149400, 1.643400
N, 1679, 2.241000, 0.049800, 1.643400
N, 1680, 2.241000, 0.249000, 1.643400
N, 1681, 2.241000, 0.448200, 1.643400
N, 1682, 2.241000, 0.647400, 1.643400
N, 1683, 2.241000, 0.846600, 1.643400
N, 1684, 2.241000, 1.045800, 1.643400
N, 1685, 2.241000, 1.245000, 1.643400
N, 1686, 2.241000, 1.444200, 1.643400
N, 1687, 2.241000, 1.643400, 1.643400
N, 1688, 2.241000, 1.842600, 1.643400
N, 1689, 2.241000, 2.041800, 1.643400
N, 1690, 2.241000, 2.241000, 1.643400
N, 1691, -0.149400, -0.149400, 1.842600
N, 1692, -0.149400, 0.049800, 1.842600
N, 1693, -0.149400, 0.249000, 1.842600
N, 1694, -0.149400, 0.448200, 1.842600
N, 1695, -0.149400, 0.647400, 1.842600
N, 1696, -0.149400, 0.846600, 1.842600
N, 1697, -0.149400, 1.045800, 1.842600
N, 1698, -0.149400, 1.245000, 1.842600
N, 1699, -0.149400, 1.444200, 1.842600
N, 1700, -0.149400, 1.643400, 1.842600
N, 1701, -0.149400, 1.842600, 1.842600
N, 1702, -0.149400, 2.041800, 1.842600
N, 1703, -0.149400, 2.241000, 1.842600
N, 1704, 0.049800, -0.149400, 1.842600
N, 1705, 0.049800, 0.049800, 1.842600
N, 1706, 0.049800, 0.249000, 1.842600
N, 1707, 0.049800, 0.448200, 1.842600
N, 1708, 0.049800, 0.647400, 1.842600
N, 1709, 0.049800, 0.846600, 1.842600
N, 1710, 0.049800, 1.045800, 1.842600
N, 1711, 0.049800, 1.245000, 1.842600
N, 1712, 0.049800, 1.444200, 1.842600
N, 1713, 0.049800, 1.643400, 1.842600
N, 1714, 0.049800, 1.842600, 1.842600
N, 1715, 0.049800, 2.041800, 1.842600
N, 1716, 0.049800, 2.241000, 1.842600
N, 1717, 0.249000, -0.149400, 1.842600
N, 1718, 0.249000, 0.049800, 1.842600
N, 1719, 0.249000, 0.249000, 1.842600
N, 1720, 0.249000, 0.448200, 1.842600
N, 1721, 0.249000, 0.647400, 1.842600
N, 1722, 0.249000, 0.846600, 1.842600
N, 1723, 0.249000, 1.045800, 1.842600
N, 1724, 0.249000, 1.245000, 1.842600
N, 1725, 0.249000, 1.444200, 1.842600
N, 1726, 0.249000, 1.643400, 1.842600
N, 1727, 0.249000, 1.842600, 1.842600
N, 1728, 0.249000, 2.041800, 1.842600
N, 1729, 0.249000, 2.241000, 1.842600
N, 1730, 0.448200, -0.149400, 1.842600
N, 1731, 0.448200, 0.049800, 1.842600
N, 1732, 0.448200, 0.249000, 1.842600
N, 1733, 0.448200, 0.448200, 1.842600
N, 1734, 0.448200, 0.647400, 1.842600
N, 1735, 0.448200, 0.846600, 1.842600
N, 1736, 0.448200, 1.045800, 1.842600
N, 1737, 0.448200, 1.245000, 1.842600
N, 1738, 0.448200, 1.444200, 1.842600
N, 1739, 0.448200, 1.643400, 1.842600
N, 1740, 0.448200, 1.842600, 1.842600
N, 1741, 0.448200, 2.041800, 1.842600
N, 1742, 0.448200, 2.241000, 1.842600
N, 1743, 0.647400, -0.149400, 1.842600
N, 1744, 0.647400, 0.049800, 1.842600
N, 1745, 0.647400, 0.249000, 1.842600
N, 1746, 0.647400, 0.448200, 1.842600
N, 1747, 0.647400, 0.647400, 1.842600
N, 1748, 0.647400, 0.846600, 1.842600
N, 1749, 0.647400, 1.045800, 1.842600
N, 1750, 0.647400, 1.245000, 1.842600
N, 1751, 0.647400, 1.444200, 1.842600
N, 1752, 0.647400, 1.643400, 1.842600
N, 1753, 0.647400, 1.842600, 1.842600
N, 1754, 0.647400, 2.041800, 1.842600
N, 1755, 0.647400, 2.241000, 1.842600
N, 1756, 0.846600, -0.149400, 1.842600
N, 1757, 0.846600, 0.049800, 1.842600
N, 1758, 0.846600, 0.249000, 1.842600
N, 1759, 0.846600, 0.448200, 1.842600
N, 1760, 0.846600, 0.647400, 1.842600
N, 1761, 0.846600, 0.846600, 1.842600
N, 1762, 0.846600, 1.045800, 1.842600
N, 1763, 0.846600, 1.245000, 1.842600
N, 1764, 0.846600, 1.444200, 1.842600
N, 1765, 0.846600, 1.643400, 1.842600
N, 1766, 0.846600, 1.842600, 1.842600
N, 1767, 0.846600, 2.041800, 1.842600
N, 1768, 0.846600, 2.241000, 1.842600
N, 1769, 1.045800, -0.149400, 1.842600
N, 1770, 1.045800, 0.049800, 1.842600
N, 1771, 1.045800, 0.249000, 1.842600
N, 1772, 1.045800, 0.448200, 1.842600
N, 1773, 1.045800, 0.647400, 1.842600
N, 1774, 1.045800, 0.846600, 1.842600
N, 1775, 1.045800, 1.045800, 1.842600
N, 1776, 1.045800, 1.245000, 1.842600
N, 1777, 1.045800, 1.444200, 1.842600
N, 1778, 1.045800, 1.643400, 1.842600
N, 1779, 1.045800, 1.842600, 1.842600
N, 1780, 1.045800, 2.041800, 1.842600
N, 1781, 1.045800, 2.241000, 1.842600
N, 1782, 1.245000, -0.149400, 1.842600
N, 1783, 1.245000, 0.049800, 1.842600
N, 1784, 1.245000, 0.249000, 1.842600
N, 1785, 1.245000, 0.448200, 1.842600
N, 1786, 1.245000, 0.647400, 1.842600
N, 1787, 1.245000, 0.846600, 1.842600
N, 1788, 1.245000, 1.045800, 1.842600
N, 1789, 1.245000, 1.245000, 1.842600
N, 1790, 1.245000, 1.444200, 1.842600
N, 1791, 1.245000, 1.643400, 1.842600
N, 1792, 1.245000, 1.842600, 1.842600
N, 1793, 1.245000, 2.041800, 1.842600
N, 1794, 1.245000, 2.241000, 1.842600
N, 1795, 1.444200, -0.149400, 1.842600
N, 1796, 1.444200, 0.049800, 1.842600
N, 1797, 1.444200, 0.249000, 1.842600
N, 1798, 1.444200, 0.448200, 1.842600
N, 1799, 1.444200, 0.647400, 1.842600
N, 1800, 1.444200, 0.846600, 1.842600
N, 1801, 1.444200, 1.045800, 1.842600
N, 1802, 1.444200, 1.245000, 1.842600
N, 1803, 1.444200, 1.444200, 1.842600
N, 1804, 1.444200, 1.643400, 1.842600
N, 1805, 1.444200, 1.842600, 1.842600
N, 1806, 1.444200, 2.041800, 1.842600
N, 1807, 1.444200, 2.241000, 1.842600
N, 1808, 1.643400, -0.149400, 1.842600
N, 1809, 1.643400, 0.049800, 1.842600
N, 1810, 1.643400, 0.249000, 1.842600
N, 1811, 1.643400, 0.448200, 1.842600
N, 1812, 1.643400, 0.647400, 1.842600
N, 1813, 1.643400, 0.846600, 1.842600
N, 1814, 1.643400, 1.045800, 1.842600
N, 1815, 1.643400, 1.245000, 1.842600
N, 1816, 1.643400, 1.444200, 1.842600
N, 1817, 1.643400, 1.643400, 1.842600
N, 1818, 1.643400, 1.842600, 1.842600
N, 1819, 1.643400, 2.041800, 1.842600
N, 1820, 1.643400, 2.241000, 1.842600
N, 1821, 1.842600, -0.149400, 1.842600
N, 1822, 1.842600, 0.049800, 1.842600
N, 1823, 1.842600, 0.249000, 1.842600
N, 1824, 1.842600, 0.448200, 1.842600
N, 1825, 1.842600, 0.647400, 1.842600
N, 1826, 1.842600, 0.846600, 1.842600
N, 1827, 1.842600, 1.045800, 1.842600
N, 1828, 1.842600, 1.245000, 1.842600
N, 1829, 1.842600, 1.444200, 1.842600
N, 1830, 1.842600, 1.643400, 1.842600
N, 1831, 1.842600, 1.842600, 1.842600
N, 1832, 1.842600, 2.041800, 1.842600
N, 1833, 1.842600, 2.241000, 1.842600
N, 1834, 2.041800, -0.149400, 1.842600
N, 1835, 2.041800, 0.049800, 1.842600
N, 1836, 2.041800, 0.249000, 1.842600
N, 1837, 2.041800, 0.448200, 1.842600
N, 1838, 2.041800, 0.647400, 1.842600
N, 1839, 2.041800, 0.846600, 1.842600
N, 1840, 2.041800, 1.045800, 1.842600
N, 1841, 2.041800, 1.245000, 1.842600
N, 1842, 2.041800, 1.444200, 1.842600
N, 1843, 2.041800, 1.643400, 1.842600
N, 1844, 2.041800, 1.842600, 1.842600
N, 1845, 2.041800, 2.041800, 1.842600
N, 1846, 2.041800, 2.241000, 1.842600
N, 1847, 2.241000, -0.149400, 1.842600
N, 1848, 2.241000, 0.049800, 1.842600
N, 1849, 2.241000, 0.249000, 1.842600
N, 1850, 2.241000, 0.448200, 1.842600
N, 1851, 2.241000, 0.647400, 1.842600
N, 1852, 2.241000, 0.846600, 1.842600
N, 1853, 2.241000, 1.045800, 1.842600
N, 1854, 2.241000, 1.245000, 1.842600
N, 1855, 2.241000, 1.444200, 1.842600
N, 1856, 2.241000, 1.643400, 1.842600
N, 1857, 2.241000, 1.842600, 1.842600
N, 1858, 2.241000, 2.041800, 1.842600
N, 1859, 2.241000, 2.241000, 1.842600
N, 1860, -0.149400, -0.149400, 2.041800
N, 1861, -0.149400, 0.049800, 2.041800
N, 1862, -0.149400, 0.249000, 2.041800
N, 1863, -0.149400, 0.448200, 2.041800
N, 1864, -0.149400, 0.647400, 2.041800
N, 1865, -0.149400, 0.846600, 2.041800
N, 1866, -0.149400, 1.045800, 2.041800
N, 1867, -0.149400, 1.245000, 2.041800
N, 1868, -0.149400, 1.444200, 2.041800
N, 1869, -0.149400, 1.643400, 2.041800
N, 1870, -0.149400, 1.842600, 2.041800
N, 1871, -0.149400, 2.041800, 2.041800
N, 1872, -0.149400, 2.241000, 2.041800
N, 1873, 0.049800, -0.149400, 2.041800
N, 1874, 0.049800, 0.049800, 2.041800
N, 1875, 0.049800, 0.249000, 2.041800
N, 1876, 0.049800, 0.448200, 2.041800
N, 1877, 0.049800, 0.647400, 2.041800
N, 1878, 0.049800, 0.846600, 2.041800
N, 1879, 0.049800, 1.045800, 2.041800
N, 1880, 0.049800, 1.245000, 2.041800
N, 1881, 0.049800, 1.444200, 2.041800
N, 1882, 0.049800, 1.643400, 2.041800
N, 1883, 0.049800, 1.842600, 2.041800
N, 1884, 0.049800, 2.041800, 2.041800
N, 1885, 0.049800, 2.241000, 2.041800
N, 1886, 0.249000, -0.149400, 2.041800
N, 1887, 0.249000, 0.049800, 2.041800
N, 1888, 0.249000, 0.249000, 2.041800
N, 1889, 0.249000, 0.448200, 2.041800
N, 1890, 0.249000, 0.647400, 2.041800
N, 1891, 0.249000, 0.846600, 2.041800
N, 1892, 0.249000, 1.045800, 2.041800
N, 1893, 0.249000, 1.245000, 2.041800
N, 1894, 0.249000, 1.444200, 2.041800
N, 1895, 0.249000, 1.643400, 2.041800
N, 1896, 0.249000, 1.842600, 2.041800
N, 1897, 0.249000, 2.041800, 2.041800
N, 1898, 0.249000, 2.241000, 2.041800
N, 1899, 0.448200, -0.149400, 2.041800
N, 1900, 0.448200, 0.049800, 2.041800
N, 1901, 0.448200, 0.249000, 2.041800
N, 1902, 0.448200, 0.448200, 2.041800
N, 1903, 0.448200, 0.647400, 2.041800
N, 1904, 0.448200, 0.846600, 2.041800
N, 1905, 0.448200, 1.045800, 2.041800
N, 1906, 0.448200, 1.245000, 2.041800
N, 1907, 0.448200, 1.444200, 2.041800
N, 1908, 0.448200, 1.643400, 2.041800
N, 1909, 0.448200, 1.842600, 2.041800
N, 1910, 0.448200, 2.041800, 2.041800
N, 1911, 0.448200, 2.241000, 2.041800
N, 1912, 0.647400, -0.149400, 2.041800
N, 1913, 0.647400, 0.049800, 2.041800
N, 1914, 0.647400, 0.249000, 2.041800
N, 1915, 0.647400, 0.448200, 2.041800
N, 1916, 0.647400, 0.647400, 2.041800
N, 1917, 0.647400, 0.846600, 2.041800
N, 1918, 0.647400, 1.045800, 2.041800
N, 1919, 0.647400, 1.245000, 2.041800
N, 1920, 0.647400, 1.444200, 2.041800
N, 1921, 0.647400, 1.643400, 2.041800
N, 1922, 0.647400, 1.842600, 2.041800
N, 1923, 0.647400, 2.041800, 2.041800
N, 1924, 0.647400, 2.241000, 2.041800
N, 1925, 0.846600, -0.149400, 2.041800
N, 1926, 0.846600, 0.049800, 2.041800
N, 1927, 0.846600, 0.249000, 2.041800
N, 1928, 0.846600, 0.448200, 2.041800
N, 1929, 0.846600, 0.647400, 2.041800
N, 1930, 0.846600, 0.846600, 2.041800
N, 1931, 0.846600, 1.045800, 2.041800
N, 1932, 0.846600, 1.245000, 2.041800
N, 1933, 0.846600, 1.444200, 2.041800
N, 1934, 0.846600, 1.643400, 2.041800
N, 1935, 0.846600, 1.842600, 2.041800
N, 1936, 0.846600, 2.041800, 2.041800
N, 1937, 0.846600, 2.241000, 2.041800
N, 1938, 1.045800, -0.149400, 2.041800
N, 1939, 1.045800, 0.049800, 2.041800
N, 1940, 1.045800, 0.249000, 2.041800
N, 1941, 1.045800, 0.448200, 2.041800
N, 1942, 1.045800, 0.647400, 2.041800
N, 1943, 1.045800, 0.846600, 2.041800
N, 1944, 1.045800, 1.045800, 2.041800
N, 1945, 1.045800, 1.245000, 2.041800
N, 1946, 1.045800, 1.444200, 2.041800
N, 1947, 1.045800, 1.643400, 2.041800
N, 1948, 1.045800, 1.842600, 2.041800
N, 1949, 1.045800, 2.041800, 2.041800
N, 1950, 1.045800, 2.241000, 2.041800
N, 1951, 1.245000, -0.149400, 2.041800
N, 1952, 1.245000, 0.049800, 2.041800
N, 1953, 1.245000, 0.249000, 2.041800
N, 1954, 1.245000, 0.448200, 2.041800
N, 1955, 1.245000, 0.647400, 2.041800
N, 1956, 1.245000, 0.846600, 2.041800
N, 1957, 1.245000, 1.045800, 2.041800
N, 1958, 1.245000, 1.245000, 2.041800
N, 1959, 1.245000, 1.444200, 2.041800
N, 1960, 1.245000, 1.643400, 2.041800
N, 1961, 1.245000, 1.842600, 2.041800
N, 1962, 1.245000, 2.041800, 2.041800
N, 1963, 1.245000, 2.241000, 2.041800
N, 1964, 1.444200, -0.149400, 2.041800
N, 1965, 1.444200, 0.049800, 2.041800
N, 1966, 1.444200, 0.249000, 2.041800
N, 1967, 1.444200, 0.448200, 2.041800
N, 1968, 1.444200, 0.647400, 2.041800
N, 1969, 1.444200, 0.846600, 2.041800
N, 1970, 1.444200, 1.045800, 2.041800
N, 1971, 1.444200, 1.245000, 2.041800
N, 1972, 1.444200, 1.444200, 2.041800
N, 1973, 1.444200, 1.643400, 2.041800
N, 1974, 1.444200, 1.842600, 2.041800
N, 1975, 1.444200, 2.041800, 2.041800
N, 1976, 1.444200, 2.241000, 2.041800
N, 1977, 1.643400, -0.149400, 2.041800
N, 1978, 1.643400, 0.049800, 2.041800
N, 1979, 1.643400, 0.249000, 2.041800
N, 1980, 1.643400, 0.448200, 2.041800
N, 1981, 1.643400, 0.647400, 2.041800
N, 1982, 1.643400, 0.846600, 2.041800
N, 1983, 1.643400, 1.045800, 2.041800
N, 1984, 1.643400, 1.245000, 2.041800
N, 1985, 1.643400, 1.444200, 2.041800
N, 1986, 1.643400, 1.643400, 2.041800
N, 1987, 1.643400, 1.842600, 2.041800
N, 1988, 1.643400, 2.041800, 2.041800
N, 1989, 1.643400, 2.241000, 2.041800
N, 1990, 1.842600, -0.149400, 2.041800
N, 1991, 1.842600, 0.049800, 2.041800
N, 1992, 1.842600, 0.249000, 2.041800
N, 1993, 1.842600, 0.448200, 2.041800
N, 1994, 1.842600, 0.647400, 2.041800
N, 1995, 1.842600, 0.846600, 2.041800
N, 1996, 1.842600, 1.045800, 2.041800
N, 1997, 1.842600, 1.245000, 2.041800
N, 1998, 1.842600, 1.444200, 2.041800
N, 1999, 1.842600, 1.643400, 2.041800
N, 2000, 1.842600, 1.842600, 2.041800
N, 2001, 1.842600, 2.041800, 2.041800
N, 2002, 1.842600, 2.241000, 2.041800
N, 2003, 2.041800, -0.149400, 2.041800
N, 2004, 2.041800, 0.049800, 2.041800
N, 2005, 2.041800, 0.249000, 2.041800
N, 2006, 2.041800, 0.448200, 2.041800
N, 2007, 2.041800, 0.647400, 2.041800
N, 2008, 2.041800, 0.846600, 2.041800
N, 2009, 2.041800, 1.045800, 2.041800
N, 2010, 2.041800, 1.245000, 2.041800
N, 2011, 2.041800, 1.444200, 2.041800
N, 2012, 2.041800, 1.643400, 2.041800
N, 2013, 2.041800, 1.842600, 2.041800
N, 2014, 2.041800, 2.041800, 2.041800
N, 2015, 2.041800, 2.241000, 2.041800
N, 2016, 2.241000, -0.149400, 2.041800
N, 2017, 2.241000, 0.049800, 2.041800
N, 2018, 2.241000, 0.249000, 2.041800
N, 2019, 2.241000, 0.448200, 2.041800
N, 2020, 2.241000, 0.647400, 2.041800
N, 2021, 2.241000, 0.846600, 2.041800
N, 2022, 2.241000, 1.045800, 2.041800
N, 2023, 2.241000, 1.245000, 2.041800
N, 2024, 2.241000, 1.444200, 2.041800
N, 2025, 2.241000, 1.643400, 2.041800
N, 2026, 2.241000, 1.842600, 2.041800
N, 2027, 2.241000, 2.041800, 2.041800
N, 2028, 2.241000, 2.241000, 2.041800
N, 2029, -0.149400, -0.149400, 2.241000
N, 2030, -0.149400, 0.049800, 2.241000
N, 2031, -0.149400, 0.249000, 2.241000
N, 2032, -0.149400, 0.448200, 2.241000
N, 2033, -0.149400, 0.647400, 2.241000
N, 2034, -0.149400, 0.846600, 2.241000
N, 2035, -0.149400, 1.045800, 2.241000
N, 2036, -0.149400, 1.245000, 2.241000
N, 2037, -0.149400, 1.444200, 2.241000
N, 2038, -0.149400, 1.643400, 2.241000
N, 2039, -0.149400, 1.842600, 2.241000
N, 2040, -0.149400, 2.041800, 2.241000
N, 2041, -0.149400, 2.241000, 2.241000
N, 2042, 0.049800, -0.149400, 2.241000
N, 2043, 0.049800, 0.049800, 2.241000
N, 2044, 0.049800, 0.249000, 2.241000
N, 2045, 0.049800, 0.448200, 2.241000
N, 2046, 0.049800, 0.647400, 2.241000
N, 2047, 0.049800, 0.846600, 2.241000
N, 2048, 0.049800, 1.045800, 2.241000
N, 2049, 0.049800, 1.245000, 2.241000
N, 2050, 0.049800, 1.444200, 2.241000
N, 2051, 0.049800, 1.643400, 2.241000
N, 2052, 0.049800, 1.842600, 2.241000
N, 2053, 0.049800, 2.041800, 2.241000
N, 2054, 0.049800, 2.241000, 2.241000
N, 2055, 0.249000, -0.149400, 2.241000
N, 2056, 0.249000, 0.049800, 2.241000
N, 2057, 0.249000, 0.249000, 2.241000
N, 2058, 0.249000, 0.448200, 2.241000
N, 2059, 0.249000, 0.647400, 2.241000
N, 2060, 0.249000, 0.846600, 2.241000
N, 2061, 0.249000, 1.045800, 2.241000
N, 2062, 0.249000, 1.245000, 2.241000
N, 2063, 0.249000, 1.444200, 2.241000
N, 2064, 0.249000, 1.643400, 2.241000
N, 2065, 0.249000, 1.842600, 2.241000
N, 2066, 0.249000, 2.041800, 2.241000
N, 2067, 0.249000, 2.241000, 2.241000
N, 2068, 0.448200, -0.149400, 2.241000
N, 2069, 0.448200, 0.049800, 2.241000
N, 2070, 0.448200, 0.249000, 2.241000
N, 2071, 0.448200, 0.448200, 2.241000
N, 2072, 0.448200, 0.647400, 2.241000
N, 2073, 0.448200, 0.846600, 2.241000
N, 2074, 0.448200, 1.045800, 2.241000
N, 2075, 0.448200, 1.245000, 2.241000
N, 2076, 0.448200, 1.444200, 2.241000
N, 2077, 0.448200, 1.643400, 2.241000
N, 2078, 0.448200, 1.842600, 2.241000
N, 2079, 0.448200, 2.041800, 2.241000
N, 2080, 0.448200, 2.241000, 2.241000
N, 2081, 0.647400, -0.149400, 2.241000
N, 2082, 0.647400, 0.049800, 2.241000
N, 2083, 0.647400, 0.249000, 2.241000
N, 2084, 0.647400, 0.448200, 2.241000
N, 2085, 0.647400, 0.647400, 2.241000
N, 2086, 0.647400, 0.846600, 2.241000
N, 2087, 0.647400, 1.045800, 2.241000
N, 2088, 0.647400, 1.245000, 2.241000
N, 2089, 0.647400, 1.444200, 2.241000
N, 2090, 0.647400, 1.643400, 2.241000
N, 2091, 0.647400, 1.842600, 2.241000
N, 2092, 0.647400, 2.041800, 2.241000
N, 2093, 0.647400, 2.241000, 2.241000
N, 2094, 0.846600, -0.149400, 2.241000
N, 2095, 0.846600, 0.049800, 2.241000
N, 2096, 0.846600, 0.249000, 2.241000
N, 2097, 0.846600, 0.448200, 2.241000
N, 2098, 0.846600, 0.647400, 2.241000
N, 2099, 0.846600, 0.846600, 2.241000
N, 2100, 0.846600, 1.045800, 2.241000
N, 2101, 0.846600, 1.245000, 2.241000
N, 2102, 0.846600, 1.444200, 2.241000
N, 2103, 0.846600, 1.643400, 2.241000
N, 2104, 0.846600, 1.842600, 2.241000
N, 2105, 0.846600, 2.041800, 2.241000
N, 2106, 0.846600, 2.241000, 2.241000
N, 2107, 1.045800, -0.149400, 2.241000
N, 2108, 1.045800, 0.049800, 2.241000
N, 2109, 1.045800, 0.249000, 2.241000
N, 2110, 1.045800, 0.448200, 2.241000
N, 2111, 1.045800, 0.647400, 2.241000
N, 2112, 1.045800, 0.846600, 2.241000
N, 2113, 1.045800, 1.045800, 2.241000
N, 2114, 1.045800, 1.245000, 2.241000
N, 2115, 1.045800, 1.444200, 2.241000
N, 2116, 1.045800, 1.643400, 2.241000
N, 2117, 1.045800, 1.842600, 2.241000
N, 2118, 1.045800, 2.041800, 2.241000
N, 2119, 1.045800, 2.241000, 2.241000
N, 2120, 1.245000, -0.149400, 2.241000
N, 2121, 1.245000, 0.049800, 2.241000
N, 2122, 1.245000, 0.249000, 2.241000
N, 2123, 1.245000, 0.448200, 2.241000
N, 2124, 1.245000, 0.647400, 2.241000
N, 2125, 1.245000, 0.846600, 2.241000
N, 2126, 1.245000, 1.045800, 2.241000
N, 2127, 1.245000, 1.245000, 2.241000
N, 2128, 1.245000, 1.444200, 2.241000
N, 2129, 1.245000, 1.643400, 2.241000
N, 2130, 1.245000, 1.842600, 2.241000
N, 2131, 1.245000, 2.041800, 2.241000
N, 2132, 1.245000, 2.241000, 2.241000
N, 2133, 1.444200, -0.149400, 2.241000
N, 2134, 1.444200, 0.049800, 2.241000
N, 2135, 1.444200, 0.249000, 2.241000
N, 2136, 1.444200, 0.448200, 2.241000
N, 2137, 1.444200, 0.647400, 2.241000
N, 2138, 1.444200, 0.846600, 2.241000
N, 2139, 1.444200, 1.045800, 2.241000
N, 2140, 1.444200, 1.245000, 2.241000
N, 2141, 1.444200, 1.444200, 2.241000
N, 2142, 1.444200, 1.643400, 2.241000
N, 2143, 1.444200, 1.842600, 2.241000
N, 2144, 1.444200, 2.041800, 2.241000
N, 2145, 1.444200, 2.241000, 2.241000
N, 2146, 1.643400, -0.149400, 2.241000
N, 2147, 1.643400, 0.049800, 2.241000
N, 2148, 1.643400, 0.249000, 2.241000
N, 2149, 1.643400, 0.448200, 2.241000
N, 2150, 1.643400, 0.647400, 2.241000
N, 2151, 1.643400, 0.846600, 2.241000
N, 2152, 1.643400, 1.045800, 2.241000
N, 2153, 1.643400, 1.245000, 2.241000
N, 2154, 1.643400, 1.444200, 2.241000
N, 2155, 1.643400, 1.643400, 2.241000
N, 2156, 1.643400, 1.842600, 2.241000
N, 2157, 1.643400, 2.041800, 2.241000
N, 2158, 1.643400, 2.241000, 2.241000
N, 2159, 1.842600, -0.149400, 2.241000
N, 2160, 1.842600, 0.049800, 2.241000
N, 2161, 1.842600, 0.249000, 2.241000
N, 2162, 1.842600, 0.448200, 2.241000
N, 2163, 1.842600, 0.647400, 2.241000
N, 2164, 1.842600, 0.846600, 2.241000
N, 2165, 1.842600, 1.045800, 2.241000
N, 2166, 1.842600, 1.245000, 2.241000
N, 2167, 1.842600, 1.444200, 2.241000
N, 2168, 1.842600, 1.643400, 2.241000
N, 2169, 1.842600, 1.842600, 2.241000
N, 2170, 1.842600, 2.041800, 2.241000
N, 2171, 1.842600, 2.241000, 2.241000
N, 2172, 2.041800, -0.149400, 2.241000
N, 2173, 2.041800, 0.049800, 2.241000
N, 2174, 2.041800, 0.249000, 2.241000
N, 2175, 2.041800, 0.448200, 2.241000
N, 2176, 2.041800, 0.647400, 2.241000
N, 2177, 2.041800, 0.846600, 2.241000
N, 2178, 2.041800, 1.045800, 2.241000
N, 2179, 2.041800, 1.245000, 2.241000
N, 2180, 2.041800, 1.444200, 2.241000
N, 2181, 2.041800, 1.643400, 2.241000
N, 2182, 2.041800, 1.842600, 2.241000
N, 2183, 2.041800, 2.041800, 2.241000
N, 2184, 2.041800, 2.241000, 2.241000
N, 2185, 2.241000, -0.149400, 2.241000
N, 2186, 2.241000, 0.049800, 2.241000
N, 2187, 2.241000, 0.249000, 2.241000
N, 2188, 2.241000, 0.448200, 2.241000
N, 2189, 2.241000, 0.647400, 2.241000
N, 2190, 2.241000, 0.846600, 2.241000
N, 2191, 2.241000, 1.045800, 2.241000
N, 2192, 2.241000, 1.245000, 2.241000
N, 2193, 2.241000, 1.444200, 2.241000
N, 2194, 2.241000, 1.643400, 2.241000
N, 2195, 2.241000, 1.842600, 2.241000
N, 2196, 2.241000, 2.041800, 2.241000
N, 2197, 2.241000, 2.241000, 2.241000
